Timestamp,Player_ID_1,Player_ID_2
2022-05-13 16:05:04,MGB,MWB
2022-05-13 16:05:05,MGB,MWB
2022-05-13 16:05:06,MGB,MWB
2022-05-13 16:05:07,MGB,MWB
2022-05-13 16:05:07,LL,MTP
2022-05-13 16:05:08,MGB,MWB
2022-05-13 16:05:08,LL,MTP
2022-05-13 16:05:09,LL,MTP
2022-05-13 16:05:09,MGB,MWB
2022-05-13 16:05:10,LL,MTP
2022-05-13 16:05:10,MGB,MWB
2022-05-13 16:05:11,LL,MTP
2022-05-13 16:05:11,MGB,MWB
2022-05-13 16:05:12,LL,MTP
2022-05-13 16:05:12,MGB,MWB
2022-05-13 16:05:13,MGB,MWB
2022-05-13 16:05:13,LL,MTP
2022-05-13 16:05:14,LL,MTP
2022-05-13 16:05:14,MGB,MWB
2022-05-13 16:05:15,LL,MTP
2022-05-13 16:05:15,MGB,MWB
2022-05-13 16:05:16,LL,MTP
2022-05-13 16:05:16,MGB,MWB
2022-05-13 16:05:17,LL,MTP
2022-05-13 16:05:17,MGB,MWB
2022-05-13 16:05:18,MGB,MWB
2022-05-13 16:05:18,LL,MTP
2022-05-13 16:05:19,LL,MTP
2022-05-13 16:05:19,MGB,MWB
2022-05-13 16:05:20,MGB,MWB
2022-05-13 16:05:21,MGB,MWB
2022-05-13 16:05:22,MGB,MWB
2022-05-13 16:05:23,MGB,MWB
2022-05-13 16:05:24,MGB,MWB
2022-05-13 16:05:25,MGB,MWB
2022-05-13 16:05:26,MGB,MWB
2022-05-13 16:05:27,MGB,MWB
2022-05-13 16:05:28,MGB,MWB
2022-05-13 16:05:28,LL,MTP
2022-05-13 16:05:29,LL,MTP
2022-05-13 16:05:29,MGB,MWB
2022-05-13 16:05:30,LL,MTP
2022-05-13 16:05:30,MGB,MWB
2022-05-13 16:05:31,LL,MTP
2022-05-13 16:05:31,MGB,MWB
2022-05-13 16:05:32,LL,MTP
2022-05-13 16:05:32,MGB,MWB
2022-05-13 16:05:33,MGB,MWB
2022-05-13 16:05:33,LL,MTP
2022-05-13 16:05:34,LL,MTP
2022-05-13 16:05:34,MGB,MWB
2022-05-13 16:05:35,MGB,MWB
2022-05-13 16:05:35,LL,MTP
2022-05-13 16:05:36,MGB,MWB
2022-05-13 16:05:36,LL,MTP
2022-05-13 16:05:37,MGB,MWB
2022-05-13 16:05:37,LL,MTP
2022-05-13 16:05:38,MGB,MWB
2022-05-13 16:05:38,LL,MTP
2022-05-13 16:05:39,LL,MTP
2022-05-13 16:05:39,MGB,MWB
2022-05-13 16:05:40,MGB,MWB
2022-05-13 16:05:40,LL,MTP
2022-05-13 16:05:41,MGB,MWB
2022-05-13 16:05:41,LL,MTP
2022-05-13 16:05:42,MGB,MWB
2022-05-13 16:05:42,LL,MTP
2022-05-13 16:05:43,MGB,MWB
2022-05-13 16:05:43,LL,MTP
2022-05-13 16:05:44,MGB,MWB
2022-05-13 16:05:44,LL,MTP
2022-05-13 16:05:45,MGB,MWB
2022-05-13 16:05:45,LL,MTP
2022-05-13 16:05:46,MGB,MWB
2022-05-13 16:05:46,LL,MTP
2022-05-13 16:05:47,LL,MTP
2022-05-13 16:05:47,MGB,MWB
2022-05-13 16:05:48,MGB,MWB
2022-05-13 16:05:48,LL,MTP
2022-05-13 16:05:49,MGB,MWB
2022-05-13 16:05:49,LL,MTP
2022-05-13 16:05:50,LL,MTP
2022-05-13 16:05:50,MGB,MWB
2022-05-13 16:05:51,MGB,MWB
2022-05-13 16:05:51,LL,MTP
2022-05-13 16:05:52,MGB,MWB
2022-05-13 16:05:52,LL,MTP
2022-05-13 16:05:53,MGB,MWB
2022-05-13 16:05:53,LL,MTP
2022-05-13 16:05:54,MGB,MWB
2022-05-13 16:05:54,LL,MTP
2022-05-13 16:05:55,MGB,MWB
2022-05-13 16:05:55,LL,MTP
2022-05-13 16:05:56,LL,MTP
2022-05-13 16:05:56,MGB,MWB
2022-05-13 16:05:57,MGB,MWB
2022-05-13 16:05:57,LL,MTP
2022-05-13 16:05:58,MGB,MWB
2022-05-13 16:05:58,LL,MTP
2022-05-13 16:05:59,LL,MTP
2022-05-13 16:05:59,MGB,MWB
2022-05-13 16:06:00,MGB,MWB
2022-05-13 16:06:00,LL,MTP
2022-05-13 16:06:01,MGB,MWB
2022-05-13 16:06:01,LL,MTP
2022-05-13 16:06:02,MGB,MWB
2022-05-13 16:06:02,LL,MTP
2022-05-13 16:06:03,LL,MTP
2022-05-13 16:06:03,MGB,MWB
2022-05-13 16:06:04,LL,MTP
2022-05-13 16:06:04,MGB,MWB
2022-05-13 16:06:05,LL,MTP
2022-05-13 16:06:05,MGB,MWB
2022-05-13 16:06:06,LL,MTP
2022-05-13 16:06:06,MGB,MWB
2022-05-13 16:06:07,MGB,MWB
2022-05-13 16:06:07,LL,MTP
2022-05-13 16:06:08,LL,MTP
2022-05-13 16:06:08,MGB,MWB
2022-05-13 16:06:09,LL,MTP
2022-05-13 16:06:09,MGB,MWB
2022-05-13 16:06:10,LL,MTP
2022-05-13 16:06:10,MGB,MWB
2022-05-13 16:06:11,LL,MTP
2022-05-13 16:06:11,MGB,MWB
2022-05-13 16:06:12,LL,MTP
2022-05-13 16:06:12,MGB,MWB
2022-05-13 16:06:13,MGB,MWB
2022-05-13 16:06:13,LL,MTP
2022-05-13 16:06:14,MGB,MWB
2022-05-13 16:06:14,LL,MTP
2022-05-13 16:06:15,MGB,MWB
2022-05-13 16:06:15,LL,MTP
2022-05-13 16:06:16,MGB,MWB
2022-05-13 16:06:16,LL,MTP
2022-05-13 16:06:17,LL,MTP
2022-05-13 16:06:17,MGB,MWB
2022-05-13 16:06:18,MGB,MWB
2022-05-13 16:06:18,LL,MTP
2022-05-13 16:06:19,MGB,MWB
2022-05-13 16:06:19,LL,MTP
2022-05-13 16:06:20,MGB,MWB
2022-05-13 16:06:20,LL,MTP
2022-05-13 16:06:21,LL,MTP
2022-05-13 16:06:21,MGB,MWB
2022-05-13 16:06:22,LL,MTP
2022-05-13 16:06:22,MGB,MWB
2022-05-13 16:06:23,LL,MTP
2022-05-13 16:06:23,MGB,MWB
2022-05-13 16:06:24,LL,MTP
2022-05-13 16:06:24,MGB,MWB
2022-05-13 16:06:25,MGB,MWB
2022-05-13 16:06:25,LL,MTP
2022-05-13 16:06:26,MGB,MWB
2022-05-13 16:06:26,LL,MTP
2022-05-13 16:06:27,MGB,MWB
2022-05-13 16:06:27,LL,MTP
2022-05-13 16:06:28,LL,MTP
2022-05-13 16:06:28,MGB,MWB
2022-05-13 16:06:29,LL,MTP
2022-05-13 16:06:29,MGB,MWB
2022-05-13 16:06:30,LL,MTP
2022-05-13 16:06:30,MGB,MWB
2022-05-13 16:06:31,LL,MTP
2022-05-13 16:06:31,MGB,MWB
2022-05-13 16:06:32,LL,MTP
2022-05-13 16:06:32,MGB,MWB
2022-05-13 16:06:33,LL,MTP
2022-05-13 16:06:33,MGB,MWB
2022-05-13 16:06:34,LL,MTP
2022-05-13 16:06:35,LL,MTP
2022-05-13 16:06:36,LL,MTP
2022-05-13 16:06:37,LL,MTP
2022-05-13 16:06:38,LL,MTP
2022-05-13 16:06:39,LL,MTP
2022-05-13 16:06:40,LL,MTP
2022-05-13 16:06:41,LL,MTP
2022-05-13 16:06:42,LL,MTP
2022-05-13 16:06:43,LL,MTP
2022-05-13 16:06:44,LL,MTP
2022-05-13 16:06:45,LL,MTP
2022-05-13 16:06:46,LL,MTP
2022-05-13 16:06:47,LL,MTP
2022-05-13 16:06:48,LL,MTP
2022-05-13 16:06:49,LL,MTP
2022-05-13 16:06:50,LL,MTP
2022-05-13 16:06:51,LL,MTP
2022-05-13 16:06:52,LL,MTP
2022-05-13 16:06:53,LL,MTP
2022-05-13 16:06:54,LL,MTP
2022-05-13 16:06:55,LL,MTP
2022-05-13 16:06:56,LL,MTP
2022-05-13 16:06:57,LL,MTP
2022-05-13 16:06:58,LL,MTP
2022-05-13 16:06:59,LL,MTP
2022-05-13 16:07:00,LL,MTP
2022-05-13 16:07:01,LL,MTP
2022-05-13 16:07:02,LL,MTP
2022-05-13 16:07:03,LL,MTP
2022-05-13 16:07:04,LL,MTP
2022-05-13 16:07:05,LL,MTP
2022-05-13 16:07:06,LL,MTP
2022-05-13 16:07:07,LL,MTP
2022-05-13 16:07:08,LL,MTP
2022-05-13 16:07:09,LL,MTP
2022-05-13 16:07:10,LL,MTP
2022-05-13 16:07:11,LL,MTP
2022-05-13 16:07:12,LL,MTP
2022-05-13 16:07:13,LL,MTP
2022-05-13 16:07:14,LL,MTP
2022-05-13 16:07:15,LL,MTP
2022-05-13 16:07:16,LL,MTP
2022-05-13 16:07:17,LL,MTP
2022-05-13 16:07:18,LL,MTP
2022-05-13 16:07:19,LL,MTP
2022-05-13 16:07:20,LL,MTP
2022-05-13 16:07:21,LL,MTP
2022-05-13 16:07:22,LL,MTP
2022-05-13 16:07:23,LL,MTP
2022-05-13 16:07:24,LL,MTP
2022-05-13 16:07:25,LL,MTP
2022-05-13 16:07:26,LL,MTP
2022-05-13 16:07:27,LL,MTP
2022-05-13 16:07:28,LL,MTP
2022-05-13 16:07:29,LL,MTP
2022-05-13 16:07:30,LL,MTP
2022-05-13 16:07:31,LL,MTP
2022-05-13 16:07:32,LL,MTP
2022-05-13 16:07:33,LL,MTP
2022-05-13 16:07:34,LL,MTP
2022-05-13 16:07:35,LL,MTP
2022-05-13 16:07:36,LL,MTP
2022-05-13 16:07:37,LL,MTP
2022-05-13 16:07:38,LL,MTP
2022-05-13 16:07:39,LL,MTP
2022-05-13 16:07:40,LL,MTP
2022-05-13 16:07:41,LL,MTP
2022-05-13 16:07:42,LL,MTP
2022-05-13 16:07:43,LL,MTP
2022-05-13 16:07:44,LL,MTP
2022-05-13 16:07:45,LL,MTP
2022-05-13 16:07:46,LL,MTP
2022-05-13 16:07:47,LL,MTP
2022-05-13 16:07:48,LL,MTP
2022-05-13 16:07:49,LL,MTP
2022-05-13 16:07:50,LL,MTP
2022-05-13 16:07:51,LL,MTP
2022-05-13 16:07:52,LL,MTP
2022-05-13 16:07:53,LL,MTP
2022-05-13 16:07:54,LL,MTP
2022-05-13 16:07:55,LL,MTP
2022-05-13 16:07:56,LL,MTP
2022-05-13 16:07:57,LL,MTP
2022-05-13 16:07:58,LL,MTP
2022-05-13 16:07:59,LL,MTP
2022-05-13 16:08:00,LL,MTP
2022-05-13 16:08:01,LL,MTP
2022-05-13 16:08:02,LL,MTP
2022-05-13 16:08:03,LL,MTP
2022-05-13 16:08:04,LL,MTP
2022-05-13 16:08:05,LL,MTP
2022-05-13 16:08:06,LL,MTP
2022-05-13 16:08:07,LL,MTP
2022-05-13 16:08:08,MTP,MWB
2022-05-13 16:08:08,LL,MTP
2022-05-13 16:08:09,MTP,MWB
2022-05-13 16:08:09,LL,MTP
2022-05-13 16:08:10,LL,MTP
2022-05-13 16:08:10,MTP,MWB
2022-05-13 16:08:11,MTP,MWB
2022-05-13 16:08:11,LL,MTP
2022-05-13 16:08:12,MTP,MWB
2022-05-13 16:08:12,LL,MTP
2022-05-13 16:08:13,MTP,MWB
2022-05-13 16:08:13,LL,MTP
2022-05-13 16:08:14,LL,MTP
2022-05-13 16:08:14,MTP,MWB
2022-05-13 16:08:15,LL,MTP
2022-05-13 16:08:15,MTP,MWB
2022-05-13 16:08:16,LL,MTP
2022-05-13 16:08:16,MTP,MWB
2022-05-13 16:08:17,LL,MTP
2022-05-13 16:08:17,MTP,MWB
2022-05-13 16:08:18,LL,MTP
2022-05-13 16:08:18,MTP,MWB
2022-05-13 16:08:19,LL,MTP
2022-05-13 16:08:19,MTP,MWB
2022-05-13 16:08:20,LL,MTP
2022-05-13 16:08:20,MTP,MWB
2022-05-13 16:08:21,MTP,MWB
2022-05-13 16:08:21,LL,MTP
2022-05-13 16:08:22,LL,MTP
2022-05-13 16:08:22,MTP,MWB
2022-05-13 16:08:23,LL,MTP
2022-05-13 16:08:23,LL,MWB
2022-05-13 16:08:23,MTP,MWB
2022-05-13 16:08:24,MTP,MWB
2022-05-13 16:08:24,LL,MTP
2022-05-13 16:08:24,LL,MWB
2022-05-13 16:08:25,MTP,MWB
2022-05-13 16:08:25,LL,MWB
2022-05-13 16:08:25,LL,MTP
2022-05-13 16:08:26,MTP,MWB
2022-05-13 16:08:26,LL,MWB
2022-05-13 16:08:26,LL,MTP
2022-05-13 16:08:27,MTP,MWB
2022-05-13 16:08:27,LL,MWB
2022-05-13 16:08:27,LL,MTP
2022-05-13 16:08:28,LL,MWB
2022-05-13 16:08:28,LL,MTP
2022-05-13 16:08:28,MTP,MWB
2022-05-13 16:08:29,LL,MWB
2022-05-13 16:08:29,LL,MTP
2022-05-13 16:08:29,MTP,MWB
2022-05-13 16:08:30,MTP,MWB
2022-05-13 16:08:30,LL,MTP
2022-05-13 16:08:31,MTP,MWB
2022-05-13 16:08:31,LL,MTP
2022-05-13 16:08:32,LL,MTP
2022-05-13 16:08:32,MTP,MWB
2022-05-13 16:08:33,MTP,MWB
2022-05-13 16:08:33,LL,MTP
2022-05-13 16:08:34,MTP,MWB
2022-05-13 16:08:34,LL,MTP
2022-05-13 16:08:35,MTP,MWB
2022-05-13 16:08:35,LL,MTP
2022-05-13 16:08:36,LL,MTP
2022-05-13 16:08:36,MTP,MWB
2022-05-13 16:08:37,MTP,MWB
2022-05-13 16:08:37,LL,MTP
2022-05-13 16:08:38,MTP,MWB
2022-05-13 16:08:38,LL,MTP
2022-05-13 16:08:39,MTP,MWB
2022-05-13 16:08:39,LL,MTP
2022-05-13 16:08:40,MTP,MWB
2022-05-13 16:08:40,LL,MTP
2022-05-13 16:08:41,MTP,MWB
2022-05-13 16:08:41,LL,MTP
2022-05-13 16:08:42,MTP,MWB
2022-05-13 16:08:42,LL,MTP
2022-05-13 16:08:43,MTP,MWB
2022-05-13 16:08:43,LL,MTP
2022-05-13 16:08:44,MTP,MWB
2022-05-13 16:08:44,LL,MTP
2022-05-13 16:08:45,MTP,MWB
2022-05-13 16:08:45,LL,MTP
2022-05-13 16:08:46,MTP,MWB
2022-05-13 16:08:46,LL,MTP
2022-05-13 16:08:47,MTP,MWB
2022-05-13 16:08:47,LL,MTP
2022-05-13 16:08:48,LL,MTP
2022-05-13 16:08:48,MTP,MWB
2022-05-13 16:08:49,MTP,MWB
2022-05-13 16:08:49,LL,MTP
2022-05-13 16:08:50,LL,MTP
2022-05-13 16:08:50,MTP,MWB
2022-05-13 16:08:51,LL,MTP
2022-05-13 16:08:51,MTP,MWB
2022-05-13 16:13:01,IG,MWB
2022-05-13 16:13:02,IG,MWB
2022-05-13 16:13:03,IG,MWB
2022-05-13 16:13:04,IG,MWB
2022-05-13 16:14:14,IG,LL
2022-05-13 16:14:15,IG,LL
2022-05-13 16:14:16,IG,LL
2022-05-13 16:14:17,IG,LL
2022-05-13 16:14:18,IG,LL
2022-05-13 16:14:19,IG,LL
2022-05-13 16:14:20,IG,LL
2022-05-13 16:14:21,IG,LL
2022-05-13 16:14:22,IG,LL
2022-05-13 16:14:23,IG,LL
2022-05-13 16:14:24,IG,LL
2022-05-13 16:14:25,IG,LL
2022-05-13 16:14:26,IG,LL
2022-05-13 16:14:27,IG,LL
2022-05-13 16:14:28,IG,LL
2022-05-13 16:14:29,IG,LL
2022-05-13 16:14:30,IG,LL
2022-05-13 16:14:31,IG,LL
2022-05-13 16:14:32,IG,LL
2022-05-13 16:14:33,IG,LL
2022-05-13 16:14:34,IG,LL
2022-05-13 16:14:35,IG,LL
2022-05-13 16:14:36,IG,LL
2022-05-13 16:14:37,IG,LL
2022-05-13 16:14:38,IG,LL
2022-05-13 16:14:39,IG,LL
2022-05-13 16:14:40,IG,LL
2022-05-13 16:14:41,IG,LL
2022-05-13 16:14:42,IG,LL
2022-05-13 16:14:43,IG,LL
2022-05-13 16:14:44,IG,LL
2022-05-13 16:14:45,IG,LL
2022-05-13 16:14:46,IG,LL
2022-05-13 16:14:47,IG,LL
2022-05-13 16:14:48,IG,LL
2022-05-13 16:14:49,IG,LL
2022-05-13 16:14:50,IG,LL
2022-05-13 16:14:51,IG,LL
2022-05-13 16:14:52,IG,LL
2022-05-13 16:14:53,IG,LL
2022-05-13 16:14:54,IG,LL
2022-05-13 16:14:55,IG,LL
2022-05-13 16:14:56,IG,LL
2022-05-13 16:14:57,IG,LL
2022-05-13 16:14:58,IG,LL
2022-05-13 16:14:59,IG,LL
2022-05-13 16:15:00,IG,LL
2022-05-13 16:15:01,IG,LL
2022-05-13 16:15:02,IG,LL
2022-05-13 16:15:03,IG,LL
2022-05-13 16:15:04,IG,LL
2022-05-13 16:15:05,IG,LL
2022-05-13 16:15:06,IG,LL
2022-05-13 16:15:07,IG,LL
2022-05-13 16:15:08,IG,LL
2022-05-13 16:15:09,IG,LL
2022-05-13 16:15:10,IG,LL
2022-05-13 16:15:11,IG,LL
2022-05-13 16:15:12,IG,LL
2022-05-13 16:15:13,IG,LL
2022-05-13 16:15:14,IG,LL
2022-05-13 16:15:15,IG,LL
2022-05-13 16:15:16,IG,LL
2022-05-13 16:15:17,IG,LL
2022-05-13 16:15:18,IG,LL
2022-05-13 16:15:18,MGB,MWB
2022-05-13 16:15:19,IG,LL
2022-05-13 16:15:19,MGB,MWB
2022-05-13 16:15:20,MGB,MWB
2022-05-13 16:15:20,IG,LL
2022-05-13 16:15:21,MGB,MWB
2022-05-13 16:15:21,IG,LL
2022-05-13 16:15:22,IG,LL
2022-05-13 16:15:22,MGB,MWB
2022-05-13 16:15:23,IG,LL
2022-05-13 16:15:23,MGB,MWB
2022-05-13 16:15:24,MGB,MWB
2022-05-13 16:15:24,IG,LL
2022-05-13 16:15:25,MGB,MWB
2022-05-13 16:15:25,IG,LL
2022-05-13 16:15:26,IG,LL
2022-05-13 16:15:26,MGB,MWB
2022-05-13 16:15:27,MGB,MWB
2022-05-13 16:15:27,IG,LL
2022-05-13 16:15:28,IG,LL
2022-05-13 16:15:28,MGB,MWB
2022-05-13 16:15:29,MGB,MWB
2022-05-13 16:15:29,IG,LL
2022-05-13 16:15:30,IG,LL
2022-05-13 16:15:30,MGB,MWB
2022-05-13 16:15:31,MGB,MWB
2022-05-13 16:15:31,IG,LL
2022-05-13 16:15:32,IG,LL
2022-05-13 16:15:32,MGB,MWB
2022-05-13 16:15:33,IG,LL
2022-05-13 16:15:33,MGB,MWB
2022-05-13 16:15:34,MGB,MWB
2022-05-13 16:15:34,IG,LL
2022-05-13 16:15:35,MGB,MWB
2022-05-13 16:15:35,IG,LL
2022-05-13 16:15:36,MGB,MWB
2022-05-13 16:15:36,IG,LL
2022-05-13 16:15:37,IG,LL
2022-05-13 16:15:37,MGB,MWB
2022-05-13 16:15:38,MGB,MWB
2022-05-13 16:15:38,IG,LL
2022-05-13 16:15:39,IG,LL
2022-05-13 16:15:39,MGB,MWB
2022-05-13 16:15:40,MGB,MWB
2022-05-13 16:15:40,IG,LL
2022-05-13 16:15:41,MGB,MWB
2022-05-13 16:15:41,IG,LL
2022-05-13 16:15:42,MGB,MWB
2022-05-13 16:15:42,IG,LL
2022-05-13 16:15:43,MGB,MWB
2022-05-13 16:15:44,MGB,MWB
2022-05-13 16:15:45,MGB,MWB
2022-05-13 16:15:46,MGB,MWB
2022-05-13 16:15:47,MGB,MWB
2022-05-13 16:15:48,MGB,MWB
2022-05-13 16:15:49,MGB,MWB
2022-05-13 16:15:50,MGB,MWB
2022-05-13 16:15:51,MGB,MWB
2022-05-13 16:15:52,MGB,MWB
2022-05-13 16:15:53,MGB,MWB
2022-05-13 16:15:53,IG,LL
2022-05-13 16:15:54,MGB,MWB
2022-05-13 16:15:54,IG,LL
2022-05-13 16:15:55,IG,LL
2022-05-13 16:15:55,MGB,MWB
2022-05-13 16:15:56,IG,LL
2022-05-13 16:15:56,MGB,MWB
2022-05-13 16:15:57,IG,LL
2022-05-13 16:15:57,MGB,MWB
2022-05-13 16:15:58,MGB,MWB
2022-05-13 16:15:58,IG,LL
2022-05-13 16:15:59,MGB,MWB
2022-05-13 16:15:59,IG,LL
2022-05-13 16:16:00,MGB,MWB
2022-05-13 16:16:00,IG,LL
2022-05-13 16:16:01,IG,LL
2022-05-13 16:16:01,MGB,MWB
2022-05-13 16:16:02,MGB,MWB
2022-05-13 16:16:02,IG,LL
2022-05-13 16:16:03,IG,LL
2022-05-13 16:16:03,MGB,MWB
2022-05-13 16:16:04,IG,LL
2022-05-13 16:16:04,MGB,MWB
2022-05-13 16:16:05,IG,LL
2022-05-13 16:16:05,MGB,MWB
2022-05-13 16:16:06,IG,LL
2022-05-13 16:16:06,LL,MWB
2022-05-13 16:16:06,MGB,MWB
2022-05-13 16:16:06,IG,MWB
2022-05-13 16:16:07,MGB,MWB
2022-05-13 16:16:07,LL,MWB
2022-05-13 16:16:07,IG,MWB
2022-05-13 16:16:07,IG,LL
2022-05-13 16:16:08,IG,MWB
2022-05-13 16:16:08,LL,MWB
2022-05-13 16:16:08,MGB,MWB
2022-05-13 16:16:08,IG,LL
2022-05-13 16:16:09,MGB,MWB
2022-05-13 16:16:09,LL,MWB
2022-05-13 16:16:09,IG,MWB
2022-05-13 16:16:09,IG,LL
2022-05-13 16:16:10,IG,LL
2022-05-13 16:16:10,LL,MWB
2022-05-13 16:16:10,MGB,MWB
2022-05-13 16:16:10,IG,MWB
2022-05-13 16:16:11,IG,MWB
2022-05-13 16:16:11,LL,MWB
2022-05-13 16:16:11,IG,LL
2022-05-13 16:16:11,MGB,MWB
2022-05-13 16:16:12,IG,LL
2022-05-13 16:16:12,IG,MWB
2022-05-13 16:16:12,LL,MWB
2022-05-13 16:16:12,MGB,MWB
2022-05-13 16:16:13,MGB,MWB
2022-05-13 16:16:13,LL,MWB
2022-05-13 16:16:13,IG,MWB
2022-05-13 16:16:13,IG,LL
2022-05-13 16:16:14,LL,MWB
2022-05-13 16:16:14,IG,LL
2022-05-13 16:16:14,IG,MWB
2022-05-13 16:16:14,MGB,MWB
2022-05-13 16:16:15,IG,MWB
2022-05-13 16:16:15,IG,LL
2022-05-13 16:16:15,LL,MWB
2022-05-13 16:16:15,MGB,MWB
2022-05-13 16:16:16,IG,MWB
2022-05-13 16:16:16,MGB,MWB
2022-05-13 16:16:16,LL,MWB
2022-05-13 16:16:16,IG,LL
2022-05-13 16:16:17,IG,MWB
2022-05-13 16:16:17,LL,MWB
2022-05-13 16:16:17,MGB,MWB
2022-05-13 16:16:18,IG,MWB
2022-05-13 16:16:18,LL,MWB
2022-05-13 16:16:18,MGB,MWB
2022-05-13 16:16:19,MGB,MWB
2022-05-13 16:16:19,LL,MWB
2022-05-13 16:16:19,IG,MWB
2022-05-13 16:16:20,LL,MWB
2022-05-13 16:16:20,IG,MWB
2022-05-13 16:16:20,MGB,MWB
2022-05-13 16:16:21,LL,MWB
2022-05-13 16:16:21,MGB,MWB
2022-05-13 16:16:21,IG,MWB
2022-05-13 16:16:22,LL,MWB
2022-05-13 16:16:22,MGB,MWB
2022-05-13 16:16:22,IG,MWB
2022-05-13 16:16:23,MGB,MWB
2022-05-13 16:16:23,LL,MWB
2022-05-13 16:16:23,IG,MWB
2022-05-13 16:16:24,MGB,MWB
2022-05-13 16:16:24,LL,MWB
2022-05-13 16:16:24,IG,MWB
2022-05-13 16:16:25,LL,MWB
2022-05-13 16:16:25,IG,MWB
2022-05-13 16:16:25,MGB,MWB
2022-05-13 16:16:26,LL,MWB
2022-05-13 16:16:26,MGB,MWB
2022-05-13 16:16:26,IG,MWB
2022-05-13 16:16:27,MGB,MWB
2022-05-13 16:16:27,IG,MWB
2022-05-13 16:16:27,LL,MWB
2022-05-13 16:16:28,IG,MWB
2022-05-13 16:16:28,MGB,MWB
2022-05-13 16:16:28,LL,MWB
2022-05-13 16:16:29,MGB,MWB
2022-05-13 16:16:29,LL,MWB
2022-05-13 16:16:29,IG,MWB
2022-05-13 16:16:30,MGB,MWB
2022-05-13 16:16:30,IG,MWB
2022-05-13 16:16:31,MGB,MWB
2022-05-13 16:16:31,IG,MWB
2022-05-13 16:16:32,MGB,MWB
2022-05-13 16:16:32,IG,MWB
2022-05-13 16:16:33,MGB,MWB
2022-05-13 16:16:33,IG,MWB
2022-05-13 16:16:34,IG,MWB
2022-05-13 16:16:34,MGB,MWB
2022-05-13 16:16:35,IG,MWB
2022-05-13 16:16:35,MGB,MWB
2022-05-13 16:16:36,IG,MWB
2022-05-13 16:16:36,MGB,MWB
2022-05-13 16:16:37,MGB,MWB
2022-05-13 16:16:37,IG,MWB
2022-05-13 16:16:38,IG,MWB
2022-05-13 16:16:38,MGB,MWB
2022-05-13 16:16:39,MGB,MWB
2022-05-13 16:16:39,LL,MWB
2022-05-13 16:16:39,IG,MWB
2022-05-13 16:16:40,MGB,MWB
2022-05-13 16:16:40,LL,MWB
2022-05-13 16:16:40,IG,MWB
2022-05-13 16:16:41,LL,MWB
2022-05-13 16:16:41,IG,MWB
2022-05-13 16:16:41,MGB,MWB
2022-05-13 16:16:42,IG,MWB
2022-05-13 16:16:42,MGB,MWB
2022-05-13 16:16:42,LL,MWB
2022-05-13 16:16:43,MGB,MWB
2022-05-13 16:16:43,IG,MWB
2022-05-13 16:16:43,LL,MWB
2022-05-13 16:16:44,MGB,MWB
2022-05-13 16:16:44,IG,MWB
2022-05-13 16:16:44,LL,MWB
2022-05-13 16:16:45,IG,MWB
2022-05-13 16:16:45,LL,MWB
2022-05-13 16:16:45,MGB,MWB
2022-05-13 16:16:46,MGB,MWB
2022-05-13 16:16:46,IG,MWB
2022-05-13 16:16:46,LL,MWB
2022-05-13 16:16:47,MGB,MWB
2022-05-13 16:16:47,IG,MWB
2022-05-13 16:16:47,LL,MWB
2022-05-13 16:16:48,IG,MWB
2022-05-13 16:16:48,MGB,MWB
2022-05-13 16:16:48,LL,MWB
2022-05-13 16:16:49,IG,MWB
2022-05-13 16:16:49,MGB,MWB
2022-05-13 16:16:49,LL,MWB
2022-05-13 16:16:50,IG,MWB
2022-05-13 16:16:50,MGB,MWB
2022-05-13 16:16:50,LL,MWB
2022-05-13 16:16:51,IG,MWB
2022-05-13 16:16:51,LL,MWB
2022-05-13 16:16:51,MGB,MWB
2022-05-13 16:16:52,IG,MWB
2022-05-13 16:16:52,LL,MWB
2022-05-13 16:16:52,MGB,MWB
2022-05-13 16:16:53,IG,MWB
2022-05-13 16:16:53,MGB,MWB
2022-05-13 16:16:53,LL,MWB
2022-05-13 16:16:54,MGB,MWB
2022-05-13 16:16:54,IG,MWB
2022-05-13 16:16:54,LL,MWB
2022-05-13 16:16:55,MGB,MWB
2022-05-13 16:16:55,LL,MWB
2022-05-13 16:16:56,LL,MWB
2022-05-13 16:16:56,MGB,MWB
2022-05-13 16:16:57,MGB,MWB
2022-05-13 16:16:57,LL,MWB
2022-05-13 16:16:58,MGB,MWB
2022-05-13 16:16:58,LL,MWB
2022-05-13 16:16:59,LL,MWB
2022-05-13 16:16:59,MGB,MWB
2022-05-13 16:17:00,MGB,MWB
2022-05-13 16:17:00,LL,MWB
2022-05-13 16:17:01,LL,MWB
2022-05-13 16:17:01,MGB,MWB
2022-05-13 16:17:02,MGB,MWB
2022-05-13 16:17:02,LL,MWB
2022-05-13 16:17:03,MGB,MWB
2022-05-13 16:17:03,LL,MWB
2022-05-13 16:17:04,LL,MWB
2022-05-13 16:17:04,MGB,MWB
2022-05-13 16:17:05,MGB,MWB
2022-05-13 16:17:05,LL,MWB
2022-05-13 16:17:06,LL,MWB
2022-05-13 16:17:06,MGB,MWB
2022-05-13 16:17:07,MGB,MWB
2022-05-13 16:17:07,LL,MWB
2022-05-13 16:17:08,MGB,MWB
2022-05-13 16:17:08,LL,MWB
2022-05-13 16:17:09,MGB,MWB
2022-05-13 16:17:09,LL,MWB
2022-05-13 16:17:10,MGB,MWB
2022-05-13 16:17:10,LL,MWB
2022-05-13 16:17:11,LL,MWB
2022-05-13 16:17:11,MGB,MWB
2022-05-13 16:17:12,LL,MWB
2022-05-13 16:17:12,MGB,MWB
2022-05-13 16:17:13,LL,MWB
2022-05-13 16:17:13,MGB,MWB
2022-05-13 16:17:14,MGB,MWB
2022-05-13 16:17:14,LL,MWB
2022-05-13 16:17:15,LL,MWB
2022-05-13 16:17:15,MGB,MWB
2022-05-13 16:17:16,MGB,MWB
2022-05-13 16:17:16,LL,MWB
2022-05-13 16:17:17,MGB,MWB
2022-05-13 16:17:17,LL,MWB
2022-05-13 16:17:18,MGB,MWB
2022-05-13 16:17:18,LL,MWB
2022-05-13 16:17:19,MGB,MWB
2022-05-13 16:17:19,LL,MGB
2022-05-13 16:17:19,LL,MWB
2022-05-13 16:17:20,LL,MWB
2022-05-13 16:17:20,LL,MGB
2022-05-13 16:17:20,MGB,MWB
2022-05-13 16:17:21,LL,MGB
2022-05-13 16:17:21,LL,MWB
2022-05-13 16:17:21,MGB,MWB
2022-05-13 16:17:22,LL,MWB
2022-05-13 16:17:22,MGB,MWB
2022-05-13 16:17:23,LL,MWB
2022-05-13 16:17:23,MGB,MWB
2022-05-13 16:17:24,LL,MWB
2022-05-13 16:17:24,MGB,MWB
2022-05-13 16:17:25,LL,MWB
2022-05-13 16:17:25,MGB,MWB
2022-05-13 16:17:26,MGB,MWB
2022-05-13 16:17:26,LL,MWB
2022-05-13 16:17:27,MGB,MWB
2022-05-13 16:17:27,LL,MWB
2022-05-13 16:17:28,MGB,MWB
2022-05-13 16:17:28,LL,MWB
2022-05-13 16:17:29,MGB,MWB
2022-05-13 16:17:29,LL,MWB
2022-05-13 16:17:30,MGB,MWB
2022-05-13 16:17:30,LL,MWB
2022-05-13 16:17:31,MGB,MWB
2022-05-13 16:17:31,LL,MWB
2022-05-13 16:17:32,MGB,MWB
2022-05-13 16:17:32,LL,MWB
2022-05-13 16:17:33,LL,MWB
2022-05-13 16:17:33,MGB,MWB
2022-05-13 16:17:34,MGB,MWB
2022-05-13 16:17:34,LL,MWB
2022-05-13 16:17:35,MGB,MWB
2022-05-13 16:17:35,LL,MWB
2022-05-13 16:17:36,MGB,MWB
2022-05-13 16:17:36,LL,MWB
2022-05-13 16:17:37,LL,MWB
2022-05-13 16:17:37,MGB,MWB
2022-05-13 16:17:38,LL,MWB
2022-05-13 16:17:38,MGB,MWB
2022-05-13 16:17:39,LL,MWB
2022-05-13 16:17:39,MGB,MWB
2022-05-13 16:17:40,LL,MWB
2022-05-13 16:17:40,MGB,MWB
2022-05-13 16:17:41,LL,MWB
2022-05-13 16:17:42,LL,MWB
2022-05-13 16:17:43,LL,MWB
2022-05-13 16:17:44,LL,MWB
2022-05-13 16:17:45,LL,MWB
2022-05-13 16:17:46,LL,MWB
2022-05-13 16:17:46,IG,MWB
2022-05-13 16:17:47,LL,MWB
2022-05-13 16:17:47,IG,MWB
2022-05-13 16:17:48,IG,MWB
2022-05-13 16:17:48,LL,MWB
2022-05-13 16:17:49,IG,MWB
2022-05-13 16:17:49,LL,MWB
2022-05-13 16:17:50,IG,MWB
2022-05-13 16:17:50,LL,MWB
2022-05-13 16:17:51,IG,MWB
2022-05-13 16:17:51,LL,MWB
2022-05-13 16:17:52,IG,MWB
2022-05-13 16:17:52,LL,MWB
2022-05-13 16:17:53,LL,MWB
2022-05-13 16:17:53,IG,MWB
2022-05-13 16:17:54,IG,MWB
2022-05-13 16:17:54,LL,MWB
2022-05-13 16:17:55,LL,MWB
2022-05-13 16:17:55,IG,MWB
2022-05-13 16:17:56,IG,MWB
2022-05-13 16:17:57,IG,MWB
2022-05-13 16:17:58,IG,MWB
2022-05-13 16:17:59,IG,MWB
2022-05-13 16:18:00,IG,MWB
2022-05-13 16:18:01,IG,MWB
2022-05-13 16:18:02,IG,MWB
2022-05-13 16:18:03,IG,MWB
2022-05-13 16:18:04,IG,MWB
2022-05-13 16:18:05,IG,MWB
2022-05-13 16:18:06,IG,MWB
2022-05-13 16:18:07,IG,MWB
2022-05-13 16:18:08,IG,MWB
2022-05-13 16:18:09,IG,MWB
2022-05-13 16:18:10,IG,MWB
2022-05-13 16:18:11,IG,MWB
2022-05-13 16:18:12,IG,MWB
2022-05-13 16:18:13,IG,MWB
2022-05-13 16:18:14,IG,MWB
2022-05-13 16:18:15,IG,MWB
2022-05-13 16:18:16,IG,MWB
2022-05-13 16:18:17,IG,MWB
2022-05-13 16:18:18,IG,MWB
2022-05-13 16:18:19,IG,MWB
2022-05-13 16:18:20,IG,MWB
2022-05-13 16:18:21,IG,MWB
2022-05-13 16:18:22,IG,MWB
2022-05-13 16:18:23,IG,MWB
2022-05-13 16:18:24,IG,MWB
2022-05-13 16:18:25,IG,MWB
2022-05-13 16:18:26,IG,MWB
2022-05-13 16:18:27,IG,MWB
2022-05-13 16:18:28,IG,MWB
2022-05-13 16:18:29,IG,MWB
2022-05-13 16:18:30,IG,MWB
2022-05-13 16:18:31,IG,MWB
2022-05-13 16:18:32,IG,MWB
2022-05-13 16:18:33,IG,MWB
2022-05-13 16:18:34,IG,MWB
2022-05-13 16:18:35,IG,MWB
2022-05-13 16:18:36,IG,MWB
2022-05-13 16:18:37,IG,MWB
2022-05-13 16:18:38,IG,MWB
2022-05-13 16:18:39,IG,MWB
2022-05-13 16:18:40,IG,MWB
2022-05-13 16:18:41,IG,MWB
2022-05-13 16:18:42,IG,MWB
2022-05-13 16:18:43,IG,MWB
2022-05-13 16:18:44,IG,MWB
2022-05-13 16:18:45,IG,MWB
2022-05-13 16:18:46,IG,MWB
2022-05-13 16:18:47,IG,MWB
2022-05-13 16:18:48,IG,MWB
2022-05-13 16:18:49,IG,MWB
2022-05-13 16:18:50,IG,MWB
2022-05-13 16:18:51,IG,MWB
2022-05-13 16:18:52,IG,MWB
2022-05-13 16:18:53,IG,MWB
2022-05-13 16:18:54,IG,MWB
2022-05-13 16:18:55,IG,MWB
2022-05-13 16:18:56,IG,MWB
2022-05-13 16:18:57,IG,MWB
2022-05-13 16:18:58,IG,MWB
2022-05-13 16:18:59,IG,MWB
2022-05-13 16:19:00,IG,MWB
2022-05-13 16:19:00,IG,PL
2022-05-13 16:19:01,IG,MWB
2022-05-13 16:19:01,IG,PL
2022-05-13 16:19:02,IG,MWB
2022-05-13 16:19:02,IG,PL
2022-05-13 16:19:03,IG,MWB
2022-05-13 16:19:03,IG,PL
2022-05-13 16:19:04,IG,MWB
2022-05-13 16:19:04,IG,PL
2022-05-13 16:19:05,IG,MWB
2022-05-13 16:19:05,IG,PL
2022-05-13 16:19:06,IG,MWB
2022-05-13 16:19:06,IG,PL
2022-05-13 16:19:07,IG,MWB
2022-05-13 16:19:07,IG,PL
2022-05-13 16:19:08,IG,MWB
2022-05-13 16:19:08,IG,PL
2022-05-13 16:19:09,IG,MWB
2022-05-13 16:19:09,IG,PL
2022-05-13 16:19:10,IG,MWB
2022-05-13 16:19:10,IG,PL
2022-05-13 16:19:11,IG,MWB
2022-05-13 16:19:11,IG,PL
2022-05-13 16:19:12,IG,MWB
2022-05-13 16:19:12,IG,PL
2022-05-13 16:19:13,IG,PL
2022-05-13 16:19:13,IG,MWB
2022-05-13 16:19:14,IG,PL
2022-05-13 16:19:14,IG,MWB
2022-05-13 16:19:15,IG,PL
2022-05-13 16:19:15,IG,MWB
2022-05-13 16:19:16,IG,PL
2022-05-13 16:19:16,IG,MWB
2022-05-13 16:19:17,IG,PL
2022-05-13 16:19:17,IG,MWB
2022-05-13 16:19:18,IG,PL
2022-05-13 16:19:18,IG,MWB
2022-05-13 16:19:19,IG,PL
2022-05-13 16:19:19,IG,MWB
2022-05-13 16:19:20,IG,PL
2022-05-13 16:19:20,IG,MWB
2022-05-13 16:19:21,IG,PL
2022-05-13 16:19:21,IG,MWB
2022-05-13 16:19:22,IG,PL
2022-05-13 16:19:22,IG,MWB
2022-05-13 16:19:23,IG,PL
2022-05-13 16:19:24,IG,PL
2022-05-13 16:19:25,IG,PL
2022-05-13 16:19:26,IG,PL
2022-05-13 16:19:27,IG,PL
2022-05-13 16:19:28,IG,PL
2022-05-13 16:19:29,IG,PL
2022-05-13 16:19:30,DB,MWB
2022-05-13 16:19:30,IG,PL
2022-05-13 16:19:31,IG,PL
2022-05-13 16:19:31,IG,MGB
2022-05-13 16:19:31,DB,MWB
2022-05-13 16:19:32,IG,PL
2022-05-13 16:19:32,IG,MGB
2022-05-13 16:19:32,DB,MWB
2022-05-13 16:19:33,IG,PL
2022-05-13 16:19:33,DB,MWB
2022-05-13 16:19:33,IG,MGB
2022-05-13 16:19:34,IG,MGB
2022-05-13 16:19:34,IG,PL
2022-05-13 16:19:34,DB,MWB
2022-05-13 16:19:35,IG,PL
2022-05-13 16:19:35,DB,MWB
2022-05-13 16:19:35,IG,MGB
2022-05-13 16:19:36,IG,MGB
2022-05-13 16:19:36,IG,PL
2022-05-13 16:19:36,DB,MWB
2022-05-13 16:19:37,IG,MGB
2022-05-13 16:19:37,DB,MWB
2022-05-13 16:19:37,IG,PL
2022-05-13 16:19:38,IG,MGB
2022-05-13 16:19:38,IG,PL
2022-05-13 16:19:38,DB,MWB
2022-05-13 16:19:39,DB,MWB
2022-05-13 16:19:39,IG,MGB
2022-05-13 16:19:39,IG,PL
2022-05-13 16:19:40,IG,MGB
2022-05-13 16:19:40,DB,MWB
2022-05-13 16:19:40,IG,PL
2022-05-13 16:19:41,IG,PL
2022-05-13 16:19:41,DB,MWB
2022-05-13 16:19:41,IG,MGB
2022-05-13 16:19:42,IG,PL
2022-05-13 16:19:42,DB,MWB
2022-05-13 16:19:42,IG,MGB
2022-05-13 16:19:43,IG,PL
2022-05-13 16:19:43,DB,MWB
2022-05-13 16:19:43,IG,MGB
2022-05-13 16:19:44,IG,MGB
2022-05-13 16:19:44,DB,MWB
2022-05-13 16:19:44,IG,PL
2022-05-13 16:19:45,IG,MGB
2022-05-13 16:19:45,DB,MWB
2022-05-13 16:19:45,IG,PL
2022-05-13 16:19:46,IG,MGB
2022-05-13 16:19:46,IG,PL
2022-05-13 16:19:46,DB,MWB
2022-05-13 16:19:47,IG,MGB
2022-05-13 16:19:47,IG,PL
2022-05-13 16:19:48,IG,PL
2022-05-13 16:19:49,IG,PL
2022-05-13 16:19:50,IG,PL
2022-05-13 16:19:51,IG,PL
2022-05-13 16:19:52,IG,PL
2022-05-13 16:19:53,IG,PL
2022-05-13 16:19:54,IG,MWB
2022-05-13 16:19:54,IG,PL
2022-05-13 16:19:55,IG,PL
2022-05-13 16:19:55,IG,MWB
2022-05-13 16:19:56,IG,PL
2022-05-13 16:19:56,IG,MWB
2022-05-13 16:19:57,IG,MWB
2022-05-13 16:19:57,IG,PL
2022-05-13 16:19:58,IG,MWB
2022-05-13 16:19:58,IG,PL
2022-05-13 16:19:59,IG,MWB
2022-05-13 16:19:59,IG,PL
2022-05-13 16:20:00,IG,MWB
2022-05-13 16:20:00,IG,PL
2022-05-13 16:20:01,IG,PL
2022-05-13 16:20:01,IG,MWB
2022-05-13 16:20:02,IG,MWB
2022-05-13 16:20:02,IG,PL
2022-05-13 16:20:03,IG,MWB
2022-05-13 16:20:03,IG,PL
2022-05-13 16:20:04,IG,MWB
2022-05-13 16:20:04,IG,PL
2022-05-13 16:20:05,IG,MWB
2022-05-13 16:20:05,IG,PL
2022-05-13 16:20:06,IG,PL
2022-05-13 16:20:06,IG,MWB
2022-05-13 16:20:07,IG,PL
2022-05-13 16:20:07,IG,MWB
2022-05-13 16:20:08,IG,PL
2022-05-13 16:20:08,IG,MWB
2022-05-13 16:20:09,IG,MWB
2022-05-13 16:20:09,IG,PL
2022-05-13 16:20:10,IG,MWB
2022-05-13 16:20:10,IG,PL
2022-05-13 16:20:11,IG,PL
2022-05-13 16:20:11,IG,MWB
2022-05-13 16:20:12,IG,MWB
2022-05-13 16:20:12,IG,PL
2022-05-13 16:20:13,IG,MWB
2022-05-13 16:20:13,IG,PL
2022-05-13 16:20:13,MWB,PL
2022-05-13 16:20:14,IG,PL
2022-05-13 16:20:14,MWB,PL
2022-05-13 16:20:14,IG,MWB
2022-05-13 16:20:15,IG,PL
2022-05-13 16:20:15,MWB,PL
2022-05-13 16:20:15,IG,MWB
2022-05-13 16:20:16,IG,PL
2022-05-13 16:20:16,MWB,PL
2022-05-13 16:20:16,IG,MWB
2022-05-13 16:20:17,IG,MWB
2022-05-13 16:20:17,IG,PL
2022-05-13 16:20:17,MWB,PL
2022-05-13 16:20:18,IG,PL
2022-05-13 16:20:18,MWB,PL
2022-05-13 16:20:18,IG,MWB
2022-05-13 16:20:19,IG,MWB
2022-05-13 16:20:19,MWB,PL
2022-05-13 16:20:19,IG,PL
2022-05-13 16:20:20,MWB,PL
2022-05-13 16:20:20,IG,MWB
2022-05-13 16:20:20,IG,PL
2022-05-13 16:20:21,IG,MWB
2022-05-13 16:20:21,IG,PL
2022-05-13 16:20:21,MWB,PL
2022-05-13 16:20:22,IG,PL
2022-05-13 16:20:22,IG,MWB
2022-05-13 16:20:22,MWB,PL
2022-05-13 16:20:23,IG,MWB
2022-05-13 16:20:23,MWB,PL
2022-05-13 16:20:23,IG,PL
2022-05-13 16:20:24,IG,PL
2022-05-13 16:20:24,MWB,PL
2022-05-13 16:20:24,IG,MWB
2022-05-13 16:20:25,IG,MWB
2022-05-13 16:20:25,IG,PL
2022-05-13 16:20:25,MWB,PL
2022-05-13 16:20:26,IG,MWB
2022-05-13 16:20:26,IG,PL
2022-05-13 16:20:26,MWB,PL
2022-05-13 16:20:27,IG,MWB
2022-05-13 16:20:27,IG,PL
2022-05-13 16:20:27,MWB,PL
2022-05-13 16:20:28,IG,MWB
2022-05-13 16:20:28,MWB,PL
2022-05-13 16:20:28,IG,PL
2022-05-13 16:20:29,IG,PL
2022-05-13 16:20:29,IG,MWB
2022-05-13 16:20:29,MWB,PL
2022-05-13 16:20:30,MWB,PL
2022-05-13 16:20:30,IG,MWB
2022-05-13 16:20:30,IG,PL
2022-05-13 16:20:31,IG,PL
2022-05-13 16:20:31,MWB,PL
2022-05-13 16:20:31,IG,MWB
2022-05-13 16:20:32,MWB,PL
2022-05-13 16:20:32,IG,MWB
2022-05-13 16:20:32,IG,PL
2022-05-13 16:20:33,IG,MWB
2022-05-13 16:20:33,IG,PL
2022-05-13 16:20:33,MWB,PL
2022-05-13 16:20:34,IG,PL
2022-05-13 16:20:34,MWB,PL
2022-05-13 16:20:34,IG,MWB
2022-05-13 16:20:35,IG,PL
2022-05-13 16:20:35,MWB,PL
2022-05-13 16:20:35,IG,MWB
2022-05-13 16:20:36,IG,MWB
2022-05-13 16:20:36,IG,PL
2022-05-13 16:20:36,MWB,PL
2022-05-13 16:20:37,IG,MWB
2022-05-13 16:20:37,MWB,PL
2022-05-13 16:20:37,IG,PL
2022-05-13 16:20:38,IG,PL
2022-05-13 16:20:38,MWB,PL
2022-05-13 16:20:38,IG,MWB
2022-05-13 16:20:39,IG,MWB
2022-05-13 16:20:39,MWB,PL
2022-05-13 16:20:39,IG,PL
2022-05-13 16:20:40,MWB,PL
2022-05-13 16:20:40,IG,MWB
2022-05-13 16:20:40,IG,PL
2022-05-13 16:20:41,IG,MWB
2022-05-13 16:20:41,IG,PL
2022-05-13 16:20:41,MWB,PL
2022-05-13 16:20:42,IG,PL
2022-05-13 16:20:42,IG,MWB
2022-05-13 16:20:42,MWB,PL
2022-05-13 16:20:43,IG,MWB
2022-05-13 16:20:43,IG,PL
2022-05-13 16:20:43,MWB,PL
2022-05-13 16:20:44,MWB,PL
2022-05-13 16:20:44,IG,MWB
2022-05-13 16:20:44,IG,PL
2022-05-13 16:20:45,MWB,PL
2022-05-13 16:20:45,IG,PL
2022-05-13 16:20:45,IG,MWB
2022-05-13 16:20:46,IG,MWB
2022-05-13 16:20:46,IG,PL
2022-05-13 16:20:46,MWB,PL
2022-05-13 16:20:47,IG,MWB
2022-05-13 16:20:47,IG,PL
2022-05-13 16:20:47,MWB,PL
2022-05-13 16:20:48,IG,PL
2022-05-13 16:20:48,MWB,PL
2022-05-13 16:20:48,IG,MWB
2022-05-13 16:20:49,MWB,PL
2022-05-13 16:20:49,IG,PL
2022-05-13 16:20:49,IG,MWB
2022-05-13 16:20:50,IG,MWB
2022-05-13 16:20:50,IG,PL
2022-05-13 16:20:50,MWB,PL
2022-05-13 16:20:51,MWB,PL
2022-05-13 16:20:51,IG,MWB
2022-05-13 16:20:51,IG,PL
2022-05-13 16:20:52,MWB,PL
2022-05-13 16:20:52,IG,PL
2022-05-13 16:20:52,IG,MWB
2022-05-13 16:20:53,MWB,PL
2022-05-13 16:20:53,IG,PL
2022-05-13 16:20:53,IG,MWB
2022-05-13 16:20:54,IG,MWB
2022-05-13 16:20:54,MWB,PL
2022-05-13 16:20:54,IG,PL
2022-05-13 16:20:55,MWB,PL
2022-05-13 16:20:55,IG,PL
2022-05-13 16:20:55,IG,MWB
2022-05-13 16:20:56,MWB,PL
2022-05-13 16:20:56,IG,PL
2022-05-13 16:20:56,IG,MWB
2022-05-13 16:20:57,MWB,PL
2022-05-13 16:20:57,IG,MWB
2022-05-13 16:20:57,IG,PL
2022-05-13 16:20:58,MWB,PL
2022-05-13 16:20:58,IG,PL
2022-05-13 16:20:58,IG,MWB
2022-05-13 16:20:59,IG,PL
2022-05-13 16:20:59,IG,MWB
2022-05-13 16:20:59,MWB,PL
2022-05-13 16:21:00,IG,PL
2022-05-13 16:21:00,IG,MWB
2022-05-13 16:21:00,MWB,PL
2022-05-13 16:21:01,MWB,PL
2022-05-13 16:21:01,IG,MWB
2022-05-13 16:21:01,IG,PL
2022-05-13 16:21:02,MWB,PL
2022-05-13 16:21:02,IG,MWB
2022-05-13 16:21:02,IG,PL
2022-05-13 16:21:03,MWB,PL
2022-05-13 16:21:03,IG,PL
2022-05-13 16:21:03,IG,MWB
2022-05-13 16:21:04,MWB,PL
2022-05-13 16:21:04,IG,MWB
2022-05-13 16:21:04,IG,PL
2022-05-13 16:21:05,IG,MWB
2022-05-13 16:21:05,IG,PL
2022-05-13 16:21:05,MWB,PL
2022-05-13 16:21:06,MWB,PL
2022-05-13 16:21:06,IG,MWB
2022-05-13 16:21:06,IG,PL
2022-05-13 16:21:07,MWB,PL
2022-05-13 16:21:07,IG,MWB
2022-05-13 16:21:07,IG,PL
2022-05-13 16:21:08,IG,MWB
2022-05-13 16:21:08,MWB,PL
2022-05-13 16:21:08,IG,PL
2022-05-13 16:21:09,IG,MWB
2022-05-13 16:21:09,MWB,PL
2022-05-13 16:21:09,IG,PL
2022-05-13 16:21:10,MWB,PL
2022-05-13 16:21:10,IG,MWB
2022-05-13 16:21:10,IG,PL
2022-05-13 16:21:11,MWB,PL
2022-05-13 16:21:11,IG,PL
2022-05-13 16:21:11,IG,MWB
2022-05-13 16:21:12,MWB,PL
2022-05-13 16:21:12,IG,PL
2022-05-13 16:21:12,IG,MWB
2022-05-13 16:21:13,IG,PL
2022-05-13 16:21:13,IG,MWB
2022-05-13 16:21:13,MWB,PL
2022-05-13 16:21:14,MWB,PL
2022-05-13 16:21:14,IG,MWB
2022-05-13 16:21:14,IG,PL
2022-05-13 16:21:15,IG,MWB
2022-05-13 16:21:15,MWB,PL
2022-05-13 16:21:15,IG,PL
2022-05-13 16:21:16,MWB,PL
2022-05-13 16:21:16,IG,PL
2022-05-13 16:21:17,MWB,PL
2022-05-13 16:21:18,MWB,PL
2022-05-13 16:21:19,MWB,PL
2022-05-13 16:21:20,MWB,PL
2022-05-13 16:21:21,MWB,PL
2022-05-13 16:21:22,MWB,PL
2022-05-13 16:21:23,MWB,PL
2022-05-13 16:21:24,MWB,PL
2022-05-13 16:21:25,MWB,PL
2022-05-13 16:21:26,MWB,PL
2022-05-13 16:21:27,MWB,PL
2022-05-13 16:21:28,MWB,PL
2022-05-13 16:21:29,MWB,PL
2022-05-13 16:21:30,MWB,PL
2022-05-13 16:21:31,MWB,PL
2022-05-13 16:21:32,MWB,PL
2022-05-13 16:21:33,MWB,PL
2022-05-13 16:21:34,MWB,PL
2022-05-13 16:21:35,MWB,PL
2022-05-13 16:21:36,MWB,PL
2022-05-13 16:21:37,MWB,PL
2022-05-13 16:21:38,MWB,PL
2022-05-13 16:21:39,MWB,PL
2022-05-13 16:21:40,MWB,PL
2022-05-13 16:21:41,MWB,PL
2022-05-13 16:21:42,MWB,PL
2022-05-13 16:21:43,MWB,PL
2022-05-13 16:21:44,MWB,PL
2022-05-13 16:21:45,MWB,PL
2022-05-13 16:21:46,MWB,PL
2022-05-13 16:21:47,MWB,PL
2022-05-13 16:22:08,DB,MZ
2022-05-13 16:22:09,DB,MZ
2022-05-13 16:22:10,DB,MZ
2022-05-13 16:22:11,DB,MZ
2022-05-13 16:22:12,DB,MZ
2022-05-13 16:22:13,DB,MZ
2022-05-13 16:22:14,DB,MZ
2022-05-13 16:22:15,DB,MZ
2022-05-13 16:22:16,DB,MZ
2022-05-13 16:22:17,DB,MZ
2022-05-13 16:22:18,DB,MZ
2022-05-13 16:22:19,DB,MZ
2022-05-13 16:22:20,DB,MZ
2022-05-13 16:22:21,DB,MZ
2022-05-13 16:22:22,DB,MZ
2022-05-13 16:22:23,DB,MZ
2022-05-13 16:22:24,DB,MZ
2022-05-13 16:22:25,DB,MZ
2022-05-13 16:22:26,DB,MZ
2022-05-13 16:22:27,DB,MZ
2022-05-13 16:22:28,DB,MZ
2022-05-13 16:22:29,DB,MZ
2022-05-13 16:22:30,DB,MZ
2022-05-13 16:22:31,DB,MZ
2022-05-13 16:22:32,DB,MZ
2022-05-13 16:22:33,DB,MZ
2022-05-13 16:22:34,DB,MZ
2022-05-13 16:22:35,DB,MZ
2022-05-13 16:22:36,DB,MZ
2022-05-13 16:22:41,IG,MWB
2022-05-13 16:22:42,IG,MWB
2022-05-13 16:22:43,IG,MWB
2022-05-13 16:22:44,IG,MWB
2022-05-13 16:22:45,IG,MWB
2022-05-13 16:22:46,IG,MWB
2022-05-13 16:22:47,IG,MWB
2022-05-13 16:22:48,IG,MWB
2022-05-13 16:22:49,IG,MWB
2022-05-13 16:22:50,IG,MWB
2022-05-13 16:22:51,IG,MWB
2022-05-13 16:22:52,IG,MWB
2022-05-13 16:22:52,MGB,MZ
2022-05-13 16:22:53,IG,MWB
2022-05-13 16:22:53,MGB,MZ
2022-05-13 16:22:54,IG,MWB
2022-05-13 16:22:54,MGB,MZ
2022-05-13 16:22:55,MGB,MZ
2022-05-13 16:22:55,IG,MWB
2022-05-13 16:22:56,MGB,MZ
2022-05-13 16:22:56,IG,MWB
2022-05-13 16:22:57,IG,MWB
2022-05-13 16:22:57,MGB,MZ
2022-05-13 16:22:58,IG,MWB
2022-05-13 16:22:58,MGB,MZ
2022-05-13 16:22:59,IG,MWB
2022-05-13 16:22:59,MGB,MZ
2022-05-13 16:23:00,MGB,MZ
2022-05-13 16:23:00,IG,MWB
2022-05-13 16:23:01,IG,MWB
2022-05-13 16:23:01,MGB,MZ
2022-05-13 16:23:02,IG,MWB
2022-05-13 16:23:02,MGB,MZ
2022-05-13 16:23:03,MGB,MZ
2022-05-13 16:23:03,IG,MWB
2022-05-13 16:23:04,MGB,MZ
2022-05-13 16:23:04,IG,MWB
2022-05-13 16:23:05,MGB,MZ
2022-05-13 16:23:05,IG,MWB
2022-05-13 16:23:06,MGB,MZ
2022-05-13 16:23:06,IG,MWB
2022-05-13 16:23:07,MGB,MZ
2022-05-13 16:23:07,IG,MWB
2022-05-13 16:23:08,IG,MWB
2022-05-13 16:23:08,MGB,MZ
2022-05-13 16:23:09,IG,MWB
2022-05-13 16:23:09,MGB,MZ
2022-05-13 16:23:10,MGB,MZ
2022-05-13 16:23:10,IG,MWB
2022-05-13 16:23:11,MGB,MZ
2022-05-13 16:23:11,IG,MWB
2022-05-13 16:23:12,MGB,MZ
2022-05-13 16:23:12,IG,MWB
2022-05-13 16:23:13,MGB,MZ
2022-05-13 16:23:13,IG,MWB
2022-05-13 16:23:14,IG,MWB
2022-05-13 16:23:14,MGB,MZ
2022-05-13 16:23:15,MGB,MZ
2022-05-13 16:23:15,IG,MWB
2022-05-13 16:23:16,MGB,MZ
2022-05-13 16:23:16,IG,MWB
2022-05-13 16:23:17,MGB,MZ
2022-05-13 16:23:17,IG,MWB
2022-05-13 16:23:18,IG,MWB
2022-05-13 16:23:18,MGB,MZ
2022-05-13 16:23:19,MGB,MZ
2022-05-13 16:23:19,IG,MWB
2022-05-13 16:23:20,MGB,MZ
2022-05-13 16:23:20,IG,MWB
2022-05-13 16:23:21,MGB,MZ
2022-05-13 16:23:21,IG,MWB
2022-05-13 16:23:22,MGB,MZ
2022-05-13 16:23:22,IG,MWB
2022-05-13 16:23:23,IG,MWB
2022-05-13 16:23:23,MGB,MZ
2022-05-13 16:23:24,IG,MWB
2022-05-13 16:23:24,MGB,MZ
2022-05-13 16:23:25,IG,MWB
2022-05-13 16:23:25,MGB,MZ
2022-05-13 16:23:26,IG,MWB
2022-05-13 16:23:26,MGB,MZ
2022-05-13 16:23:27,IG,MWB
2022-05-13 16:23:27,MGB,MZ
2022-05-13 16:23:28,IG,MWB
2022-05-13 16:23:28,MGB,MZ
2022-05-13 16:23:29,IG,MWB
2022-05-13 16:23:29,MGB,MZ
2022-05-13 16:23:30,MGB,MZ
2022-05-13 16:23:30,IG,MWB
2022-05-13 16:23:31,IG,MWB
2022-05-13 16:23:31,MGB,MZ
2022-05-13 16:23:32,MGB,MZ
2022-05-13 16:23:32,IG,MWB
2022-05-13 16:23:33,IG,MWB
2022-05-13 16:23:33,MGB,MZ
2022-05-13 16:23:34,MGB,MZ
2022-05-13 16:23:34,IG,MWB
2022-05-13 16:23:35,IG,MWB
2022-05-13 16:23:35,MGB,MZ
2022-05-13 16:23:36,MGB,MZ
2022-05-13 16:23:36,IG,MWB
2022-05-13 16:23:37,IG,MWB
2022-05-13 16:23:37,MGB,MZ
2022-05-13 16:23:38,IG,MWB
2022-05-13 16:23:38,MGB,MZ
2022-05-13 16:23:39,MGB,MZ
2022-05-13 16:23:39,IG,MWB
2022-05-13 16:23:40,MGB,MZ
2022-05-13 16:23:40,IG,MWB
2022-05-13 16:23:41,MGB,MZ
2022-05-13 16:23:41,IG,MWB
2022-05-13 16:23:42,MGB,MZ
2022-05-13 16:23:42,IG,MWB
2022-05-13 16:23:43,MGB,MZ
2022-05-13 16:23:43,IG,MWB
2022-05-13 16:23:44,MGB,MZ
2022-05-13 16:23:44,IG,MWB
2022-05-13 16:23:45,IG,MWB
2022-05-13 16:23:45,MGB,MZ
2022-05-13 16:23:46,IG,MWB
2022-05-13 16:23:46,MGB,MZ
2022-05-13 16:23:47,IG,MWB
2022-05-13 16:23:47,MGB,MZ
2022-05-13 16:23:48,IG,MWB
2022-05-13 16:23:48,MGB,MZ
2022-05-13 16:23:49,IG,MWB
2022-05-13 16:23:49,MGB,MZ
2022-05-13 16:23:50,IG,MWB
2022-05-13 16:23:50,MGB,MZ
2022-05-13 16:23:51,IG,MWB
2022-05-13 16:23:51,MGB,MZ
2022-05-13 16:23:52,MGB,MZ
2022-05-13 16:23:52,IG,MWB
2022-05-13 16:23:53,MGB,MZ
2022-05-13 16:23:53,IG,MWB
2022-05-13 16:23:54,IG,MWB
2022-05-13 16:23:54,MGB,MZ
2022-05-13 16:23:55,IG,MWB
2022-05-13 16:23:55,MGB,MZ
2022-05-13 16:23:56,IG,MWB
2022-05-13 16:23:56,MGB,MZ
2022-05-13 16:23:57,IG,MWB
2022-05-13 16:23:57,MGB,MZ
2022-05-13 16:23:58,MGB,MZ
2022-05-13 16:23:58,IG,MWB
2022-05-13 16:23:59,MGB,MZ
2022-05-13 16:23:59,IG,MWB
2022-05-13 16:24:00,MGB,MZ
2022-05-13 16:24:00,IG,MWB
2022-05-13 16:24:01,IG,MWB
2022-05-13 16:24:01,MGB,MZ
2022-05-13 16:24:02,IG,MWB
2022-05-13 16:24:02,MGB,MZ
2022-05-13 16:24:03,MGB,MZ
2022-05-13 16:24:03,IG,MWB
2022-05-13 16:24:04,MGB,MZ
2022-05-13 16:24:04,IG,MWB
2022-05-13 16:24:05,IG,MWB
2022-05-13 16:24:05,MGB,MZ
2022-05-13 16:24:06,IG,MWB
2022-05-13 16:24:06,MGB,MZ
2022-05-13 16:24:07,IG,MWB
2022-05-13 16:24:07,MGB,MZ
2022-05-13 16:24:08,MGB,MZ
2022-05-13 16:24:08,IG,MWB
2022-05-13 16:24:09,MGB,MZ
2022-05-13 16:24:09,IG,MWB
2022-05-13 16:24:10,IG,MWB
2022-05-13 16:24:10,MGB,MZ
2022-05-13 16:24:11,MGB,MZ
2022-05-13 16:24:11,IG,MWB
2022-05-13 16:24:12,IG,MWB
2022-05-13 16:24:12,MGB,MZ
2022-05-13 16:24:13,MGB,MZ
2022-05-13 16:24:13,IG,MWB
2022-05-13 16:24:14,IG,MWB
2022-05-13 16:24:14,MGB,MZ
2022-05-13 16:24:15,MGB,MZ
2022-05-13 16:24:15,IG,MWB
2022-05-13 16:24:16,MGB,MZ
2022-05-13 16:24:16,IG,MWB
2022-05-13 16:24:17,MGB,MZ
2022-05-13 16:24:17,IG,MWB
2022-05-13 16:24:18,MGB,MZ
2022-05-13 16:24:18,IG,MWB
2022-05-13 16:24:19,MGB,MZ
2022-05-13 16:24:19,IG,MWB
2022-05-13 16:24:20,MGB,MZ
2022-05-13 16:24:20,IG,MWB
2022-05-13 16:24:21,MGB,MZ
2022-05-13 16:24:21,IG,MWB
2022-05-13 16:24:22,IG,MWB
2022-05-13 16:24:22,MGB,MZ
2022-05-13 16:24:23,IG,MWB
2022-05-13 16:24:23,MGB,MZ
2022-05-13 16:24:24,IG,MWB
2022-05-13 16:24:24,MGB,MZ
2022-05-13 16:24:25,IG,MWB
2022-05-13 16:24:25,MGB,MZ
2022-05-13 16:24:26,IG,MWB
2022-05-13 16:24:26,MGB,MZ
2022-05-13 16:24:27,IG,MWB
2022-05-13 16:24:27,MGB,MZ
2022-05-13 16:24:28,IG,MWB
2022-05-13 16:24:28,MGB,MZ
2022-05-13 16:24:29,IG,MWB
2022-05-13 16:24:29,MGB,MZ
2022-05-13 16:24:30,MGB,MZ
2022-05-13 16:24:30,IG,MWB
2022-05-13 16:24:31,MGB,MZ
2022-05-13 16:24:31,IG,MWB
2022-05-13 16:24:32,MGB,MZ
2022-05-13 16:24:32,IG,MWB
2022-05-13 16:24:33,MGB,MZ
2022-05-13 16:24:33,IG,MWB
2022-05-13 16:24:34,MGB,MZ
2022-05-13 16:24:34,IG,MWB
2022-05-13 16:24:35,MGB,MZ
2022-05-13 16:24:35,IG,MWB
2022-05-13 16:24:36,IG,MWB
2022-05-13 16:24:36,MGB,MZ
2022-05-13 16:24:37,MGB,MZ
2022-05-13 16:24:37,IG,MWB
2022-05-13 16:24:38,MGB,MZ
2022-05-13 16:24:38,IG,MWB
2022-05-13 16:24:39,IG,MWB
2022-05-13 16:24:39,MGB,MZ
2022-05-13 16:24:40,IG,MWB
2022-05-13 16:24:40,MGB,MZ
2022-05-13 16:24:41,IG,MWB
2022-05-13 16:24:41,MGB,MZ
2022-05-13 16:24:42,IG,MWB
2022-05-13 16:24:42,MGB,MZ
2022-05-13 16:24:43,MGB,MZ
2022-05-13 16:24:43,IG,MWB
2022-05-13 16:24:44,IG,MWB
2022-05-13 16:24:44,MGB,MZ
2022-05-13 16:24:45,IG,MWB
2022-05-13 16:24:45,MGB,MZ
2022-05-13 16:24:46,IG,MWB
2022-05-13 16:24:46,MGB,MZ
2022-05-13 16:24:47,IG,MWB
2022-05-13 16:24:47,MGB,MZ
2022-05-13 16:24:48,IG,MWB
2022-05-13 16:24:48,MGB,MZ
2022-05-13 16:24:49,IG,MWB
2022-05-13 16:24:49,MGB,MZ
2022-05-13 16:24:50,IG,MWB
2022-05-13 16:24:50,MGB,MZ
2022-05-13 16:24:51,IG,MWB
2022-05-13 16:24:51,MGB,MZ
2022-05-13 16:24:52,MGB,MZ
2022-05-13 16:24:52,IG,MWB
2022-05-13 16:24:53,MGB,MZ
2022-05-13 16:24:53,IG,MWB
2022-05-13 16:24:54,MGB,MZ
2022-05-13 16:24:54,IG,MWB
2022-05-13 16:24:55,MGB,MZ
2022-05-13 16:24:55,IG,MWB
2022-05-13 16:24:56,MGB,MZ
2022-05-13 16:24:56,IG,MWB
2022-05-13 16:24:57,MGB,MZ
2022-05-13 16:24:57,IG,MWB
2022-05-13 16:24:58,MGB,MZ
2022-05-13 16:24:58,IG,MWB
2022-05-13 16:24:59,IG,MWB
2022-05-13 16:24:59,MGB,MZ
2022-05-13 16:25:00,MGB,MZ
2022-05-13 16:25:00,IG,MWB
2022-05-13 16:25:01,MGB,MZ
2022-05-13 16:25:01,IG,MWB
2022-05-13 16:25:02,MGB,MZ
2022-05-13 16:25:02,IG,MWB
2022-05-13 16:25:03,IG,MWB
2022-05-13 16:25:03,MGB,MZ
2022-05-13 16:25:04,MGB,MZ
2022-05-13 16:25:04,IG,MWB
2022-05-13 16:25:05,MGB,MZ
2022-05-13 16:25:05,IG,MWB
2022-05-13 16:25:06,MGB,MZ
2022-05-13 16:25:06,IG,MWB
2022-05-13 16:25:07,MGB,MZ
2022-05-13 16:25:07,IG,MWB
2022-05-13 16:25:08,MGB,MZ
2022-05-13 16:25:08,IG,MWB
2022-05-13 16:25:09,MGB,MZ
2022-05-13 16:25:09,IG,MWB
2022-05-13 16:25:10,IG,MWB
2022-05-13 16:25:10,MGB,MZ
2022-05-13 16:25:11,IG,MWB
2022-05-13 16:25:11,MGB,MZ
2022-05-13 16:25:12,IG,MWB
2022-05-13 16:25:12,MGB,MZ
2022-05-13 16:25:13,IG,MWB
2022-05-13 16:25:13,MGB,MZ
2022-05-13 16:25:14,IG,MWB
2022-05-13 16:25:14,MGB,MZ
2022-05-13 16:25:15,IG,MWB
2022-05-13 16:25:15,MGB,MZ
2022-05-13 16:25:16,IG,MWB
2022-05-13 16:25:16,MGB,MZ
2022-05-13 16:25:17,MGB,MZ
2022-05-13 16:25:17,IG,MWB
2022-05-13 16:25:18,MGB,MZ
2022-05-13 16:25:18,IG,MWB
2022-05-13 16:25:19,IG,MWB
2022-05-13 16:25:19,MGB,MZ
2022-05-13 16:25:20,MGB,MZ
2022-05-13 16:25:20,IG,MWB
2022-05-13 16:25:21,IG,MWB
2022-05-13 16:25:21,MGB,MZ
2022-05-13 16:25:22,MGB,MZ
2022-05-13 16:25:22,IG,MWB
2022-05-13 16:25:23,MGB,MZ
2022-05-13 16:25:23,IG,MWB
2022-05-13 16:25:24,IG,MWB
2022-05-13 16:25:24,MGB,MZ
2022-05-13 16:25:25,IG,MWB
2022-05-13 16:25:25,MGB,MZ
2022-05-13 16:25:26,MGB,MZ
2022-05-13 16:25:26,IG,MWB
2022-05-13 16:25:27,MGB,MZ
2022-05-13 16:25:27,IG,MWB
2022-05-13 16:25:28,IG,MWB
2022-05-13 16:25:28,MGB,MZ
2022-05-13 16:25:29,IG,MWB
2022-05-13 16:25:29,MGB,MZ
2022-05-13 16:25:30,MGB,MZ
2022-05-13 16:25:30,IG,MWB
2022-05-13 16:25:31,MGB,MZ
2022-05-13 16:25:31,IG,MWB
2022-05-13 16:25:32,IG,MWB
2022-05-13 16:25:32,MGB,MZ
2022-05-13 16:25:33,IG,MWB
2022-05-13 16:25:33,MGB,MZ
2022-05-13 16:25:34,IG,MWB
2022-05-13 16:25:34,MGB,MZ
2022-05-13 16:25:35,IG,MWB
2022-05-13 16:25:35,MGB,MZ
2022-05-13 16:25:36,IG,MWB
2022-05-13 16:25:36,MGB,MZ
2022-05-13 16:25:37,IG,MWB
2022-05-13 16:25:37,MGB,MZ
2022-05-13 16:25:38,IG,MWB
2022-05-13 16:25:38,MGB,MZ
2022-05-13 16:25:39,MGB,MZ
2022-05-13 16:25:39,IG,MWB
2022-05-13 16:25:40,MGB,MZ
2022-05-13 16:25:40,IG,MWB
2022-05-13 16:25:41,MGB,MZ
2022-05-13 16:25:41,IG,MWB
2022-05-13 16:25:42,MGB,MZ
2022-05-13 16:25:42,IG,MWB
2022-05-13 16:25:43,IG,MWB
2022-05-13 16:25:43,MGB,MZ
2022-05-13 16:25:44,IG,MWB
2022-05-13 16:25:45,IG,MWB
2022-05-13 16:25:46,IG,MWB
2022-05-13 16:25:47,IG,MWB
2022-05-13 16:25:48,IG,MWB
2022-05-13 16:25:49,IG,MWB
2022-05-13 16:25:50,IG,MWB
2022-05-13 16:25:51,IG,MWB
2022-05-13 16:25:52,IG,MWB
2022-05-13 16:25:53,IG,MWB
2022-05-13 16:25:54,IG,MWB
2022-05-13 16:25:55,IG,MWB
2022-05-13 16:25:56,IG,MWB
2022-05-13 16:25:57,IG,MWB
2022-05-13 16:25:58,IG,MWB
2022-05-13 16:25:59,IG,MWB
2022-05-13 16:26:00,IG,MWB
2022-05-13 16:26:01,IG,MWB
2022-05-13 16:26:02,IG,MWB
2022-05-13 16:26:03,IG,MWB
2022-05-13 16:26:04,IG,MWB
2022-05-13 16:26:05,IG,MWB
2022-05-13 16:26:06,IG,MWB
2022-05-13 16:26:07,IG,MWB
2022-05-13 16:26:08,IG,MWB
2022-05-13 16:26:09,IG,MWB
2022-05-13 16:26:10,IG,MWB
2022-05-13 16:26:11,IG,MWB
2022-05-13 16:26:12,IG,MWB
2022-05-13 16:26:13,IG,MWB
2022-05-13 16:26:14,IG,MWB
2022-05-13 16:26:15,IG,MWB
2022-05-13 16:26:16,IG,MWB
2022-05-13 16:26:17,IG,MWB
2022-05-13 16:26:18,IG,MWB
2022-05-13 16:26:19,IG,MWB
2022-05-13 16:26:20,IG,MWB
2022-05-13 16:26:21,IG,MWB
2022-05-13 16:26:22,IG,MWB
2022-05-13 16:26:23,IG,MWB
2022-05-13 16:26:24,IG,MWB
2022-05-13 16:26:25,IG,MWB
2022-05-13 16:26:26,IG,MWB
2022-05-13 16:26:27,IG,MWB
2022-05-13 16:26:28,IG,MWB
2022-05-13 16:26:29,IG,MWB
2022-05-13 16:26:30,IG,MWB
2022-05-13 16:26:31,IG,MWB
2022-05-13 16:26:32,IG,MWB
2022-05-13 16:26:33,IG,MWB
2022-05-13 16:26:34,IG,MWB
2022-05-13 16:26:35,IG,MWB
2022-05-13 16:26:36,IG,MWB
2022-05-13 16:26:37,IG,MWB
2022-05-13 16:26:38,IG,MWB
2022-05-13 16:26:39,IG,MWB
2022-05-13 16:26:40,IG,MWB
2022-05-13 16:26:41,IG,MWB
2022-05-13 16:26:42,IG,MWB
2022-05-13 16:26:43,IG,MWB
2022-05-13 16:26:44,IG,MWB
2022-05-13 16:26:45,IG,MWB
2022-05-13 16:26:46,IG,MWB
2022-05-13 16:26:47,IG,MWB
2022-05-13 16:26:48,IG,MWB
2022-05-13 16:26:49,IG,MWB
2022-05-13 16:26:50,IG,MWB
2022-05-13 16:26:51,IG,MWB
2022-05-13 16:26:52,IG,MWB
2022-05-13 16:26:53,IG,MWB
2022-05-13 16:26:54,IG,MWB
2022-05-13 16:26:55,IG,MWB
2022-05-13 16:26:56,IG,MWB
2022-05-13 16:26:57,IG,MWB
2022-05-13 16:26:58,IG,MWB
2022-05-13 16:26:59,IG,MWB
2022-05-13 16:27:00,IG,MWB
2022-05-13 16:27:01,IG,MWB
2022-05-13 16:27:02,IG,MWB
2022-05-13 16:27:03,IG,MWB
2022-05-13 16:27:04,IG,MWB
2022-05-13 16:27:05,IG,MWB
2022-05-13 16:27:06,IG,MWB
2022-05-13 16:27:07,IG,MWB
2022-05-13 16:27:08,IG,MWB
2022-05-13 16:27:09,IG,MWB
2022-05-13 16:27:10,IG,MWB
2022-05-13 16:27:11,IG,MWB
2022-05-13 16:27:12,IG,MWB
2022-05-13 16:27:13,IG,MWB
2022-05-13 16:27:14,IG,MWB
2022-05-13 16:27:15,IG,MWB
2022-05-13 16:27:16,IG,MWB
2022-05-13 16:27:17,IG,MWB
2022-05-13 16:27:18,IG,MWB
2022-05-13 16:27:19,IG,MWB
2022-05-13 16:27:20,IG,MWB
2022-05-13 16:27:21,IG,MWB
2022-05-13 16:27:22,IG,MWB
2022-05-13 16:27:23,IG,MWB
2022-05-13 16:27:24,IG,MWB
2022-05-13 16:27:25,IG,MWB
2022-05-13 16:27:26,IG,MWB
2022-05-13 16:27:27,IG,MWB
2022-05-13 16:27:28,IG,MWB
2022-05-13 16:27:29,IG,MWB
2022-05-13 16:27:30,IG,MWB
2022-05-13 16:27:31,IG,MWB
2022-05-13 16:27:32,IG,MWB
2022-05-13 16:27:33,IG,MWB
2022-05-13 16:27:34,IG,MWB
2022-05-13 16:27:35,IG,MWB
2022-05-13 16:27:36,IG,MWB
2022-05-13 16:27:37,IG,MWB
2022-05-13 16:27:38,IG,MWB
2022-05-13 16:27:39,IG,MWB
2022-05-13 16:27:40,IG,MWB
2022-05-13 16:27:41,IG,MWB
2022-05-13 16:27:42,IG,MWB
2022-05-13 16:27:43,IG,MWB
2022-05-13 16:27:44,IG,MWB
2022-05-13 16:27:45,IG,MWB
2022-05-13 16:27:46,IG,MWB
2022-05-13 16:27:47,IG,MWB
2022-05-13 16:27:48,IG,MWB
2022-05-13 16:27:49,IG,MWB
2022-05-13 16:27:50,IG,MWB
2022-05-13 16:27:50,MGB,MWB
2022-05-13 16:27:51,IG,MWB
2022-05-13 16:27:51,MGB,MWB
2022-05-13 16:27:52,MGB,MWB
2022-05-13 16:27:52,IG,MWB
2022-05-13 16:27:53,IG,MWB
2022-05-13 16:27:53,MGB,MWB
2022-05-13 16:27:54,IG,MWB
2022-05-13 16:27:54,MGB,MWB
2022-05-13 16:27:55,IG,MWB
2022-05-13 16:27:55,MGB,MWB
2022-05-13 16:27:56,MGB,MWB
2022-05-13 16:27:56,IG,MWB
2022-05-13 16:27:57,MGB,MWB
2022-05-13 16:27:57,IG,MWB
2022-05-13 16:27:58,IG,MWB
2022-05-13 16:27:58,MGB,MWB
2022-05-13 16:27:59,IG,MWB
2022-05-13 16:27:59,MGB,MWB
2022-05-13 16:28:00,MGB,MWB
2022-05-13 16:28:00,IG,MWB
2022-05-13 16:28:01,MGB,MWB
2022-05-13 16:28:01,IG,MWB
2022-05-13 16:28:02,IG,MWB
2022-05-13 16:28:02,MGB,MWB
2022-05-13 16:28:03,IG,MWB
2022-05-13 16:28:03,MGB,MWB
2022-05-13 16:28:04,MGB,MWB
2022-05-13 16:28:04,IG,MWB
2022-05-13 16:28:05,MGB,MWB
2022-05-13 16:28:05,IG,MWB
2022-05-13 16:28:06,IG,MWB
2022-05-13 16:28:06,MGB,MWB
2022-05-13 16:28:07,MGB,MWB
2022-05-13 16:28:07,IG,MWB
2022-05-13 16:28:08,MGB,MWB
2022-05-13 16:28:08,IG,MWB
2022-05-13 16:28:09,MGB,MWB
2022-05-13 16:28:09,IG,MWB
2022-05-13 16:28:10,IG,MWB
2022-05-13 16:28:10,MGB,MWB
2022-05-13 16:28:11,IG,MWB
2022-05-13 16:28:11,MGB,MWB
2022-05-13 16:28:12,IG,MWB
2022-05-13 16:28:12,MGB,MWB
2022-05-13 16:28:13,MGB,MWB
2022-05-13 16:28:13,IG,MWB
2022-05-13 16:28:14,MGB,MWB
2022-05-13 16:28:14,IG,MWB
2022-05-13 16:28:15,IG,MWB
2022-05-13 16:28:15,MGB,MWB
2022-05-13 16:28:16,IG,MWB
2022-05-13 16:28:16,IG,MGB
2022-05-13 16:28:16,MGB,MWB
2022-05-13 16:28:17,IG,MGB
2022-05-13 16:28:17,MGB,MWB
2022-05-13 16:28:17,IG,MWB
2022-05-13 16:28:18,MGB,MWB
2022-05-13 16:28:18,IG,MWB
2022-05-13 16:28:18,IG,MGB
2022-05-13 16:28:19,IG,MWB
2022-05-13 16:28:19,IG,MGB
2022-05-13 16:28:19,MGB,MWB
2022-05-13 16:28:20,IG,MWB
2022-05-13 16:28:20,IG,MGB
2022-05-13 16:28:20,MGB,MWB
2022-05-13 16:28:21,MGB,MWB
2022-05-13 16:28:21,IG,MWB
2022-05-13 16:28:21,IG,MGB
2022-05-13 16:28:22,MGB,MWB
2022-05-13 16:28:22,IG,MWB
2022-05-13 16:28:22,IG,MGB
2022-05-13 16:28:23,MGB,MWB
2022-05-13 16:28:23,IG,MGB
2022-05-13 16:28:23,IG,MWB
2022-05-13 16:28:24,IG,MGB
2022-05-13 16:28:24,MGB,MWB
2022-05-13 16:28:24,IG,MWB
2022-05-13 16:28:25,IG,MGB
2022-05-13 16:28:25,MGB,MWB
2022-05-13 16:28:25,IG,MWB
2022-05-13 16:28:26,MGB,MWB
2022-05-13 16:28:26,IG,MGB
2022-05-13 16:28:26,IG,MWB
2022-05-13 16:28:27,IG,MGB
2022-05-13 16:28:27,IG,MWB
2022-05-13 16:28:27,MGB,MWB
2022-05-13 16:28:28,IG,MWB
2022-05-13 16:28:28,IG,MGB
2022-05-13 16:28:28,MGB,MWB
2022-05-13 16:28:29,IG,MGB
2022-05-13 16:28:29,MGB,MWB
2022-05-13 16:28:30,IG,MGB
2022-05-13 16:28:30,MGB,MWB
2022-05-13 16:28:31,IG,MGB
2022-05-13 16:28:31,MGB,MWB
2022-05-13 16:28:32,IG,MGB
2022-05-13 16:28:32,MGB,MWB
2022-05-13 16:28:33,IG,MGB
2022-05-13 16:28:33,MGB,MWB
2022-05-13 16:28:34,IG,MGB
2022-05-13 16:28:34,MGB,MWB
2022-05-13 16:28:35,IG,MGB
2022-05-13 16:28:35,MGB,MWB
2022-05-13 16:28:36,IG,MGB
2022-05-13 16:28:36,MGB,MWB
2022-05-13 16:28:37,MGB,MWB
2022-05-13 16:28:37,IG,MGB
2022-05-13 16:28:38,IG,MGB
2022-05-13 16:28:38,MGB,MWB
2022-05-13 16:28:39,IG,MGB
2022-05-13 16:28:39,MGB,MWB
2022-05-13 16:28:40,MGB,MWB
2022-05-13 16:28:40,IG,MGB
2022-05-13 16:28:41,IG,MGB
2022-05-13 16:28:41,MGB,MWB
2022-05-13 16:28:42,IG,MGB
2022-05-13 16:28:42,MGB,MWB
2022-05-13 16:28:43,IG,MGB
2022-05-13 16:28:43,MGB,MWB
2022-05-13 16:28:44,IG,MGB
2022-05-13 16:28:44,MGB,MWB
2022-05-13 16:28:45,IG,MGB
2022-05-13 16:28:45,MGB,MWB
2022-05-13 16:28:46,IG,MGB
2022-05-13 16:28:46,MGB,MWB
2022-05-13 16:28:47,IG,MGB
2022-05-13 16:28:47,MGB,MWB
2022-05-13 16:28:48,MGB,MWB
2022-05-13 16:28:48,IG,MGB
2022-05-13 16:28:49,IG,MGB
2022-05-13 16:28:49,MGB,MWB
2022-05-13 16:28:50,IG,MGB
2022-05-13 16:28:50,MGB,MWB
2022-05-13 16:28:51,IG,MGB
2022-05-13 16:28:51,MGB,MWB
2022-05-13 16:28:52,IG,MGB
2022-05-13 16:28:52,MGB,MWB
2022-05-13 16:28:53,MGB,MWB
2022-05-13 16:28:53,IG,MGB
2022-05-13 16:28:54,IG,MGB
2022-05-13 16:28:54,MGB,MWB
2022-05-13 16:28:55,IG,MGB
2022-05-13 16:28:55,MGB,MWB
2022-05-13 16:28:56,IG,MGB
2022-05-13 16:28:56,MGB,MWB
2022-05-13 16:28:57,IG,MGB
2022-05-13 16:28:57,MGB,MWB
2022-05-13 16:28:58,MGB,MWB
2022-05-13 16:28:58,IG,MGB
2022-05-13 16:28:59,IG,MGB
2022-05-13 16:28:59,MGB,MWB
2022-05-13 16:29:00,MGB,MWB
2022-05-13 16:29:00,IG,MGB
2022-05-13 16:29:01,IG,MGB
2022-05-13 16:29:01,MGB,MWB
2022-05-13 16:29:02,MGB,MWB
2022-05-13 16:29:02,IG,MGB
2022-05-13 16:29:03,MGB,MWB
2022-05-13 16:29:03,IG,MGB
2022-05-13 16:29:04,MGB,MWB
2022-05-13 16:29:04,IG,MGB
2022-05-13 16:29:05,IG,MGB
2022-05-13 16:29:05,MGB,MWB
2022-05-13 16:29:06,MGB,MWB
2022-05-13 16:29:06,IG,MGB
2022-05-13 16:29:07,IG,MGB
2022-05-13 16:29:07,MGB,MWB
2022-05-13 16:29:08,IG,MGB
2022-05-13 16:29:08,MGB,MWB
2022-05-13 16:29:09,MGB,MWB
2022-05-13 16:29:09,IG,MGB
2022-05-13 16:29:10,MGB,MWB
2022-05-13 16:29:10,IG,MGB
2022-05-13 16:29:11,MGB,MWB
2022-05-13 16:29:11,IG,MGB
2022-05-13 16:29:12,MGB,MWB
2022-05-13 16:29:12,IG,MGB
2022-05-13 16:29:13,MGB,MWB
2022-05-13 16:29:13,IG,MGB
2022-05-13 16:29:14,IG,MGB
2022-05-13 16:29:14,MGB,MWB
2022-05-13 16:29:15,MGB,MWB
2022-05-13 16:29:15,IG,MGB
2022-05-13 16:29:16,IG,MGB
2022-05-13 16:29:16,MGB,MWB
2022-05-13 16:29:17,MGB,MWB
2022-05-13 16:29:17,IG,MGB
2022-05-13 16:29:18,IG,MGB
2022-05-13 16:34:26,MWB,MZ
2022-05-13 16:34:27,MWB,MZ
2022-05-13 16:34:28,MWB,MZ
2022-05-13 16:34:29,MWB,MZ
2022-05-13 16:34:30,MWB,MZ
2022-05-13 16:34:31,MWB,MZ
2022-05-13 16:34:32,MWB,MZ
2022-05-13 16:34:33,MWB,MZ
2022-05-13 16:34:34,MWB,MZ
2022-05-13 16:34:35,MWB,MZ
2022-05-13 16:34:36,MWB,MZ
2022-05-13 16:34:37,MWB,MZ
2022-05-13 16:34:38,MWB,MZ
2022-05-13 16:34:39,MWB,MZ
2022-05-13 16:34:40,MWB,MZ
2022-05-13 16:34:41,MWB,MZ
2022-05-13 16:34:42,MWB,MZ
2022-05-13 16:34:43,MWB,MZ
2022-05-13 16:34:44,MWB,MZ
2022-05-13 16:34:45,MWB,MZ
2022-05-13 16:34:46,MWB,MZ
2022-05-13 16:34:47,MWB,MZ
2022-05-13 16:34:48,MWB,MZ
2022-05-13 16:34:49,MWB,MZ
2022-05-13 16:34:50,MWB,MZ
