Timestamp,Player_ID_1,Player_ID_2
2022-05-10 16:40:03,IG,MGB
2022-05-10 16:40:03,MGB,MWB
2022-05-10 16:40:03,IG,MWB
2022-05-10 16:40:04,IG,MGB
2022-05-10 16:40:04,IG,MWB
2022-05-10 16:40:04,MGB,MWB
2022-05-10 16:40:05,IG,LL
2022-05-10 16:40:05,LL,MWB
2022-05-10 16:40:05,LL,MCM
2022-05-10 16:40:05,MCM,MGB
2022-05-10 16:40:05,MCM,MWB
2022-05-10 16:40:05,IG,MWB
2022-05-10 16:40:05,LL,MGB
2022-05-10 16:40:05,MGB,MWB
2022-05-10 16:40:05,IG,MGB
2022-05-10 16:40:05,IG,MCM
2022-05-10 16:40:06,MCM,MZ
2022-05-10 16:40:06,MGB,MWB
2022-05-10 16:40:06,IG,LL
2022-05-10 16:40:06,MCM,MGB
2022-05-10 16:40:06,MGB,MZ
2022-05-10 16:40:06,LL,MWB
2022-05-10 16:40:06,MWB,MZ
2022-05-10 16:40:06,LL,MGB
2022-05-10 16:40:06,MCM,MWB
2022-05-10 16:40:06,LL,MZ
2022-05-10 16:40:06,IG,MZ
2022-05-10 16:40:06,IG,MGB
2022-05-10 16:40:06,LL,MCM
2022-05-10 16:40:06,IG,MWB
2022-05-10 16:40:06,IG,MCM
2022-05-10 16:40:07,IG,MGB
2022-05-10 16:40:07,IG,MCM
2022-05-10 16:40:07,MGB,MWB
2022-05-10 16:40:07,MGB,MZ
2022-05-10 16:40:07,DB,MGB
2022-05-10 16:40:07,LL,MGB
2022-05-10 16:40:07,MGB,PL
2022-05-10 16:40:07,MTP,MWB
2022-05-10 16:40:07,MTP,MZ
2022-05-10 16:40:07,MTP,PL
2022-05-10 16:40:07,DB,MCM
2022-05-10 16:40:07,IG,LL
2022-05-10 16:40:07,MWB,MZ
2022-05-10 16:40:07,MWB,PL
2022-05-10 16:40:07,DB,PL
2022-05-10 16:40:07,MGB,MTP
2022-05-10 16:40:07,MCM,MZ
2022-05-10 16:40:07,LL,MCM
2022-05-10 16:40:07,LL,MTP
2022-05-10 16:40:07,DB,MWB
2022-05-10 16:40:07,IG,PL
2022-05-10 16:40:07,LL,MWB
2022-05-10 16:40:07,DB,LL
2022-05-10 16:40:07,LL,MZ
2022-05-10 16:40:07,LL,PL
2022-05-10 16:40:07,IG,MZ
2022-05-10 16:40:07,MCM,MGB
2022-05-10 16:40:07,MCM,MTP
2022-05-10 16:40:07,IG,MWB
2022-05-10 16:40:07,DB,MZ
2022-05-10 16:40:07,MCM,MWB
2022-05-10 16:40:07,DB,MTP
2022-05-10 16:40:07,IG,MTP
2022-05-10 16:40:07,MCM,PL
2022-05-10 16:40:07,MZ,PL
2022-05-10 16:40:07,DB,IG
2022-05-10 16:40:08,MWB,MZ
2022-05-10 16:40:08,MCM,MZ
2022-05-10 16:40:08,MCM,MWB
2022-05-10 16:40:08,MTP,MZ
2022-05-10 16:40:08,MGB,MTP
2022-05-10 16:40:08,DB,MCM
2022-05-10 16:40:08,LL,MTP
2022-05-10 16:40:08,IG,PL
2022-05-10 16:40:08,MZ,PL
2022-05-10 16:40:08,DB,IG
2022-05-10 16:40:08,IG,LL
2022-05-10 16:40:08,IG,MGB
2022-05-10 16:40:08,DB,PL
2022-05-10 16:40:08,IG,MTP
2022-05-10 16:40:08,LL,MWB
2022-05-10 16:40:08,MCM,PL
2022-05-10 16:40:08,MTP,MWB
2022-05-10 16:40:08,MCM,MTP
2022-05-10 16:40:08,DB,LL
2022-05-10 16:40:08,MTP,PL
2022-05-10 16:40:08,LL,MGB
2022-05-10 16:40:08,MWB,PL
2022-05-10 16:40:08,DB,MGB
2022-05-10 16:40:08,MCM,MGB
2022-05-10 16:40:08,LL,PL
2022-05-10 16:40:08,MGB,PL
2022-05-10 16:40:08,DB,MZ
2022-05-10 16:40:08,IG,MWB
2022-05-10 16:40:08,DB,MWB
2022-05-10 16:40:08,LL,MZ
2022-05-10 16:40:08,LL,MCM
2022-05-10 16:40:08,IG,MCM
2022-05-10 16:40:08,MGB,MWB
2022-05-10 16:40:08,IG,MZ
2022-05-10 16:40:08,MGB,MZ
2022-05-10 16:40:08,DB,MTP
2022-05-10 16:40:09,DB,IG
2022-05-10 16:40:09,MWB,PL
2022-05-10 16:40:09,MWB,MZ
2022-05-10 16:40:09,LL,MGB
2022-05-10 16:40:09,IG,PL
2022-05-10 16:40:09,DB,MGB
2022-05-10 16:40:09,MTP,MWB
2022-05-10 16:40:09,IG,MWB
2022-05-10 16:40:09,MZ,PL
2022-05-10 16:40:09,MTP,PL
2022-05-10 16:40:09,DB,MTP
2022-05-10 16:40:09,LL,MTP
2022-05-10 16:40:09,IG,LL
2022-05-10 16:40:09,DB,LL
2022-05-10 16:40:09,IG,MGB
2022-05-10 16:40:09,DB,PL
2022-05-10 16:40:09,MCM,MTP
2022-05-10 16:40:09,IG,MTP
2022-05-10 16:40:09,LL,MWB
2022-05-10 16:40:09,MCM,PL
2022-05-10 16:40:09,IG,MCM
2022-05-10 16:40:09,LL,MCM
2022-05-10 16:40:09,DB,MCM
2022-05-10 16:40:09,MGB,MZ
2022-05-10 16:40:09,MGB,MTP
2022-05-10 16:40:09,DB,MZ
2022-05-10 16:40:09,MCM,MZ
2022-05-10 16:40:09,MGB,PL
2022-05-10 16:40:09,LL,MZ
2022-05-10 16:40:09,LL,PL
2022-05-10 16:40:09,MTP,MZ
2022-05-10 16:40:09,MCM,MWB
2022-05-10 16:40:09,DB,MWB
2022-05-10 16:40:09,IG,MZ
2022-05-10 16:40:09,MCM,MGB
2022-05-10 16:40:09,MGB,MWB
2022-05-10 16:40:10,MGB,PL
2022-05-10 16:40:10,DB,IG
2022-05-10 16:40:10,LL,MZ
2022-05-10 16:40:10,IG,MGB
2022-05-10 16:40:10,MWB,PL
2022-05-10 16:40:10,DB,MCM
2022-05-10 16:40:10,DB,PL
2022-05-10 16:40:10,MCM,MTP
2022-05-10 16:40:10,MCM,MZ
2022-05-10 16:40:10,MGB,MWB
2022-05-10 16:40:10,IG,MTP
2022-05-10 16:40:10,IG,MCM
2022-05-10 16:40:10,LL,MWB
2022-05-10 16:40:10,MTP,MWB
2022-05-10 16:40:10,MCM,PL
2022-05-10 16:40:10,DB,LL
2022-05-10 16:40:10,MGB,MZ
2022-05-10 16:40:10,IG,LL
2022-05-10 16:40:10,MCM,MWB
2022-05-10 16:40:10,LL,MTP
2022-05-10 16:40:10,IG,MZ
2022-05-10 16:40:10,MCM,MGB
2022-05-10 16:40:10,DB,MWB
2022-05-10 16:40:10,MWB,MZ
2022-05-10 16:40:10,MGB,MTP
2022-05-10 16:40:10,LL,PL
2022-05-10 16:40:10,LL,MGB
2022-05-10 16:40:10,IG,PL
2022-05-10 16:40:10,MTP,MZ
2022-05-10 16:40:10,DB,MGB
2022-05-10 16:40:10,IG,MWB
2022-05-10 16:40:10,LL,MCM
2022-05-10 16:40:10,MTP,PL
2022-05-10 16:40:10,DB,MTP
2022-05-10 16:40:10,DB,MZ
2022-05-10 16:40:10,MZ,PL
2022-05-10 16:40:11,DB,LL
2022-05-10 16:40:11,MGB,MTP
2022-05-10 16:40:11,IG,MZ
2022-05-10 16:40:11,MGB,PL
2022-05-10 16:40:11,IG,MWB
2022-05-10 16:40:11,DB,MGB
2022-05-10 16:40:11,MCM,MTP
2022-05-10 16:40:11,DB,MZ
2022-05-10 16:40:11,MTP,PL
2022-05-10 16:40:11,LL,MGB
2022-05-10 16:40:11,LL,PL
2022-05-10 16:40:11,DB,IG
2022-05-10 16:40:11,MTP,MWB
2022-05-10 16:40:11,MCM,MGB
2022-05-10 16:40:11,MCM,MZ
2022-05-10 16:40:11,MCM,MWB
2022-05-10 16:40:11,LL,MCM
2022-05-10 16:40:11,IG,LL
2022-05-10 16:40:11,MCM,PL
2022-05-10 16:40:11,DB,MCM
2022-05-10 16:40:11,IG,PL
2022-05-10 16:40:11,MZ,PL
2022-05-10 16:40:11,DB,MTP
2022-05-10 16:40:11,MWB,MZ
2022-05-10 16:40:11,IG,MGB
2022-05-10 16:40:11,LL,MTP
2022-05-10 16:40:11,DB,PL
2022-05-10 16:40:11,DB,MWB
2022-05-10 16:40:11,MGB,MWB
2022-05-10 16:40:11,IG,MCM
2022-05-10 16:40:11,LL,MWB
2022-05-10 16:40:11,MTP,MZ
2022-05-10 16:40:11,LL,MZ
2022-05-10 16:40:11,IG,MTP
2022-05-10 16:40:11,MGB,MZ
2022-05-10 16:40:11,MWB,PL
2022-05-10 16:40:12,IG,MZ
2022-05-10 16:40:12,DB,MWB
2022-05-10 16:40:12,LL,MZ
2022-05-10 16:40:12,MWB,MZ
2022-05-10 16:40:12,DB,MTP
2022-05-10 16:40:12,MGB,MZ
2022-05-10 16:40:12,MTP,MZ
2022-05-10 16:40:12,MCM,PL
2022-05-10 16:40:12,IG,PL
2022-05-10 16:40:12,MCM,MZ
2022-05-10 16:40:12,LL,MTP
2022-05-10 16:40:12,DB,MZ
2022-05-10 16:40:12,LL,MWB
2022-05-10 16:40:12,LL,MCM
2022-05-10 16:40:12,MWB,PL
2022-05-10 16:40:12,DB,IG
2022-05-10 16:40:12,IG,MTP
2022-05-10 16:40:12,MTP,MWB
2022-05-10 16:40:12,MGB,MTP
2022-05-10 16:40:12,MCM,MGB
2022-05-10 16:40:12,MCM,MTP
2022-05-10 16:40:12,DB,MCM
2022-05-10 16:40:12,DB,LL
2022-05-10 16:40:12,MTP,PL
2022-05-10 16:40:12,DB,PL
2022-05-10 16:40:12,IG,MGB
2022-05-10 16:40:12,MZ,PL
2022-05-10 16:40:12,MCM,MWB
2022-05-10 16:40:12,LL,MGB
2022-05-10 16:40:12,DB,MGB
2022-05-10 16:40:12,IG,MWB
2022-05-10 16:40:12,MGB,PL
2022-05-10 16:40:12,LL,PL
2022-05-10 16:40:12,IG,MCM
2022-05-10 16:40:12,MGB,MWB
2022-05-10 16:40:12,IG,LL
2022-05-10 16:40:13,MGB,MZ
2022-05-10 16:40:13,LL,MCM
2022-05-10 16:40:13,IG,MWB
2022-05-10 16:40:13,DB,MCM
2022-05-10 16:40:13,LL,MWB
2022-05-10 16:40:13,MTP,MWB
2022-05-10 16:40:13,DB,MWB
2022-05-10 16:40:13,MCM,MGB
2022-05-10 16:40:13,DB,MGB
2022-05-10 16:40:13,LL,PL
2022-05-10 16:40:13,MWB,PL
2022-05-10 16:40:13,IG,MTP
2022-05-10 16:40:13,MZ,PL
2022-05-10 16:40:13,DB,PL
2022-05-10 16:40:13,IG,MGB
2022-05-10 16:40:13,MWB,MZ
2022-05-10 16:40:13,IG,PL
2022-05-10 16:40:13,MCM,PL
2022-05-10 16:40:13,LL,MTP
2022-05-10 16:40:13,MTP,MZ
2022-05-10 16:40:13,MCM,MWB
2022-05-10 16:40:13,IG,MCM
2022-05-10 16:40:13,DB,MTP
2022-05-10 16:40:13,MGB,MWB
2022-05-10 16:40:13,IG,MZ
2022-05-10 16:40:13,MCM,MZ
2022-05-10 16:40:13,LL,MZ
2022-05-10 16:40:13,DB,LL
2022-05-10 16:40:13,IG,LL
2022-05-10 16:40:13,MGB,MTP
2022-05-10 16:40:13,DB,IG
2022-05-10 16:40:13,LL,MGB
2022-05-10 16:40:13,DB,MZ
2022-05-10 16:40:13,MGB,PL
2022-05-10 16:40:13,MTP,PL
2022-05-10 16:40:13,MCM,MTP
2022-05-10 16:40:14,LL,MTP
2022-05-10 16:40:14,MGB,PL
2022-05-10 16:40:14,LL,MZ
2022-05-10 16:40:14,MTP,MZ
2022-05-10 16:40:14,MTP,PL
2022-05-10 16:40:14,MCM,MWB
2022-05-10 16:40:14,IG,MCM
2022-05-10 16:40:14,DB,MGB
2022-05-10 16:40:14,MGB,MTP
2022-05-10 16:40:14,MGB,MZ
2022-05-10 16:40:14,DB,MTP
2022-05-10 16:40:14,DB,MZ
2022-05-10 16:40:14,MGB,MWB
2022-05-10 16:40:14,IG,MZ
2022-05-10 16:40:14,DB,IG
2022-05-10 16:40:14,LL,MGB
2022-05-10 16:40:14,MCM,MZ
2022-05-10 16:40:14,DB,LL
2022-05-10 16:40:14,IG,MWB
2022-05-10 16:40:14,MCM,MTP
2022-05-10 16:40:14,MCM,PL
2022-05-10 16:40:14,MTP,MWB
2022-05-10 16:40:14,MWB,PL
2022-05-10 16:40:14,IG,MTP
2022-05-10 16:40:14,IG,PL
2022-05-10 16:40:14,MZ,PL
2022-05-10 16:40:14,LL,MWB
2022-05-10 16:40:14,DB,MCM
2022-05-10 16:40:14,MCM,MGB
2022-05-10 16:40:14,DB,PL
2022-05-10 16:40:14,LL,PL
2022-05-10 16:40:14,IG,MGB
2022-05-10 16:40:14,MWB,MZ
2022-05-10 16:40:14,LL,MCM
2022-05-10 16:40:14,IG,LL
2022-05-10 16:40:14,DB,MWB
2022-05-10 16:40:15,LL,PL
2022-05-10 16:40:15,MGB,MTP
2022-05-10 16:40:15,MZ,PL
2022-05-10 16:40:15,LL,MWB
2022-05-10 16:40:15,MWB,MZ
2022-05-10 16:40:15,MCM,PL
2022-05-10 16:40:15,LL,MZ
2022-05-10 16:40:15,DB,MGB
2022-05-10 16:40:15,MCM,MZ
2022-05-10 16:40:15,DB,MZ
2022-05-10 16:40:15,IG,LL
2022-05-10 16:40:15,MGB,MZ
2022-05-10 16:40:15,IG,MGB
2022-05-10 16:40:15,MWB,PL
2022-05-10 16:40:15,IG,PL
2022-05-10 16:40:15,DB,PL
2022-05-10 16:40:15,DB,LL
2022-05-10 16:40:15,MCM,MTP
2022-05-10 16:40:15,LL,MTP
2022-05-10 16:40:15,MGB,PL
2022-05-10 16:40:15,MTP,PL
2022-05-10 16:40:15,MTP,MZ
2022-05-10 16:40:15,IG,MCM
2022-05-10 16:40:15,DB,IG
2022-05-10 16:40:15,MCM,MWB
2022-05-10 16:40:15,IG,MTP
2022-05-10 16:40:15,IG,MWB
2022-05-10 16:40:15,IG,MZ
2022-05-10 16:40:15,DB,MWB
2022-05-10 16:40:15,LL,MCM
2022-05-10 16:40:15,DB,MCM
2022-05-10 16:40:15,MCM,MGB
2022-05-10 16:40:15,DB,MTP
2022-05-10 16:40:15,MTP,MWB
2022-05-10 16:40:15,MGB,MWB
2022-05-10 16:40:15,LL,MGB
2022-05-10 16:40:16,DB,MTP
2022-05-10 16:40:16,LL,MZ
2022-05-10 16:40:16,LL,MTP
2022-05-10 16:40:16,MCM,MZ
2022-05-10 16:40:16,DB,PL
2022-05-10 16:40:16,MGB,MWB
2022-05-10 16:40:16,MTP,MZ
2022-05-10 16:40:16,IG,PL
2022-05-10 16:40:16,IG,MGB
2022-05-10 16:40:16,MWB,PL
2022-05-10 16:40:16,IG,MZ
2022-05-10 16:40:16,MCM,MWB
2022-05-10 16:40:16,IG,LL
2022-05-10 16:40:16,LL,MGB
2022-05-10 16:40:16,MGB,MZ
2022-05-10 16:40:16,DB,IG
2022-05-10 16:40:16,MGB,PL
2022-05-10 16:40:16,IG,MCM
2022-05-10 16:40:16,DB,MZ
2022-05-10 16:40:16,MZ,PL
2022-05-10 16:40:16,DB,MWB
2022-05-10 16:40:16,DB,MCM
2022-05-10 16:40:16,MTP,PL
2022-05-10 16:40:16,MTP,MWB
2022-05-10 16:40:16,MCM,MTP
2022-05-10 16:40:16,DB,MGB
2022-05-10 16:40:16,LL,MWB
2022-05-10 16:40:16,LL,PL
2022-05-10 16:40:16,DB,LL
2022-05-10 16:40:16,LL,MCM
2022-05-10 16:40:16,MGB,MTP
2022-05-10 16:40:16,MCM,PL
2022-05-10 16:40:16,MWB,MZ
2022-05-10 16:40:16,IG,MTP
2022-05-10 16:40:16,MCM,MGB
2022-05-10 16:40:16,IG,MWB
2022-05-10 16:40:17,MWB,PL
2022-05-10 16:40:17,MGB,MWB
2022-05-10 16:40:17,DB,MWB
2022-05-10 16:40:17,IG,MGB
2022-05-10 16:40:17,LL,MGB
2022-05-10 16:40:17,DB,MZ
2022-05-10 16:40:17,MCM,MZ
2022-05-10 16:40:17,LL,MWB
2022-05-10 16:40:17,LL,MTP
2022-05-10 16:40:17,DB,LL
2022-05-10 16:40:17,IG,MWB
2022-05-10 16:40:17,MWB,MZ
2022-05-10 16:40:17,MGB,MTP
2022-05-10 16:40:17,LL,MZ
2022-05-10 16:40:17,MGB,MZ
2022-05-10 16:40:17,MCM,PL
2022-05-10 16:40:17,LL,MCM
2022-05-10 16:40:17,DB,MCM
2022-05-10 16:40:17,MTP,MWB
2022-05-10 16:40:17,MCM,MGB
2022-05-10 16:40:17,IG,MCM
2022-05-10 16:40:17,MGB,PL
2022-05-10 16:40:17,LL,PL
2022-05-10 16:40:17,MCM,MTP
2022-05-10 16:40:17,DB,IG
2022-05-10 16:40:17,IG,LL
2022-05-10 16:40:17,IG,PL
2022-05-10 16:40:17,DB,PL
2022-05-10 16:40:17,MTP,MZ
2022-05-10 16:40:17,MCM,MWB
2022-05-10 16:40:17,DB,MTP
2022-05-10 16:40:17,IG,MZ
2022-05-10 16:40:17,IG,MTP
2022-05-10 16:40:17,DB,MGB
2022-05-10 16:40:17,MTP,PL
2022-05-10 16:40:17,MZ,PL
2022-05-10 16:40:18,MCM,PL
2022-05-10 16:40:18,DB,MCM
2022-05-10 16:40:18,DB,MWB
2022-05-10 16:40:18,DB,PL
2022-05-10 16:40:18,LL,MTP
2022-05-10 16:40:18,IG,PL
2022-05-10 16:40:18,MZ,PL
2022-05-10 16:40:18,IG,LL
2022-05-10 16:40:18,IG,MWB
2022-05-10 16:40:18,MWB,PL
2022-05-10 16:40:18,MTP,MWB
2022-05-10 16:40:18,DB,IG
2022-05-10 16:40:18,MWB,MZ
2022-05-10 16:40:18,IG,MTP
2022-05-10 16:40:18,DB,LL
2022-05-10 16:40:18,MCM,MGB
2022-05-10 16:40:18,MCM,MTP
2022-05-10 16:40:18,MGB,PL
2022-05-10 16:40:18,MTP,PL
2022-05-10 16:40:18,MCM,MZ
2022-05-10 16:40:18,LL,MCM
2022-05-10 16:40:18,IG,MCM
2022-05-10 16:40:18,IG,MGB
2022-05-10 16:40:18,DB,MTP
2022-05-10 16:40:18,MTP,MZ
2022-05-10 16:40:18,IG,MZ
2022-05-10 16:40:18,LL,MGB
2022-05-10 16:40:18,LL,MZ
2022-05-10 16:40:18,DB,MZ
2022-05-10 16:40:18,MGB,MTP
2022-05-10 16:40:18,MGB,MWB
2022-05-10 16:40:18,MGB,MZ
2022-05-10 16:40:18,DB,MGB
2022-05-10 16:40:18,MCM,MWB
2022-05-10 16:40:18,LL,MWB
2022-05-10 16:40:18,LL,PL
2022-05-10 16:40:19,IG,MZ
2022-05-10 16:40:19,MWB,MZ
2022-05-10 16:40:19,MGB,PL
2022-05-10 16:40:19,DB,LL
2022-05-10 16:40:19,IG,MTP
2022-05-10 16:40:19,MTP,PL
2022-05-10 16:40:19,MGB,MWB
2022-05-10 16:40:19,MWB,PL
2022-05-10 16:40:19,LL,MZ
2022-05-10 16:40:19,DB,MTP
2022-05-10 16:40:19,IG,LL
2022-05-10 16:40:19,LL,MGB
2022-05-10 16:40:19,IG,PL
2022-05-10 16:40:19,LL,MTP
2022-05-10 16:40:19,DB,MZ
2022-05-10 16:40:19,IG,MCM
2022-05-10 16:40:19,MCM,MZ
2022-05-10 16:40:19,MCM,MWB
2022-05-10 16:40:19,IG,MGB
2022-05-10 16:40:19,MTP,MZ
2022-05-10 16:40:19,MZ,PL
2022-05-10 16:40:19,DB,PL
2022-05-10 16:40:19,LL,MWB
2022-05-10 16:40:19,MCM,MTP
2022-05-10 16:40:19,IG,MWB
2022-05-10 16:40:19,DB,MCM
2022-05-10 16:40:19,DB,MWB
2022-05-10 16:40:19,MCM,MGB
2022-05-10 16:40:19,LL,MCM
2022-05-10 16:40:19,MCM,PL
2022-05-10 16:40:19,MGB,MZ
2022-05-10 16:40:19,DB,MGB
2022-05-10 16:40:19,MGB,MTP
2022-05-10 16:40:19,DB,IG
2022-05-10 16:40:19,MTP,MWB
2022-05-10 16:40:19,LL,PL
2022-05-10 16:40:20,MGB,MTP
2022-05-10 16:40:20,MWB,PL
2022-05-10 16:40:20,IG,LL
2022-05-10 16:40:20,MCM,PL
2022-05-10 16:40:20,IG,MWB
2022-05-10 16:40:20,IG,PL
2022-05-10 16:40:20,DB,MCM
2022-05-10 16:40:20,MGB,MWB
2022-05-10 16:40:20,DB,MWB
2022-05-10 16:40:20,DB,PL
2022-05-10 16:40:20,MCM,MZ
2022-05-10 16:40:20,IG,MZ
2022-05-10 16:40:20,MZ,PL
2022-05-10 16:40:20,MTP,MZ
2022-05-10 16:40:20,LL,MCM
2022-05-10 16:40:20,LL,PL
2022-05-10 16:40:20,DB,MGB
2022-05-10 16:40:20,DB,MTP
2022-05-10 16:40:20,DB,MZ
2022-05-10 16:40:20,LL,MGB
2022-05-10 16:40:20,MCM,MWB
2022-05-10 16:40:20,LL,MZ
2022-05-10 16:40:20,IG,MGB
2022-05-10 16:40:20,MGB,MZ
2022-05-10 16:40:20,IG,MCM
2022-05-10 16:40:20,MTP,PL
2022-05-10 16:40:20,MWB,MZ
2022-05-10 16:40:20,DB,IG
2022-05-10 16:40:20,MGB,PL
2022-05-10 16:40:20,MTP,MWB
2022-05-10 16:40:20,MCM,MGB
2022-05-10 16:40:20,LL,MWB
2022-05-10 16:40:20,MCM,MTP
2022-05-10 16:40:20,DB,LL
2022-05-10 16:40:20,LL,MTP
2022-05-10 16:40:20,IG,MTP
2022-05-10 16:40:21,IG,MWB
2022-05-10 16:40:21,DB,IG
2022-05-10 16:40:21,IG,PL
2022-05-10 16:40:21,MWB,PL
2022-05-10 16:40:21,MTP,MWB
2022-05-10 16:40:21,DB,MGB
2022-05-10 16:40:21,MGB,MWB
2022-05-10 16:40:21,MCM,MGB
2022-05-10 16:40:21,MCM,MWB
2022-05-10 16:40:21,MTP,PL
2022-05-10 16:40:21,LL,MGB
2022-05-10 16:40:21,DB,MTP
2022-05-10 16:40:21,LL,PL
2022-05-10 16:40:21,IG,MCM
2022-05-10 16:40:21,IG,MZ
2022-05-10 16:40:21,MGB,MZ
2022-05-10 16:40:21,MGB,MTP
2022-05-10 16:40:21,LL,MWB
2022-05-10 16:40:21,MCM,MZ
2022-05-10 16:40:21,MCM,PL
2022-05-10 16:40:21,MWB,MZ
2022-05-10 16:40:21,MGB,PL
2022-05-10 16:40:21,LL,MCM
2022-05-10 16:40:21,DB,MZ
2022-05-10 16:40:21,LL,MZ
2022-05-10 16:40:21,DB,MCM
2022-05-10 16:40:21,LL,MTP
2022-05-10 16:40:21,IG,MGB
2022-05-10 16:40:21,IG,LL
2022-05-10 16:40:21,MCM,MTP
2022-05-10 16:40:21,DB,LL
2022-05-10 16:40:21,DB,PL
2022-05-10 16:40:21,DB,MWB
2022-05-10 16:40:21,MTP,MZ
2022-05-10 16:40:21,IG,MTP
2022-05-10 16:40:21,MZ,PL
2022-05-10 16:40:22,DB,PL
2022-05-10 16:40:22,MGB,MTP
2022-05-10 16:40:22,MWB,PL
2022-05-10 16:40:22,IG,MGB
2022-05-10 16:40:22,LL,MTP
2022-05-10 16:40:22,MCM,MGB
2022-05-10 16:40:22,IG,MTP
2022-05-10 16:40:22,DB,MZ
2022-05-10 16:40:22,LL,MWB
2022-05-10 16:40:22,MTP,MWB
2022-05-10 16:40:22,MWB,MZ
2022-05-10 16:40:22,DB,MWB
2022-05-10 16:40:22,MTP,MZ
2022-05-10 16:40:22,IG,MCM
2022-05-10 16:40:22,LL,MZ
2022-05-10 16:40:22,MTP,PL
2022-05-10 16:40:22,MCM,MTP
2022-05-10 16:40:22,LL,PL
2022-05-10 16:40:22,DB,MCM
2022-05-10 16:40:22,DB,MTP
2022-05-10 16:40:22,MCM,MWB
2022-05-10 16:40:22,MCM,PL
2022-05-10 16:40:22,MGB,PL
2022-05-10 16:40:22,DB,MGB
2022-05-10 16:40:22,DB,IG
2022-05-10 16:40:22,LL,MCM
2022-05-10 16:40:22,IG,PL
2022-05-10 16:40:22,MGB,MZ
2022-05-10 16:40:22,IG,MWB
2022-05-10 16:40:22,MZ,PL
2022-05-10 16:40:22,IG,LL
2022-05-10 16:40:22,LL,MGB
2022-05-10 16:40:22,MGB,MWB
2022-05-10 16:40:22,IG,MZ
2022-05-10 16:40:22,MCM,MZ
2022-05-10 16:40:22,DB,LL
2022-05-10 16:40:23,IG,LL
2022-05-10 16:40:23,MWB,MZ
2022-05-10 16:40:23,IG,MZ
2022-05-10 16:40:23,IG,PL
2022-05-10 16:40:23,MTP,PL
2022-05-10 16:40:23,MCM,MWB
2022-05-10 16:40:23,DB,MTP
2022-05-10 16:40:23,DB,PL
2022-05-10 16:40:23,LL,MZ
2022-05-10 16:40:23,MTP,MZ
2022-05-10 16:40:23,MCM,MZ
2022-05-10 16:40:23,IG,MWB
2022-05-10 16:40:23,MCM,MTP
2022-05-10 16:40:23,MWB,PL
2022-05-10 16:40:23,DB,LL
2022-05-10 16:40:23,MZ,PL
2022-05-10 16:40:23,MGB,PL
2022-05-10 16:40:23,DB,MCM
2022-05-10 16:40:23,MGB,MZ
2022-05-10 16:40:23,IG,MCM
2022-05-10 16:40:23,IG,MGB
2022-05-10 16:40:23,LL,MCM
2022-05-10 16:40:23,DB,MWB
2022-05-10 16:40:23,LL,MTP
2022-05-10 16:40:23,LL,PL
2022-05-10 16:40:23,MTP,MWB
2022-05-10 16:40:23,DB,MZ
2022-05-10 16:40:23,MGB,MTP
2022-05-10 16:40:23,MCM,MGB
2022-05-10 16:40:23,MCM,PL
2022-05-10 16:40:23,IG,MTP
2022-05-10 16:40:23,DB,IG
2022-05-10 16:40:23,MGB,MWB
2022-05-10 16:40:23,LL,MWB
2022-05-10 16:40:23,DB,MGB
2022-05-10 16:40:23,LL,MGB
2022-05-10 16:40:24,MGB,MTP
2022-05-10 16:40:24,MCM,MWB
2022-05-10 16:40:24,DB,PL
2022-05-10 16:40:24,DB,MGB
2022-05-10 16:40:24,DB,MTP
2022-05-10 16:40:24,MTP,PL
2022-05-10 16:40:24,DB,MCM
2022-05-10 16:40:24,DB,MZ
2022-05-10 16:40:24,MTP,MWB
2022-05-10 16:40:24,IG,MGB
2022-05-10 16:40:24,MCM,MZ
2022-05-10 16:40:24,LL,MCM
2022-05-10 16:40:24,MCM,MGB
2022-05-10 16:40:24,LL,MZ
2022-05-10 16:40:24,DB,MWB
2022-05-10 16:40:24,LL,PL
2022-05-10 16:40:24,DB,IG
2022-05-10 16:40:24,LL,MTP
2022-05-10 16:40:24,IG,MCM
2022-05-10 16:40:24,LL,MWB
2022-05-10 16:40:24,MTP,MZ
2022-05-10 16:40:24,LL,MGB
2022-05-10 16:40:24,MGB,PL
2022-05-10 16:40:24,MGB,MZ
2022-05-10 16:40:24,DB,LL
2022-05-10 16:40:24,IG,MZ
2022-05-10 16:40:24,MCM,PL
2022-05-10 16:40:24,IG,LL
2022-05-10 16:40:24,IG,MTP
2022-05-10 16:40:24,IG,MWB
2022-05-10 16:40:24,MWB,PL
2022-05-10 16:40:24,IG,PL
2022-05-10 16:40:24,MZ,PL
2022-05-10 16:40:24,MCM,MTP
2022-05-10 16:40:24,MWB,MZ
2022-05-10 16:40:24,MGB,MWB
2022-05-10 16:40:25,MWB,PL
2022-05-10 16:40:25,DB,LL
2022-05-10 16:40:25,DB,IG
2022-05-10 16:40:25,DB,MWB
2022-05-10 16:40:25,MCM,MGB
2022-05-10 16:40:25,MGB,MZ
2022-05-10 16:40:25,IG,MWB
2022-05-10 16:40:25,IG,MCM
2022-05-10 16:40:25,MCM,MTP
2022-05-10 16:40:25,MCM,PL
2022-05-10 16:40:25,MGB,MTP
2022-05-10 16:40:25,DB,MGB
2022-05-10 16:40:25,MZ,PL
2022-05-10 16:40:25,MTP,MZ
2022-05-10 16:40:25,LL,MCM
2022-05-10 16:40:25,IG,MGB
2022-05-10 16:40:25,IG,PL
2022-05-10 16:40:25,DB,MTP
2022-05-10 16:40:25,LL,MWB
2022-05-10 16:40:25,LL,PL
2022-05-10 16:40:25,MCM,MZ
2022-05-10 16:40:25,DB,PL
2022-05-10 16:40:25,MWB,MZ
2022-05-10 16:40:25,DB,MCM
2022-05-10 16:40:25,MCM,MWB
2022-05-10 16:40:25,IG,MZ
2022-05-10 16:40:25,IG,MTP
2022-05-10 16:40:25,MTP,MWB
2022-05-10 16:40:25,IG,LL
2022-05-10 16:40:25,LL,MGB
2022-05-10 16:40:25,MGB,MWB
2022-05-10 16:40:25,DB,MZ
2022-05-10 16:40:25,LL,MTP
2022-05-10 16:40:25,LL,MZ
2022-05-10 16:40:25,MGB,PL
2022-05-10 16:40:25,MTP,PL
2022-05-10 16:40:26,MCM,MTP
2022-05-10 16:40:26,LL,MGB
2022-05-10 16:40:26,IG,LL
2022-05-10 16:40:26,MGB,PL
2022-05-10 16:40:26,IG,MZ
2022-05-10 16:40:26,DB,LL
2022-05-10 16:40:26,MZ,PL
2022-05-10 16:40:26,MTP,PL
2022-05-10 16:40:26,DB,MZ
2022-05-10 16:40:26,DB,IG
2022-05-10 16:40:26,LL,MCM
2022-05-10 16:40:26,MTP,MWB
2022-05-10 16:40:26,MCM,MZ
2022-05-10 16:40:26,MCM,PL
2022-05-10 16:40:26,MWB,PL
2022-05-10 16:40:26,MGB,MWB
2022-05-10 16:40:26,IG,MGB
2022-05-10 16:40:26,LL,PL
2022-05-10 16:40:26,IG,MWB
2022-05-10 16:40:26,MCM,MGB
2022-05-10 16:40:26,LL,MZ
2022-05-10 16:40:26,DB,MWB
2022-05-10 16:40:26,MWB,MZ
2022-05-10 16:40:26,DB,MGB
2022-05-10 16:40:26,IG,MTP
2022-05-10 16:40:26,MCM,MWB
2022-05-10 16:40:26,LL,MTP
2022-05-10 16:40:26,IG,PL
2022-05-10 16:40:26,MTP,MZ
2022-05-10 16:40:26,DB,MTP
2022-05-10 16:40:26,IG,MCM
2022-05-10 16:40:26,DB,PL
2022-05-10 16:40:26,LL,MWB
2022-05-10 16:40:26,DB,MCM
2022-05-10 16:40:26,MGB,MZ
2022-05-10 16:40:26,MGB,MTP
2022-05-10 16:40:27,MGB,MTP
2022-05-10 16:40:27,LL,PL
2022-05-10 16:40:27,MCM,MWB
2022-05-10 16:40:27,MTP,PL
2022-05-10 16:40:27,DB,LL
2022-05-10 16:40:27,IG,PL
2022-05-10 16:40:27,DB,MGB
2022-05-10 16:40:27,MWB,PL
2022-05-10 16:40:27,DB,PL
2022-05-10 16:40:27,MTP,MZ
2022-05-10 16:40:27,MGB,MWB
2022-05-10 16:40:27,DB,MCM
2022-05-10 16:40:27,DB,IG
2022-05-10 16:40:27,MCM,MZ
2022-05-10 16:40:27,IG,MZ
2022-05-10 16:40:27,MTP,MWB
2022-05-10 16:40:27,IG,LL
2022-05-10 16:40:27,DB,MZ
2022-05-10 16:40:27,LL,MGB
2022-05-10 16:40:27,LL,MWB
2022-05-10 16:40:27,MCM,MGB
2022-05-10 16:40:27,IG,MTP
2022-05-10 16:40:27,MCM,PL
2022-05-10 16:40:27,MWB,MZ
2022-05-10 16:40:27,LL,MZ
2022-05-10 16:40:27,DB,MTP
2022-05-10 16:40:27,LL,MTP
2022-05-10 16:40:27,IG,MWB
2022-05-10 16:40:27,DB,MWB
2022-05-10 16:40:27,IG,MGB
2022-05-10 16:40:27,MCM,MTP
2022-05-10 16:40:27,MGB,MZ
2022-05-10 16:40:27,IG,MCM
2022-05-10 16:40:27,MGB,PL
2022-05-10 16:40:27,LL,MCM
2022-05-10 16:40:27,MZ,PL
2022-05-10 16:40:28,MTP,MZ
2022-05-10 16:40:28,MZ,PL
2022-05-10 16:40:28,DB,MGB
2022-05-10 16:40:28,LL,MCM
2022-05-10 16:40:28,IG,MTP
2022-05-10 16:40:28,IG,LL
2022-05-10 16:40:28,MGB,MZ
2022-05-10 16:40:28,LL,MZ
2022-05-10 16:40:28,MGB,PL
2022-05-10 16:40:28,MCM,MZ
2022-05-10 16:40:28,DB,MWB
2022-05-10 16:40:28,MGB,MTP
2022-05-10 16:40:28,LL,MWB
2022-05-10 16:40:28,IG,MWB
2022-05-10 16:40:28,MTP,PL
2022-05-10 16:40:28,DB,MZ
2022-05-10 16:40:28,DB,IG
2022-05-10 16:40:28,MWB,PL
2022-05-10 16:40:28,MWB,MZ
2022-05-10 16:40:28,IG,MCM
2022-05-10 16:40:28,DB,LL
2022-05-10 16:40:28,MCM,MWB
2022-05-10 16:40:28,DB,MTP
2022-05-10 16:40:28,IG,MGB
2022-05-10 16:40:28,DB,PL
2022-05-10 16:40:28,MGB,MWB
2022-05-10 16:40:28,DB,MCM
2022-05-10 16:40:28,LL,PL
2022-05-10 16:40:28,MCM,MGB
2022-05-10 16:40:28,LL,MGB
2022-05-10 16:40:28,IG,MZ
2022-05-10 16:40:28,MTP,MWB
2022-05-10 16:40:28,MCM,MTP
2022-05-10 16:40:28,IG,PL
2022-05-10 16:40:28,MCM,PL
2022-05-10 16:40:28,LL,MTP
2022-05-10 16:40:29,DB,MZ
2022-05-10 16:40:29,MWB,MZ
2022-05-10 16:40:29,LL,MWB
2022-05-10 16:40:29,MGB,PL
2022-05-10 16:40:29,DB,IG
2022-05-10 16:40:29,MTP,MWB
2022-05-10 16:40:29,LL,MTP
2022-05-10 16:40:29,DB,MWB
2022-05-10 16:40:29,MCM,MZ
2022-05-10 16:40:29,LL,MZ
2022-05-10 16:40:29,IG,MGB
2022-05-10 16:40:29,DB,MTP
2022-05-10 16:40:29,LL,MGB
2022-05-10 16:40:29,MGB,MWB
2022-05-10 16:40:29,DB,MCM
2022-05-10 16:40:29,IG,MZ
2022-05-10 16:40:29,MCM,MTP
2022-05-10 16:40:29,IG,LL
2022-05-10 16:40:29,IG,MWB
2022-05-10 16:40:29,IG,PL
2022-05-10 16:40:29,DB,PL
2022-05-10 16:40:29,MGB,MTP
2022-05-10 16:40:29,IG,MCM
2022-05-10 16:40:29,MTP,MZ
2022-05-10 16:40:29,MWB,PL
2022-05-10 16:40:29,DB,LL
2022-05-10 16:40:29,MCM,MGB
2022-05-10 16:40:29,IG,MTP
2022-05-10 16:40:29,LL,PL
2022-05-10 16:40:29,MGB,MZ
2022-05-10 16:40:29,MCM,MWB
2022-05-10 16:40:29,MZ,PL
2022-05-10 16:40:29,LL,MCM
2022-05-10 16:40:29,MCM,PL
2022-05-10 16:40:29,MTP,PL
2022-05-10 16:40:29,DB,MGB
2022-05-10 16:40:30,DB,MCM
2022-05-10 16:40:30,DB,MZ
2022-05-10 16:40:30,DB,PL
2022-05-10 16:40:30,DB,LL
2022-05-10 16:40:30,LL,MGB
2022-05-10 16:40:30,MCM,MZ
2022-05-10 16:40:30,LL,MCM
2022-05-10 16:40:30,IG,LL
2022-05-10 16:40:30,LL,PL
2022-05-10 16:40:30,MGB,MWB
2022-05-10 16:40:30,MTP,PL
2022-05-10 16:40:30,MCM,PL
2022-05-10 16:40:30,DB,MTP
2022-05-10 16:40:30,MZ,PL
2022-05-10 16:40:30,MGB,MTP
2022-05-10 16:40:30,IG,MZ
2022-05-10 16:40:30,IG,MGB
2022-05-10 16:40:30,LL,MZ
2022-05-10 16:40:30,MCM,MTP
2022-05-10 16:40:30,IG,PL
2022-05-10 16:40:30,IG,MCM
2022-05-10 16:40:30,DB,MGB
2022-05-10 16:40:30,MWB,MZ
2022-05-10 16:40:30,MGB,PL
2022-05-10 16:40:30,LL,MWB
2022-05-10 16:40:30,DB,MWB
2022-05-10 16:40:30,MGB,MZ
2022-05-10 16:40:30,MCM,MWB
2022-05-10 16:40:30,DB,IG
2022-05-10 16:40:30,MTP,MWB
2022-05-10 16:40:30,LL,MTP
2022-05-10 16:40:30,MCM,MGB
2022-05-10 16:40:30,IG,MWB
2022-05-10 16:40:30,MTP,MZ
2022-05-10 16:40:30,MWB,PL
2022-05-10 16:40:30,IG,MTP
2022-05-10 16:40:31,LL,MCM
2022-05-10 16:40:31,LL,MGB
2022-05-10 16:40:31,LL,MWB
2022-05-10 16:40:31,IG,MTP
2022-05-10 16:40:31,IG,LL
2022-05-10 16:40:31,DB,MGB
2022-05-10 16:40:31,MCM,MTP
2022-05-10 16:40:31,MCM,MGB
2022-05-10 16:40:31,IG,MWB
2022-05-10 16:40:31,MGB,MZ
2022-05-10 16:40:31,DB,IG
2022-05-10 16:40:31,DB,PL
2022-05-10 16:40:31,MZ,PL
2022-05-10 16:40:31,MTP,PL
2022-05-10 16:40:31,MGB,MTP
2022-05-10 16:40:31,LL,MTP
2022-05-10 16:40:31,DB,LL
2022-05-10 16:40:31,MTP,MZ
2022-05-10 16:40:31,MWB,PL
2022-05-10 16:40:31,MTP,MWB
2022-05-10 16:40:31,MCM,MWB
2022-05-10 16:40:31,DB,MZ
2022-05-10 16:40:31,IG,MCM
2022-05-10 16:40:31,MWB,MZ
2022-05-10 16:40:31,LL,MZ
2022-05-10 16:40:31,MGB,PL
2022-05-10 16:40:31,DB,MWB
2022-05-10 16:40:31,MCM,PL
2022-05-10 16:40:31,IG,MGB
2022-05-10 16:40:31,DB,MTP
2022-05-10 16:40:31,MCM,MZ
2022-05-10 16:40:31,MGB,MWB
2022-05-10 16:40:31,IG,MZ
2022-05-10 16:40:31,DB,MCM
2022-05-10 16:40:31,IG,PL
2022-05-10 16:40:31,LL,PL
2022-05-10 16:40:32,MWB,MZ
2022-05-10 16:40:32,MGB,PL
2022-05-10 16:40:32,MCM,MTP
2022-05-10 16:40:32,DB,MGB
2022-05-10 16:40:32,MGB,MZ
2022-05-10 16:40:32,IG,MTP
2022-05-10 16:40:32,LL,MCM
2022-05-10 16:40:32,LL,PL
2022-05-10 16:40:32,DB,LL
2022-05-10 16:40:32,MWB,PL
2022-05-10 16:40:32,MTP,MWB
2022-05-10 16:40:32,MCM,MWB
2022-05-10 16:40:32,IG,MCM
2022-05-10 16:40:32,LL,MTP
2022-05-10 16:40:32,MCM,PL
2022-05-10 16:40:32,DB,MTP
2022-05-10 16:40:32,MGB,MWB
2022-05-10 16:40:32,IG,MZ
2022-05-10 16:40:32,DB,MCM
2022-05-10 16:40:32,DB,MZ
2022-05-10 16:40:32,LL,MGB
2022-05-10 16:40:32,MCM,MGB
2022-05-10 16:40:32,IG,MGB
2022-05-10 16:40:32,MTP,PL
2022-05-10 16:40:32,DB,IG
2022-05-10 16:40:32,LL,MZ
2022-05-10 16:40:32,DB,PL
2022-05-10 16:40:32,MZ,PL
2022-05-10 16:40:32,MGB,MTP
2022-05-10 16:40:32,MTP,MZ
2022-05-10 16:40:32,LL,MWB
2022-05-10 16:40:32,IG,LL
2022-05-10 16:40:32,IG,PL
2022-05-10 16:40:32,MCM,MZ
2022-05-10 16:40:32,DB,MWB
2022-05-10 16:40:32,IG,MWB
2022-05-10 16:40:33,MGB,MZ
2022-05-10 16:40:33,IG,MTP
2022-05-10 16:40:33,MCM,MGB
2022-05-10 16:40:33,DB,MGB
2022-05-10 16:40:33,MCM,MZ
2022-05-10 16:40:33,MTP,PL
2022-05-10 16:40:33,MCM,MTP
2022-05-10 16:40:33,LL,MZ
2022-05-10 16:40:33,IG,MCM
2022-05-10 16:40:33,IG,PL
2022-05-10 16:40:33,MTP,MWB
2022-05-10 16:40:33,LL,PL
2022-05-10 16:40:33,MZ,PL
2022-05-10 16:40:33,IG,MGB
2022-05-10 16:40:33,LL,MCM
2022-05-10 16:40:33,DB,MCM
2022-05-10 16:40:33,IG,LL
2022-05-10 16:40:33,DB,MTP
2022-05-10 16:40:33,MGB,MWB
2022-05-10 16:40:33,MCM,MWB
2022-05-10 16:40:33,IG,MZ
2022-05-10 16:40:33,MTP,MZ
2022-05-10 16:40:33,MGB,MTP
2022-05-10 16:40:33,MGB,PL
2022-05-10 16:40:33,DB,MWB
2022-05-10 16:40:33,DB,MZ
2022-05-10 16:40:33,LL,MGB
2022-05-10 16:40:33,MWB,PL
2022-05-10 16:40:33,MWB,MZ
2022-05-10 16:40:33,MCM,PL
2022-05-10 16:40:33,LL,MWB
2022-05-10 16:40:33,DB,PL
2022-05-10 16:40:33,DB,IG
2022-05-10 16:40:33,IG,MWB
2022-05-10 16:40:33,LL,MTP
2022-05-10 16:40:33,DB,LL
2022-05-10 16:40:34,MCM,MZ
2022-05-10 16:40:34,DB,MCM
2022-05-10 16:40:34,IG,MZ
2022-05-10 16:40:34,IG,PL
2022-05-10 16:40:34,MCM,MWB
2022-05-10 16:40:34,IG,LL
2022-05-10 16:40:34,DB,MTP
2022-05-10 16:40:34,DB,IG
2022-05-10 16:40:34,LL,MTP
2022-05-10 16:40:34,MGB,MZ
2022-05-10 16:40:34,MTP,MWB
2022-05-10 16:40:34,IG,MGB
2022-05-10 16:40:34,LL,MWB
2022-05-10 16:40:34,IG,MTP
2022-05-10 16:40:34,IG,MCM
2022-05-10 16:40:34,LL,MZ
2022-05-10 16:40:34,IG,MWB
2022-05-10 16:40:34,MTP,MZ
2022-05-10 16:40:34,DB,PL
2022-05-10 16:40:34,MWB,MZ
2022-05-10 16:40:34,MCM,PL
2022-05-10 16:40:34,MWB,PL
2022-05-10 16:40:34,LL,MGB
2022-05-10 16:40:34,LL,PL
2022-05-10 16:40:34,MCM,MGB
2022-05-10 16:40:34,DB,MWB
2022-05-10 16:40:34,MZ,PL
2022-05-10 16:40:34,DB,MZ
2022-05-10 16:40:34,MGB,MWB
2022-05-10 16:40:34,DB,LL
2022-05-10 16:40:34,DB,MGB
2022-05-10 16:40:34,MGB,MTP
2022-05-10 16:40:34,MCM,MTP
2022-05-10 16:40:34,LL,MCM
2022-05-10 16:40:34,MTP,PL
2022-05-10 16:40:34,MGB,PL
2022-05-10 16:40:35,MCM,PL
2022-05-10 16:40:35,DB,MWB
2022-05-10 16:40:35,LL,MZ
2022-05-10 16:40:35,MTP,MZ
2022-05-10 16:40:35,MTP,MWB
2022-05-10 16:40:35,MCM,MWB
2022-05-10 16:40:35,IG,PL
2022-05-10 16:40:35,MCM,MZ
2022-05-10 16:40:35,IG,MCM
2022-05-10 16:40:35,MGB,MTP
2022-05-10 16:40:35,MZ,PL
2022-05-10 16:40:35,MWB,PL
2022-05-10 16:40:35,MTP,PL
2022-05-10 16:40:35,DB,PL
2022-05-10 16:40:35,LL,PL
2022-05-10 16:40:35,DB,LL
2022-05-10 16:40:35,IG,MWB
2022-05-10 16:40:35,MGB,MWB
2022-05-10 16:40:35,IG,MTP
2022-05-10 16:40:35,IG,LL
2022-05-10 16:40:35,LL,MWB
2022-05-10 16:40:35,MWB,MZ
2022-05-10 16:40:35,IG,MGB
2022-05-10 16:40:35,LL,MGB
2022-05-10 16:40:35,MGB,PL
2022-05-10 16:40:35,IG,MZ
2022-05-10 16:40:35,MCM,MTP
2022-05-10 16:40:35,MCM,MGB
2022-05-10 16:40:35,DB,MZ
2022-05-10 16:40:35,DB,MGB
2022-05-10 16:40:35,DB,MCM
2022-05-10 16:40:35,DB,IG
2022-05-10 16:40:35,LL,MCM
2022-05-10 16:40:35,LL,MTP
2022-05-10 16:40:35,MGB,MZ
2022-05-10 16:40:35,DB,MTP
2022-05-10 16:40:36,MCM,MGB
2022-05-10 16:40:36,MGB,MTP
2022-05-10 16:40:36,MWB,PL
2022-05-10 16:40:36,DB,MZ
2022-05-10 16:40:36,MGB,PL
2022-05-10 16:40:36,IG,MWB
2022-05-10 16:40:36,MWB,MZ
2022-05-10 16:40:36,MTP,MZ
2022-05-10 16:40:36,LL,MGB
2022-05-10 16:40:36,LL,PL
2022-05-10 16:40:36,MCM,MTP
2022-05-10 16:40:36,DB,PL
2022-05-10 16:40:36,MGB,MZ
2022-05-10 16:40:36,DB,MGB
2022-05-10 16:40:36,LL,MCM
2022-05-10 16:40:36,MZ,PL
2022-05-10 16:40:36,IG,MCM
2022-05-10 16:40:36,IG,MGB
2022-05-10 16:40:36,MTP,MWB
2022-05-10 16:40:36,MTP,PL
2022-05-10 16:40:36,MGB,MWB
2022-05-10 16:40:36,IG,MTP
2022-05-10 16:40:36,DB,MWB
2022-05-10 16:40:36,DB,MTP
2022-05-10 16:40:36,LL,MZ
2022-05-10 16:40:36,DB,IG
2022-05-10 16:40:36,MCM,PL
2022-05-10 16:40:36,DB,LL
2022-05-10 16:40:36,LL,MWB
2022-05-10 16:40:36,MCM,MWB
2022-05-10 16:40:36,LL,MTP
2022-05-10 16:40:36,IG,MZ
2022-05-10 16:40:36,IG,LL
2022-05-10 16:40:36,DB,MCM
2022-05-10 16:40:36,MCM,MZ
2022-05-10 16:40:36,IG,PL
2022-05-10 16:40:37,MWB,PL
2022-05-10 16:40:37,DB,MCM
2022-05-10 16:40:37,IG,MGB
2022-05-10 16:40:37,DB,MTP
2022-05-10 16:40:37,DB,MZ
2022-05-10 16:40:37,MCM,MGB
2022-05-10 16:40:37,MGB,MZ
2022-05-10 16:40:37,LL,MGB
2022-05-10 16:40:37,MCM,PL
2022-05-10 16:40:37,LL,PL
2022-05-10 16:40:37,DB,LL
2022-05-10 16:40:37,MCM,MZ
2022-05-10 16:40:37,MTP,PL
2022-05-10 16:40:37,MCM,MWB
2022-05-10 16:40:37,IG,MZ
2022-05-10 16:40:37,IG,MCM
2022-05-10 16:40:37,DB,PL
2022-05-10 16:40:37,MGB,MWB
2022-05-10 16:40:37,IG,PL
2022-05-10 16:40:37,DB,MWB
2022-05-10 16:40:37,MTP,MWB
2022-05-10 16:40:37,IG,LL
2022-05-10 16:40:37,MWB,MZ
2022-05-10 16:40:37,MTP,MZ
2022-05-10 16:40:37,MGB,PL
2022-05-10 16:40:37,LL,MZ
2022-05-10 16:40:37,MZ,PL
2022-05-10 16:40:37,IG,MWB
2022-05-10 16:40:37,MGB,MTP
2022-05-10 16:40:37,DB,MGB
2022-05-10 16:40:37,IG,MTP
2022-05-10 16:40:37,LL,MWB
2022-05-10 16:40:37,LL,MTP
2022-05-10 16:40:37,MCM,MTP
2022-05-10 16:40:37,LL,MCM
2022-05-10 16:40:37,DB,IG
2022-05-10 16:40:38,DB,MZ
2022-05-10 16:40:38,IG,MGB
2022-05-10 16:40:38,DB,MWB
2022-05-10 16:40:38,MGB,MWB
2022-05-10 16:40:38,MCM,MWB
2022-05-10 16:40:38,DB,MGB
2022-05-10 16:40:38,DB,MCM
2022-05-10 16:40:38,IG,MTP
2022-05-10 16:40:38,IG,MWB
2022-05-10 16:40:38,MCM,PL
2022-05-10 16:40:38,LL,MZ
2022-05-10 16:40:38,DB,LL
2022-05-10 16:40:38,LL,MWB
2022-05-10 16:40:38,MTP,PL
2022-05-10 16:40:38,DB,IG
2022-05-10 16:40:38,IG,LL
2022-05-10 16:40:38,LL,MTP
2022-05-10 16:40:38,MWB,MZ
2022-05-10 16:40:38,LL,MCM
2022-05-10 16:40:38,IG,MZ
2022-05-10 16:40:38,MGB,MZ
2022-05-10 16:40:38,DB,PL
2022-05-10 16:40:38,LL,PL
2022-05-10 16:40:38,LL,MGB
2022-05-10 16:40:38,MCM,MTP
2022-05-10 16:40:38,MZ,PL
2022-05-10 16:40:38,MGB,MTP
2022-05-10 16:40:38,DB,MTP
2022-05-10 16:40:38,IG,MCM
2022-05-10 16:40:38,MGB,PL
2022-05-10 16:40:38,MCM,MZ
2022-05-10 16:40:38,MCM,MGB
2022-05-10 16:40:38,IG,PL
2022-05-10 16:40:38,MTP,MWB
2022-05-10 16:40:38,MWB,PL
2022-05-10 16:40:38,MTP,MZ
2022-05-10 16:40:39,DB,IG
2022-05-10 16:40:39,IG,MGB
2022-05-10 16:40:39,MGB,MWB
2022-05-10 16:40:39,DB,PL
2022-05-10 16:40:39,MTP,MWB
2022-05-10 16:40:39,LL,MGB
2022-05-10 16:40:39,DB,MCM
2022-05-10 16:40:39,MCM,MTP
2022-05-10 16:40:39,LL,MWB
2022-05-10 16:40:39,IG,LL
2022-05-10 16:40:39,DB,MZ
2022-05-10 16:40:39,MCM,MZ
2022-05-10 16:40:39,MWB,MZ
2022-05-10 16:40:39,DB,MGB
2022-05-10 16:40:39,MCM,MGB
2022-05-10 16:40:39,LL,MCM
2022-05-10 16:40:39,IG,MWB
2022-05-10 16:40:39,MTP,MZ
2022-05-10 16:40:39,MGB,PL
2022-05-10 16:40:39,IG,MCM
2022-05-10 16:40:39,DB,MWB
2022-05-10 16:40:39,MCM,MWB
2022-05-10 16:40:39,MZ,PL
2022-05-10 16:40:39,MCM,PL
2022-05-10 16:40:39,MWB,PL
2022-05-10 16:40:39,MGB,MTP
2022-05-10 16:40:39,IG,MTP
2022-05-10 16:40:39,LL,PL
2022-05-10 16:40:39,IG,PL
2022-05-10 16:40:39,MGB,MZ
2022-05-10 16:40:39,DB,MTP
2022-05-10 16:40:39,LL,MTP
2022-05-10 16:40:39,LL,MZ
2022-05-10 16:40:39,IG,MZ
2022-05-10 16:40:39,DB,LL
2022-05-10 16:40:39,MTP,PL
2022-05-10 16:40:40,IG,PL
2022-05-10 16:40:40,MTP,MZ
2022-05-10 16:40:40,MWB,MZ
2022-05-10 16:40:40,LL,MTP
2022-05-10 16:40:40,DB,PL
2022-05-10 16:40:40,MCM,MTP
2022-05-10 16:40:40,MZ,PL
2022-05-10 16:40:40,LL,PL
2022-05-10 16:40:40,LL,MWB
2022-05-10 16:40:40,IG,MZ
2022-05-10 16:40:40,MGB,MTP
2022-05-10 16:40:40,LL,MCM
2022-05-10 16:40:40,IG,MCM
2022-05-10 16:40:40,MGB,PL
2022-05-10 16:40:40,MCM,MGB
2022-05-10 16:40:40,DB,MTP
2022-05-10 16:40:40,MGB,MWB
2022-05-10 16:40:40,MTP,PL
2022-05-10 16:40:40,DB,IG
2022-05-10 16:40:40,LL,MZ
2022-05-10 16:40:40,MGB,MZ
2022-05-10 16:40:40,DB,MZ
2022-05-10 16:40:40,LL,MGB
2022-05-10 16:40:40,IG,MTP
2022-05-10 16:40:40,IG,LL
2022-05-10 16:40:40,IG,MGB
2022-05-10 16:40:40,DB,MGB
2022-05-10 16:40:40,MCM,PL
2022-05-10 16:40:40,DB,MCM
2022-05-10 16:40:40,MCM,MWB
2022-05-10 16:40:40,DB,MWB
2022-05-10 16:40:40,IG,MWB
2022-05-10 16:40:40,MWB,PL
2022-05-10 16:40:40,MTP,MWB
2022-05-10 16:40:40,MCM,MZ
2022-05-10 16:40:40,DB,LL
2022-05-10 16:40:41,IG,LL
2022-05-10 16:40:41,MGB,MZ
2022-05-10 16:40:41,IG,MCM
2022-05-10 16:40:41,IG,PL
2022-05-10 16:40:41,IG,MTP
2022-05-10 16:40:41,MCM,MTP
2022-05-10 16:40:41,MGB,PL
2022-05-10 16:40:41,MTP,MWB
2022-05-10 16:40:41,MTP,MZ
2022-05-10 16:40:41,IG,MZ
2022-05-10 16:40:41,MCM,MWB
2022-05-10 16:40:41,MCM,PL
2022-05-10 16:40:41,DB,MTP
2022-05-10 16:40:41,DB,PL
2022-05-10 16:40:41,MCM,MGB
2022-05-10 16:40:41,IG,MGB
2022-05-10 16:40:41,LL,MGB
2022-05-10 16:40:41,DB,MCM
2022-05-10 16:40:41,DB,MWB
2022-05-10 16:40:41,MWB,MZ
2022-05-10 16:40:41,MGB,MTP
2022-05-10 16:40:41,MGB,MWB
2022-05-10 16:40:41,MWB,PL
2022-05-10 16:40:41,DB,IG
2022-05-10 16:40:41,MZ,PL
2022-05-10 16:40:41,DB,MGB
2022-05-10 16:40:41,DB,LL
2022-05-10 16:40:41,LL,MZ
2022-05-10 16:40:41,MCM,MZ
2022-05-10 16:40:41,IG,MWB
2022-05-10 16:40:41,LL,MCM
2022-05-10 16:40:41,LL,MWB
2022-05-10 16:40:41,LL,MTP
2022-05-10 16:40:41,LL,PL
2022-05-10 16:40:41,MTP,PL
2022-05-10 16:40:41,DB,MZ
2022-05-10 16:40:42,MCM,MGB
2022-05-10 16:40:42,MGB,MZ
2022-05-10 16:40:42,DB,MWB
2022-05-10 16:40:42,IG,PL
2022-05-10 16:40:42,MTP,MZ
2022-05-10 16:40:42,DB,MZ
2022-05-10 16:40:42,MGB,PL
2022-05-10 16:40:42,LL,MZ
2022-05-10 16:40:42,IG,MWB
2022-05-10 16:40:42,MCM,MWB
2022-05-10 16:40:42,IG,MZ
2022-05-10 16:40:42,MCM,PL
2022-05-10 16:40:42,MTP,PL
2022-05-10 16:40:42,MTP,MWB
2022-05-10 16:40:42,MWB,PL
2022-05-10 16:40:42,MWB,MZ
2022-05-10 16:40:42,DB,MGB
2022-05-10 16:40:42,IG,MTP
2022-05-10 16:40:42,DB,MCM
2022-05-10 16:40:42,MCM,MZ
2022-05-10 16:40:42,LL,MWB
2022-05-10 16:40:42,LL,MTP
2022-05-10 16:40:42,LL,PL
2022-05-10 16:40:42,IG,MGB
2022-05-10 16:40:42,LL,MGB
2022-05-10 16:40:42,MZ,PL
2022-05-10 16:40:42,DB,IG
2022-05-10 16:40:42,DB,MTP
2022-05-10 16:40:42,DB,LL
2022-05-10 16:40:42,IG,LL
2022-05-10 16:40:42,DB,PL
2022-05-10 16:40:42,LL,MCM
2022-05-10 16:40:42,MGB,MWB
2022-05-10 16:40:42,IG,MCM
2022-05-10 16:40:42,MGB,MTP
2022-05-10 16:40:42,MCM,MTP
2022-05-10 16:40:43,MWB,PL
2022-05-10 16:40:43,IG,MWB
2022-05-10 16:40:43,MGB,MWB
2022-05-10 16:40:43,LL,PL
2022-05-10 16:40:43,MZ,PL
2022-05-10 16:40:43,IG,MCM
2022-05-10 16:40:43,MTP,PL
2022-05-10 16:40:43,DB,MWB
2022-05-10 16:40:43,LL,MTP
2022-05-10 16:40:43,DB,MTP
2022-05-10 16:40:43,MGB,PL
2022-05-10 16:40:43,MGB,MZ
2022-05-10 16:40:43,IG,PL
2022-05-10 16:40:43,DB,MGB
2022-05-10 16:40:43,MCM,MZ
2022-05-10 16:40:43,MCM,PL
2022-05-10 16:40:43,DB,LL
2022-05-10 16:40:43,LL,MCM
2022-05-10 16:40:43,MWB,MZ
2022-05-10 16:40:43,MGB,MTP
2022-05-10 16:40:43,MCM,MTP
2022-05-10 16:40:43,DB,IG
2022-05-10 16:40:43,DB,PL
2022-05-10 16:40:43,LL,MGB
2022-05-10 16:40:43,MCM,MWB
2022-05-10 16:40:43,DB,MZ
2022-05-10 16:40:43,IG,MGB
2022-05-10 16:40:43,MTP,MZ
2022-05-10 16:40:43,MCM,MGB
2022-05-10 16:40:43,LL,MZ
2022-05-10 16:40:43,IG,MTP
2022-05-10 16:40:43,IG,LL
2022-05-10 16:40:43,MTP,MWB
2022-05-10 16:40:43,DB,MCM
2022-05-10 16:40:43,LL,MWB
2022-05-10 16:40:43,IG,MZ
2022-05-10 16:40:44,IG,MZ
2022-05-10 16:40:44,DB,MTP
2022-05-10 16:40:44,IG,PL
2022-05-10 16:40:44,LL,MGB
2022-05-10 16:40:44,DB,LL
2022-05-10 16:40:44,DB,MCM
2022-05-10 16:40:44,IG,MWB
2022-05-10 16:40:44,DB,PL
2022-05-10 16:40:44,LL,MWB
2022-05-10 16:40:44,MCM,MWB
2022-05-10 16:40:44,MCM,MTP
2022-05-10 16:40:44,IG,MCM
2022-05-10 16:40:44,DB,IG
2022-05-10 16:40:44,MGB,MTP
2022-05-10 16:40:44,IG,LL
2022-05-10 16:40:44,MGB,MWB
2022-05-10 16:40:44,MZ,PL
2022-05-10 16:40:44,MWB,PL
2022-05-10 16:40:44,IG,MTP
2022-05-10 16:40:44,DB,MWB
2022-05-10 16:40:44,MTP,PL
2022-05-10 16:40:44,LL,MCM
2022-05-10 16:40:44,LL,MZ
2022-05-10 16:40:44,MGB,MZ
2022-05-10 16:40:44,IG,MGB
2022-05-10 16:40:44,MWB,MZ
2022-05-10 16:40:44,MCM,PL
2022-05-10 16:40:44,MCM,MGB
2022-05-10 16:40:44,DB,MGB
2022-05-10 16:40:44,LL,PL
2022-05-10 16:40:44,LL,MTP
2022-05-10 16:40:44,MTP,MZ
2022-05-10 16:40:44,MTP,MWB
2022-05-10 16:40:44,MGB,PL
2022-05-10 16:40:44,DB,MZ
2022-05-10 16:40:44,MCM,MZ
2022-05-10 16:40:45,LL,MCM
2022-05-10 16:40:45,LL,MWB
2022-05-10 16:40:45,DB,IG
2022-05-10 16:40:45,DB,MTP
2022-05-10 16:40:45,MGB,MWB
2022-05-10 16:40:45,IG,PL
2022-05-10 16:40:45,MCM,MWB
2022-05-10 16:40:45,MCM,MTP
2022-05-10 16:40:45,MTP,MWB
2022-05-10 16:40:45,DB,MGB
2022-05-10 16:40:45,LL,MZ
2022-05-10 16:40:45,MWB,MZ
2022-05-10 16:40:45,MGB,MTP
2022-05-10 16:40:45,MWB,PL
2022-05-10 16:40:45,MCM,PL
2022-05-10 16:40:45,IG,LL
2022-05-10 16:40:45,MZ,PL
2022-05-10 16:40:45,IG,MTP
2022-05-10 16:40:45,DB,LL
2022-05-10 16:40:45,MCM,MZ
2022-05-10 16:40:45,MTP,PL
2022-05-10 16:40:45,IG,MWB
2022-05-10 16:40:45,MGB,PL
2022-05-10 16:40:45,DB,MCM
2022-05-10 16:40:45,LL,MGB
2022-05-10 16:40:45,IG,MGB
2022-05-10 16:40:45,DB,PL
2022-05-10 16:40:45,MTP,MZ
2022-05-10 16:40:45,IG,MZ
2022-05-10 16:40:45,MGB,MZ
2022-05-10 16:40:45,DB,MWB
2022-05-10 16:40:45,IG,MCM
2022-05-10 16:40:45,LL,PL
2022-05-10 16:40:45,DB,MZ
2022-05-10 16:40:45,MCM,MGB
2022-05-10 16:40:45,LL,MTP
2022-05-10 16:40:46,DB,MWB
2022-05-10 16:40:46,IG,MZ
2022-05-10 16:40:46,MTP,MZ
2022-05-10 16:40:46,MTP,PL
2022-05-10 16:40:46,MCM,PL
2022-05-10 16:40:46,IG,MWB
2022-05-10 16:40:46,DB,PL
2022-05-10 16:40:46,MCM,MGB
2022-05-10 16:40:46,MWB,PL
2022-05-10 16:40:46,MWB,MZ
2022-05-10 16:40:46,MTP,MWB
2022-05-10 16:40:46,IG,MTP
2022-05-10 16:40:46,DB,MCM
2022-05-10 16:40:46,MCM,MWB
2022-05-10 16:40:46,MZ,PL
2022-05-10 16:40:46,MCM,MTP
2022-05-10 16:40:46,MGB,MZ
2022-05-10 16:40:46,DB,MZ
2022-05-10 16:40:46,MGB,MWB
2022-05-10 16:40:46,IG,MGB
2022-05-10 16:40:46,LL,MZ
2022-05-10 16:40:46,LL,MWB
2022-05-10 16:40:46,IG,PL
2022-05-10 16:40:46,DB,LL
2022-05-10 16:40:46,DB,MTP
2022-05-10 16:40:46,IG,MCM
2022-05-10 16:40:46,LL,MCM
2022-05-10 16:40:46,LL,MGB
2022-05-10 16:40:46,DB,IG
2022-05-10 16:40:46,LL,PL
2022-05-10 16:40:46,DB,MGB
2022-05-10 16:40:46,MCM,MZ
2022-05-10 16:40:46,IG,LL
2022-05-10 16:40:46,MGB,MTP
2022-05-10 16:40:46,MGB,PL
2022-05-10 16:40:46,LL,MTP
2022-05-10 16:40:47,MCM,MTP
2022-05-10 16:40:47,MGB,MTP
2022-05-10 16:40:47,DB,IG
2022-05-10 16:40:47,IG,LL
2022-05-10 16:40:47,DB,MWB
2022-05-10 16:40:47,MCM,MWB
2022-05-10 16:40:47,LL,MWB
2022-05-10 16:40:47,LL,MCM
2022-05-10 16:40:47,LL,MGB
2022-05-10 16:40:47,MCM,MZ
2022-05-10 16:40:47,IG,MZ
2022-05-10 16:40:47,IG,MGB
2022-05-10 16:40:47,MZ,PL
2022-05-10 16:40:47,DB,MZ
2022-05-10 16:40:47,MWB,MZ
2022-05-10 16:40:47,DB,MTP
2022-05-10 16:40:47,LL,PL
2022-05-10 16:40:47,LL,MTP
2022-05-10 16:40:47,IG,PL
2022-05-10 16:40:47,DB,LL
2022-05-10 16:40:47,DB,PL
2022-05-10 16:40:47,MGB,MWB
2022-05-10 16:40:47,MGB,PL
2022-05-10 16:40:47,DB,MGB
2022-05-10 16:40:47,MTP,MWB
2022-05-10 16:40:47,LL,MZ
2022-05-10 16:40:47,MTP,PL
2022-05-10 16:40:47,MGB,MZ
2022-05-10 16:40:47,MTP,MZ
2022-05-10 16:40:47,MWB,PL
2022-05-10 16:40:47,MCM,PL
2022-05-10 16:40:47,MCM,MGB
2022-05-10 16:40:47,IG,MWB
2022-05-10 16:40:47,IG,MCM
2022-05-10 16:40:47,IG,MTP
2022-05-10 16:40:47,DB,MCM
2022-05-10 16:40:48,DB,MGB
2022-05-10 16:40:48,MTP,MZ
2022-05-10 16:40:48,MGB,MTP
2022-05-10 16:40:48,MGB,MWB
2022-05-10 16:40:48,DB,IG
2022-05-10 16:40:48,DB,MWB
2022-05-10 16:40:48,IG,MZ
2022-05-10 16:40:48,LL,MTP
2022-05-10 16:40:48,MCM,MTP
2022-05-10 16:40:48,MCM,MZ
2022-05-10 16:40:48,MWB,PL
2022-05-10 16:40:48,LL,MCM
2022-05-10 16:40:48,MGB,MZ
2022-05-10 16:40:48,MGB,PL
2022-05-10 16:40:48,MWB,MZ
2022-05-10 16:40:48,MTP,MWB
2022-05-10 16:40:48,MTP,PL
2022-05-10 16:40:48,IG,PL
2022-05-10 16:40:48,LL,PL
2022-05-10 16:40:48,MCM,PL
2022-05-10 16:40:48,DB,MZ
2022-05-10 16:40:48,IG,MTP
2022-05-10 16:40:48,IG,MCM
2022-05-10 16:40:48,MCM,MGB
2022-05-10 16:40:48,DB,MCM
2022-05-10 16:40:48,DB,PL
2022-05-10 16:40:48,IG,MWB
2022-05-10 16:40:48,LL,MWB
2022-05-10 16:40:48,MZ,PL
2022-05-10 16:40:48,DB,MTP
2022-05-10 16:40:48,MCM,MWB
2022-05-10 16:40:48,LL,MZ
2022-05-10 16:40:48,LL,MGB
2022-05-10 16:40:48,IG,MGB
2022-05-10 16:40:48,IG,LL
2022-05-10 16:40:48,DB,LL
2022-05-10 16:40:49,MGB,MZ
2022-05-10 16:40:49,DB,MTP
2022-05-10 16:40:49,IG,PL
2022-05-10 16:40:49,LL,PL
2022-05-10 16:40:49,DB,PL
2022-05-10 16:40:49,MZ,PL
2022-05-10 16:40:49,LL,MWB
2022-05-10 16:40:49,MTP,PL
2022-05-10 16:40:49,MGB,PL
2022-05-10 16:40:49,LL,MTP
2022-05-10 16:40:49,DB,MZ
2022-05-10 16:40:49,MTP,MZ
2022-05-10 16:40:49,MCM,MGB
2022-05-10 16:40:49,DB,MCM
2022-05-10 16:40:49,IG,MWB
2022-05-10 16:40:49,DB,MWB
2022-05-10 16:40:49,IG,MZ
2022-05-10 16:40:49,DB,IG
2022-05-10 16:40:49,LL,MGB
2022-05-10 16:40:49,MCM,MZ
2022-05-10 16:40:49,IG,MGB
2022-05-10 16:40:49,DB,LL
2022-05-10 16:40:49,DB,MGB
2022-05-10 16:40:49,IG,MCM
2022-05-10 16:40:49,MCM,MTP
2022-05-10 16:40:49,MWB,MZ
2022-05-10 16:40:49,MTP,MWB
2022-05-10 16:40:49,LL,MZ
2022-05-10 16:40:49,LL,MCM
2022-05-10 16:40:49,IG,MTP
2022-05-10 16:40:49,IG,LL
2022-05-10 16:40:49,MGB,MWB
2022-05-10 16:40:49,MWB,PL
2022-05-10 16:40:49,MCM,MWB
2022-05-10 16:40:49,MGB,MTP
2022-05-10 16:40:49,MCM,PL
2022-05-10 16:40:50,MTP,MWB
2022-05-10 16:40:50,DB,LL
2022-05-10 16:40:50,LL,MGB
2022-05-10 16:40:50,MCM,PL
2022-05-10 16:40:50,MTP,PL
2022-05-10 16:40:50,LL,PL
2022-05-10 16:40:50,MGB,MWB
2022-05-10 16:40:50,MCM,MWB
2022-05-10 16:40:50,DB,MZ
2022-05-10 16:40:50,MGB,MTP
2022-05-10 16:40:50,MWB,PL
2022-05-10 16:40:50,MCM,MGB
2022-05-10 16:40:50,DB,MWB
2022-05-10 16:40:50,MTP,MZ
2022-05-10 16:40:50,DB,IG
2022-05-10 16:40:50,IG,MWB
2022-05-10 16:40:50,DB,MCM
2022-05-10 16:40:50,MGB,PL
2022-05-10 16:40:50,IG,MZ
2022-05-10 16:40:50,MWB,MZ
2022-05-10 16:40:50,IG,MCM
2022-05-10 16:40:50,IG,MGB
2022-05-10 16:40:50,DB,MTP
2022-05-10 16:40:50,LL,MTP
2022-05-10 16:40:50,DB,PL
2022-05-10 16:40:50,LL,MWB
2022-05-10 16:40:50,LL,MZ
2022-05-10 16:40:50,IG,PL
2022-05-10 16:40:50,MCM,MZ
2022-05-10 16:40:50,DB,MGB
2022-05-10 16:40:50,MCM,MTP
2022-05-10 16:40:50,IG,MTP
2022-05-10 16:40:50,MGB,MZ
2022-05-10 16:40:50,MZ,PL
2022-05-10 16:40:50,IG,LL
2022-05-10 16:40:50,LL,MCM
2022-05-10 16:40:51,IG,MGB
2022-05-10 16:40:51,IG,LL
2022-05-10 16:40:51,IG,MWB
2022-05-10 16:40:51,LL,MTP
2022-05-10 16:40:51,MCM,MWB
2022-05-10 16:40:51,DB,IG
2022-05-10 16:40:51,DB,MWB
2022-05-10 16:40:51,IG,MZ
2022-05-10 16:40:51,LL,PL
2022-05-10 16:40:51,MCM,MZ
2022-05-10 16:40:51,MCM,PL
2022-05-10 16:40:51,LL,MWB
2022-05-10 16:40:51,LL,MGB
2022-05-10 16:40:51,MGB,MTP
2022-05-10 16:40:51,MCM,MTP
2022-05-10 16:40:51,DB,MGB
2022-05-10 16:40:51,LL,MCM
2022-05-10 16:40:51,MGB,MZ
2022-05-10 16:40:51,IG,MCM
2022-05-10 16:40:51,MZ,PL
2022-05-10 16:40:51,MWB,MZ
2022-05-10 16:40:51,DB,MCM
2022-05-10 16:40:51,DB,LL
2022-05-10 16:40:51,LL,MZ
2022-05-10 16:40:51,DB,PL
2022-05-10 16:40:51,IG,MTP
2022-05-10 16:40:51,MTP,PL
2022-05-10 16:40:51,MGB,PL
2022-05-10 16:40:51,DB,MTP
2022-05-10 16:40:51,DB,MZ
2022-05-10 16:40:51,MGB,MWB
2022-05-10 16:40:51,MCM,MGB
2022-05-10 16:40:51,MTP,MZ
2022-05-10 16:40:51,MWB,PL
2022-05-10 16:40:51,MTP,MWB
2022-05-10 16:40:51,IG,PL
2022-05-10 16:40:52,LL,MTP
2022-05-10 16:40:52,DB,MTP
2022-05-10 16:40:52,MGB,MTP
2022-05-10 16:40:52,MTP,MWB
2022-05-10 16:40:52,IG,MZ
2022-05-10 16:40:52,DB,MZ
2022-05-10 16:40:52,LL,MGB
2022-05-10 16:40:52,MWB,PL
2022-05-10 16:40:52,MCM,MWB
2022-05-10 16:40:52,DB,LL
2022-05-10 16:40:52,MGB,PL
2022-05-10 16:40:52,IG,MGB
2022-05-10 16:40:52,MTP,PL
2022-05-10 16:40:52,MWB,MZ
2022-05-10 16:40:52,LL,MCM
2022-05-10 16:40:52,MCM,MTP
2022-05-10 16:40:52,MGB,MZ
2022-05-10 16:40:52,IG,LL
2022-05-10 16:40:52,DB,MGB
2022-05-10 16:40:52,LL,MWB
2022-05-10 16:40:52,MZ,PL
2022-05-10 16:40:52,MCM,MGB
2022-05-10 16:40:52,DB,MCM
2022-05-10 16:40:52,IG,MCM
2022-05-10 16:40:52,IG,MTP
2022-05-10 16:40:52,DB,MWB
2022-05-10 16:40:52,IG,MWB
2022-05-10 16:40:52,IG,PL
2022-05-10 16:40:52,MTP,MZ
2022-05-10 16:40:52,DB,IG
2022-05-10 16:40:52,MGB,MWB
2022-05-10 16:40:52,MCM,MZ
2022-05-10 16:40:52,LL,MZ
2022-05-10 16:40:52,LL,PL
2022-05-10 16:40:52,DB,PL
2022-05-10 16:40:52,MCM,PL
2022-05-10 16:40:53,DB,PL
2022-05-10 16:40:53,IG,MZ
2022-05-10 16:40:53,MTP,MWB
2022-05-10 16:40:53,MZ,PL
2022-05-10 16:40:53,MWB,PL
2022-05-10 16:40:53,MCM,MTP
2022-05-10 16:40:53,MGB,MWB
2022-05-10 16:40:53,LL,MZ
2022-05-10 16:40:53,LL,MWB
2022-05-10 16:40:53,MGB,MTP
2022-05-10 16:40:53,MGB,PL
2022-05-10 16:40:53,IG,MCM
2022-05-10 16:40:53,MCM,MWB
2022-05-10 16:40:53,DB,MTP
2022-05-10 16:40:53,IG,PL
2022-05-10 16:40:53,IG,LL
2022-05-10 16:40:53,IG,MGB
2022-05-10 16:40:53,MWB,MZ
2022-05-10 16:40:53,DB,LL
2022-05-10 16:40:53,LL,PL
2022-05-10 16:40:53,LL,MTP
2022-05-10 16:40:53,MCM,PL
2022-05-10 16:40:53,MCM,MZ
2022-05-10 16:40:53,LL,MGB
2022-05-10 16:40:53,DB,IG
2022-05-10 16:40:53,MTP,PL
2022-05-10 16:40:53,DB,MWB
2022-05-10 16:40:53,MTP,MZ
2022-05-10 16:40:53,DB,MCM
2022-05-10 16:40:53,IG,MWB
2022-05-10 16:40:53,IG,MTP
2022-05-10 16:40:53,DB,MGB
2022-05-10 16:40:53,MGB,MZ
2022-05-10 16:40:53,DB,MZ
2022-05-10 16:40:53,LL,MCM
2022-05-10 16:40:53,MCM,MGB
2022-05-10 16:40:54,IG,MTP
2022-05-10 16:40:54,MWB,PL
2022-05-10 16:40:54,IG,MGB
2022-05-10 16:40:54,LL,PL
2022-05-10 16:40:54,MTP,PL
2022-05-10 16:40:54,MZ,PL
2022-05-10 16:40:54,LL,MZ
2022-05-10 16:40:54,MCM,PL
2022-05-10 16:40:54,MCM,MGB
2022-05-10 16:40:54,MTP,MWB
2022-05-10 16:40:54,IG,MWB
2022-05-10 16:40:54,DB,MTP
2022-05-10 16:40:54,DB,MZ
2022-05-10 16:40:54,LL,MGB
2022-05-10 16:40:54,DB,IG
2022-05-10 16:40:54,IG,PL
2022-05-10 16:40:54,IG,MCM
2022-05-10 16:40:54,DB,MCM
2022-05-10 16:40:54,MGB,MTP
2022-05-10 16:40:54,DB,LL
2022-05-10 16:40:54,IG,MZ
2022-05-10 16:40:54,DB,MGB
2022-05-10 16:40:54,LL,MWB
2022-05-10 16:40:54,MGB,MZ
2022-05-10 16:40:54,MWB,MZ
2022-05-10 16:40:54,MCM,MTP
2022-05-10 16:40:54,LL,MTP
2022-05-10 16:40:54,IG,LL
2022-05-10 16:40:54,MGB,MWB
2022-05-10 16:40:54,MCM,MZ
2022-05-10 16:40:54,LL,MCM
2022-05-10 16:40:54,DB,PL
2022-05-10 16:40:54,MTP,MZ
2022-05-10 16:40:54,MGB,PL
2022-05-10 16:40:54,MCM,MWB
2022-05-10 16:40:54,DB,MWB
2022-05-10 16:40:55,LL,MCM
2022-05-10 16:40:55,IG,MTP
2022-05-10 16:40:55,DB,IG
2022-05-10 16:40:55,MWB,MZ
2022-05-10 16:40:55,MTP,PL
2022-05-10 16:40:55,DB,MZ
2022-05-10 16:40:55,DB,LL
2022-05-10 16:40:55,MTP,MZ
2022-05-10 16:40:55,DB,MGB
2022-05-10 16:40:55,DB,MCM
2022-05-10 16:40:55,DB,MWB
2022-05-10 16:40:55,LL,MGB
2022-05-10 16:40:55,MGB,MZ
2022-05-10 16:40:55,IG,MWB
2022-05-10 16:40:55,MCM,PL
2022-05-10 16:40:55,MCM,MZ
2022-05-10 16:40:55,LL,MTP
2022-05-10 16:40:55,LL,PL
2022-05-10 16:40:55,IG,MGB
2022-05-10 16:40:55,IG,MZ
2022-05-10 16:40:55,MCM,MGB
2022-05-10 16:40:55,MZ,PL
2022-05-10 16:40:55,MWB,PL
2022-05-10 16:40:55,MCM,MWB
2022-05-10 16:40:55,MCM,MTP
2022-05-10 16:40:55,DB,MTP
2022-05-10 16:40:55,MGB,MTP
2022-05-10 16:40:55,MGB,PL
2022-05-10 16:40:55,DB,PL
2022-05-10 16:40:55,LL,MZ
2022-05-10 16:40:55,MGB,MWB
2022-05-10 16:40:55,IG,PL
2022-05-10 16:40:55,MTP,MWB
2022-05-10 16:40:55,LL,MWB
2022-05-10 16:40:55,IG,LL
2022-05-10 16:40:55,IG,MCM
2022-05-10 16:40:56,IG,MZ
2022-05-10 16:40:56,MGB,MTP
2022-05-10 16:40:56,IG,MTP
2022-05-10 16:40:56,DB,MWB
2022-05-10 16:40:56,MGB,MZ
2022-05-10 16:40:56,IG,MGB
2022-05-10 16:40:56,MCM,PL
2022-05-10 16:40:56,LL,PL
2022-05-10 16:40:56,MGB,PL
2022-05-10 16:40:56,IG,LL
2022-05-10 16:40:56,LL,MGB
2022-05-10 16:40:56,MGB,MWB
2022-05-10 16:40:56,IG,MWB
2022-05-10 16:40:56,MWB,PL
2022-05-10 16:40:56,LL,MTP
2022-05-10 16:40:56,MZ,PL
2022-05-10 16:40:56,MWB,MZ
2022-05-10 16:40:56,DB,MCM
2022-05-10 16:40:56,MTP,PL
2022-05-10 16:40:56,MCM,MTP
2022-05-10 16:40:56,LL,MWB
2022-05-10 16:40:56,IG,MCM
2022-05-10 16:40:56,IG,PL
2022-05-10 16:40:56,DB,LL
2022-05-10 16:40:56,DB,IG
2022-05-10 16:40:56,MTP,MWB
2022-05-10 16:40:56,DB,MZ
2022-05-10 16:40:56,LL,MCM
2022-05-10 16:40:56,MCM,MWB
2022-05-10 16:40:56,MCM,MGB
2022-05-10 16:40:56,LL,MZ
2022-05-10 16:40:56,MCM,MZ
2022-05-10 16:40:56,DB,MGB
2022-05-10 16:40:56,MTP,MZ
2022-05-10 16:40:56,DB,MTP
2022-05-10 16:40:56,DB,PL
2022-05-10 16:40:57,DB,PL
2022-05-10 16:40:57,MTP,MWB
2022-05-10 16:40:57,MCM,MZ
2022-05-10 16:40:57,DB,MWB
2022-05-10 16:40:57,IG,MTP
2022-05-10 16:40:57,LL,MGB
2022-05-10 16:40:57,LL,MZ
2022-05-10 16:40:57,IG,MCM
2022-05-10 16:40:57,DB,IG
2022-05-10 16:40:57,MGB,MTP
2022-05-10 16:40:57,MCM,MGB
2022-05-10 16:40:57,IG,MGB
2022-05-10 16:40:57,MWB,PL
2022-05-10 16:40:57,LL,MTP
2022-05-10 16:40:57,LL,PL
2022-05-10 16:40:57,MCM,PL
2022-05-10 16:40:57,DB,MGB
2022-05-10 16:40:57,MWB,MZ
2022-05-10 16:40:57,LL,MWB
2022-05-10 16:40:57,DB,MCM
2022-05-10 16:40:57,MTP,PL
2022-05-10 16:40:57,MCM,MTP
2022-05-10 16:40:57,DB,LL
2022-05-10 16:40:57,DB,MZ
2022-05-10 16:40:57,LL,MCM
2022-05-10 16:40:57,IG,MZ
2022-05-10 16:40:57,DB,MTP
2022-05-10 16:40:57,MGB,MZ
2022-05-10 16:40:57,IG,PL
2022-05-10 16:40:57,MGB,PL
2022-05-10 16:40:57,MZ,PL
2022-05-10 16:40:57,IG,LL
2022-05-10 16:40:57,IG,MWB
2022-05-10 16:40:57,MGB,MWB
2022-05-10 16:40:57,MTP,MZ
2022-05-10 16:40:57,MCM,MWB
2022-05-10 16:40:58,DB,IG
2022-05-10 16:40:58,MGB,MWB
2022-05-10 16:40:58,LL,MWB
2022-05-10 16:40:58,IG,MZ
2022-05-10 16:40:58,DB,PL
2022-05-10 16:40:58,MGB,MZ
2022-05-10 16:40:58,MWB,MZ
2022-05-10 16:40:58,DB,LL
2022-05-10 16:40:58,IG,LL
2022-05-10 16:40:58,DB,MGB
2022-05-10 16:40:58,DB,MWB
2022-05-10 16:40:58,MCM,MZ
2022-05-10 16:40:58,LL,MTP
2022-05-10 16:40:58,IG,MWB
2022-05-10 16:40:58,LL,MCM
2022-05-10 16:40:58,MWB,PL
2022-05-10 16:40:58,LL,MGB
2022-05-10 16:40:58,MZ,PL
2022-05-10 16:40:58,MGB,MTP
2022-05-10 16:40:58,DB,MZ
2022-05-10 16:40:58,IG,PL
2022-05-10 16:40:58,LL,MZ
2022-05-10 16:40:58,MCM,PL
2022-05-10 16:40:58,IG,MGB
2022-05-10 16:40:58,MCM,MGB
2022-05-10 16:40:58,MTP,MZ
2022-05-10 16:40:58,MCM,MWB
2022-05-10 16:40:58,LL,PL
2022-05-10 16:40:58,MGB,PL
2022-05-10 16:40:58,IG,MTP
2022-05-10 16:40:58,IG,MCM
2022-05-10 16:40:58,MCM,MTP
2022-05-10 16:40:58,DB,MCM
2022-05-10 16:40:58,MTP,PL
2022-05-10 16:40:58,DB,MTP
2022-05-10 16:40:58,MTP,MWB
2022-05-10 16:40:59,LL,MGB
2022-05-10 16:40:59,MGB,MTP
2022-05-10 16:40:59,IG,MTP
2022-05-10 16:40:59,MCM,MGB
2022-05-10 16:40:59,DB,LL
2022-05-10 16:40:59,DB,MZ
2022-05-10 16:40:59,DB,IG
2022-05-10 16:40:59,IG,MCM
2022-05-10 16:40:59,MCM,MTP
2022-05-10 16:40:59,MTP,MZ
2022-05-10 16:40:59,MGB,MWB
2022-05-10 16:40:59,MCM,MWB
2022-05-10 16:40:59,MZ,PL
2022-05-10 16:40:59,MGB,PL
2022-05-10 16:40:59,IG,MWB
2022-05-10 16:40:59,IG,PL
2022-05-10 16:40:59,DB,MTP
2022-05-10 16:40:59,MGB,MZ
2022-05-10 16:40:59,IG,MZ
2022-05-10 16:40:59,LL,MCM
2022-05-10 16:40:59,IG,LL
2022-05-10 16:40:59,MTP,MWB
2022-05-10 16:40:59,MWB,PL
2022-05-10 16:40:59,DB,PL
2022-05-10 16:40:59,DB,MWB
2022-05-10 16:40:59,MWB,MZ
2022-05-10 16:40:59,DB,MCM
2022-05-10 16:40:59,LL,MWB
2022-05-10 16:40:59,LL,MTP
2022-05-10 16:40:59,DB,MGB
2022-05-10 16:40:59,MTP,PL
2022-05-10 16:40:59,LL,PL
2022-05-10 16:40:59,LL,MZ
2022-05-10 16:40:59,IG,MGB
2022-05-10 16:40:59,MCM,PL
2022-05-10 16:40:59,MCM,MZ
2022-05-10 16:41:00,MWB,MZ
2022-05-10 16:41:00,MZ,PL
2022-05-10 16:41:00,DB,IG
2022-05-10 16:41:00,MCM,MWB
2022-05-10 16:41:00,MCM,PL
2022-05-10 16:41:00,MWB,PL
2022-05-10 16:41:00,IG,MWB
2022-05-10 16:41:00,IG,LL
2022-05-10 16:41:00,DB,MCM
2022-05-10 16:41:00,MGB,PL
2022-05-10 16:41:00,DB,MTP
2022-05-10 16:41:00,MGB,MZ
2022-05-10 16:41:00,IG,MZ
2022-05-10 16:41:00,LL,MWB
2022-05-10 16:41:00,DB,PL
2022-05-10 16:41:00,IG,PL
2022-05-10 16:41:00,LL,MZ
2022-05-10 16:41:00,DB,MGB
2022-05-10 16:41:00,LL,MTP
2022-05-10 16:41:00,MTP,PL
2022-05-10 16:41:00,MCM,MGB
2022-05-10 16:41:00,LL,MGB
2022-05-10 16:41:00,MGB,MWB
2022-05-10 16:41:00,IG,MCM
2022-05-10 16:41:00,DB,MWB
2022-05-10 16:41:00,DB,MZ
2022-05-10 16:41:00,DB,LL
2022-05-10 16:41:00,MGB,MTP
2022-05-10 16:41:00,MCM,MZ
2022-05-10 16:41:00,LL,PL
2022-05-10 16:41:00,LL,MCM
2022-05-10 16:41:00,IG,MGB
2022-05-10 16:41:00,MCM,MTP
2022-05-10 16:41:00,MTP,MZ
2022-05-10 16:41:00,MTP,MWB
2022-05-10 16:41:00,IG,MTP
2022-05-10 16:41:01,MGB,MZ
2022-05-10 16:41:01,MGB,MTP
2022-05-10 16:41:01,IG,MGB
2022-05-10 16:41:01,DB,MGB
2022-05-10 16:41:01,MCM,PL
2022-05-10 16:41:01,DB,IG
2022-05-10 16:41:01,MCM,MZ
2022-05-10 16:41:01,MGB,PL
2022-05-10 16:41:01,MGB,MWB
2022-05-10 16:41:01,LL,PL
2022-05-10 16:41:01,LL,MWB
2022-05-10 16:41:01,DB,MTP
2022-05-10 16:41:01,MCM,MWB
2022-05-10 16:41:01,MTP,MZ
2022-05-10 16:41:01,IG,MZ
2022-05-10 16:41:01,MCM,MTP
2022-05-10 16:41:01,IG,MCM
2022-05-10 16:41:01,IG,MTP
2022-05-10 16:41:01,MCM,MGB
2022-05-10 16:41:01,DB,MCM
2022-05-10 16:41:01,MTP,PL
2022-05-10 16:41:01,MTP,MWB
2022-05-10 16:41:01,IG,PL
2022-05-10 16:41:01,MWB,MZ
2022-05-10 16:41:01,DB,MWB
2022-05-10 16:41:01,LL,MTP
2022-05-10 16:41:01,MWB,PL
2022-05-10 16:41:01,DB,MZ
2022-05-10 16:41:01,LL,MGB
2022-05-10 16:41:01,DB,LL
2022-05-10 16:41:01,LL,MCM
2022-05-10 16:41:01,IG,LL
2022-05-10 16:41:01,MZ,PL
2022-05-10 16:41:01,LL,MZ
2022-05-10 16:41:01,DB,PL
2022-05-10 16:41:01,IG,MWB
2022-05-10 16:41:02,DB,IG
2022-05-10 16:41:02,MGB,MTP
2022-05-10 16:41:02,MWB,PL
2022-05-10 16:41:02,LL,MTP
2022-05-10 16:41:02,MGB,PL
2022-05-10 16:41:02,DB,MWB
2022-05-10 16:41:02,MCM,MWB
2022-05-10 16:41:02,MWB,MZ
2022-05-10 16:41:02,LL,MWB
2022-05-10 16:41:02,MTP,MZ
2022-05-10 16:41:02,DB,PL
2022-05-10 16:41:02,DB,MZ
2022-05-10 16:41:02,LL,MZ
2022-05-10 16:41:02,MGB,MZ
2022-05-10 16:41:02,MTP,PL
2022-05-10 16:41:02,MCM,PL
2022-05-10 16:41:02,DB,MCM
2022-05-10 16:41:02,MCM,MTP
2022-05-10 16:41:02,IG,MGB
2022-05-10 16:41:02,IG,MZ
2022-05-10 16:41:02,LL,PL
2022-05-10 16:41:02,MCM,MGB
2022-05-10 16:41:02,IG,MCM
2022-05-10 16:41:02,IG,PL
2022-05-10 16:41:02,LL,MGB
2022-05-10 16:41:02,DB,MGB
2022-05-10 16:41:02,IG,MTP
2022-05-10 16:41:02,IG,LL
2022-05-10 16:41:02,MCM,MZ
2022-05-10 16:41:02,MGB,MWB
2022-05-10 16:41:02,LL,MCM
2022-05-10 16:41:02,IG,MWB
2022-05-10 16:41:02,MZ,PL
2022-05-10 16:41:02,DB,MTP
2022-05-10 16:41:02,DB,LL
2022-05-10 16:41:02,MTP,MWB
2022-05-10 16:41:03,MTP,MZ
2022-05-10 16:41:03,LL,MWB
2022-05-10 16:41:03,IG,MTP
2022-05-10 16:41:03,LL,MZ
2022-05-10 16:41:03,DB,PL
2022-05-10 16:41:03,IG,MCM
2022-05-10 16:41:03,MGB,MZ
2022-05-10 16:41:03,MGB,MWB
2022-05-10 16:41:03,MTP,PL
2022-05-10 16:41:03,LL,PL
2022-05-10 16:41:03,IG,MWB
2022-05-10 16:41:03,IG,MZ
2022-05-10 16:41:03,IG,LL
2022-05-10 16:41:03,IG,MGB
2022-05-10 16:41:03,MCM,MTP
2022-05-10 16:41:03,MCM,MGB
2022-05-10 16:41:03,MZ,PL
2022-05-10 16:41:03,MTP,MWB
2022-05-10 16:41:03,MCM,PL
2022-05-10 16:41:03,DB,MCM
2022-05-10 16:41:03,IG,PL
2022-05-10 16:41:03,MWB,MZ
2022-05-10 16:41:03,DB,MTP
2022-05-10 16:41:03,LL,MTP
2022-05-10 16:41:03,MCM,MZ
2022-05-10 16:41:03,MGB,PL
2022-05-10 16:41:03,MGB,MTP
2022-05-10 16:41:03,DB,MWB
2022-05-10 16:41:03,LL,MCM
2022-05-10 16:41:03,DB,IG
2022-05-10 16:41:03,DB,MGB
2022-05-10 16:41:03,MCM,MWB
2022-05-10 16:41:03,DB,MZ
2022-05-10 16:41:03,LL,MGB
2022-05-10 16:41:03,DB,LL
2022-05-10 16:41:03,MWB,PL
2022-05-10 16:41:04,DB,MZ
2022-05-10 16:41:04,IG,MZ
2022-05-10 16:41:04,MGB,MTP
2022-05-10 16:41:04,LL,PL
2022-05-10 16:41:04,IG,MTP
2022-05-10 16:41:04,LL,MGB
2022-05-10 16:41:04,MZ,PL
2022-05-10 16:41:04,MWB,PL
2022-05-10 16:41:04,MCM,MGB
2022-05-10 16:41:04,DB,MCM
2022-05-10 16:41:04,IG,MGB
2022-05-10 16:41:04,LL,MTP
2022-05-10 16:41:04,DB,MWB
2022-05-10 16:41:04,MCM,PL
2022-05-10 16:41:04,MGB,MWB
2022-05-10 16:41:04,DB,MGB
2022-05-10 16:41:04,MTP,PL
2022-05-10 16:41:04,LL,MZ
2022-05-10 16:41:04,MWB,MZ
2022-05-10 16:41:04,IG,MWB
2022-05-10 16:41:04,DB,LL
2022-05-10 16:41:04,IG,PL
2022-05-10 16:41:04,LL,MWB
2022-05-10 16:41:04,IG,LL
2022-05-10 16:41:04,LL,MCM
2022-05-10 16:41:04,MCM,MZ
2022-05-10 16:41:04,DB,IG
2022-05-10 16:41:04,MGB,MZ
2022-05-10 16:41:04,MTP,MZ
2022-05-10 16:41:04,MCM,MWB
2022-05-10 16:41:04,MTP,MWB
2022-05-10 16:41:04,DB,PL
2022-05-10 16:41:04,DB,MTP
2022-05-10 16:41:04,MGB,PL
2022-05-10 16:41:04,MCM,MTP
2022-05-10 16:41:04,IG,MCM
2022-05-10 16:41:05,LL,MZ
2022-05-10 16:41:05,MCM,PL
2022-05-10 16:41:05,MTP,MZ
2022-05-10 16:41:05,LL,MCM
2022-05-10 16:41:05,LL,MWB
2022-05-10 16:41:05,DB,MWB
2022-05-10 16:41:05,LL,PL
2022-05-10 16:41:05,DB,MTP
2022-05-10 16:41:05,LL,MTP
2022-05-10 16:41:05,MGB,PL
2022-05-10 16:41:05,IG,MWB
2022-05-10 16:41:05,MTP,PL
2022-05-10 16:41:05,DB,MCM
2022-05-10 16:41:05,MCM,MTP
2022-05-10 16:41:05,IG,MGB
2022-05-10 16:41:05,LL,MGB
2022-05-10 16:41:05,IG,LL
2022-05-10 16:41:05,DB,LL
2022-05-10 16:41:05,IG,PL
2022-05-10 16:41:05,MGB,MWB
2022-05-10 16:41:05,MZ,PL
2022-05-10 16:41:05,IG,MZ
2022-05-10 16:41:05,DB,IG
2022-05-10 16:41:05,DB,PL
2022-05-10 16:41:05,MWB,MZ
2022-05-10 16:41:05,MWB,PL
2022-05-10 16:41:05,IG,MTP
2022-05-10 16:41:05,MTP,MWB
2022-05-10 16:41:05,IG,MCM
2022-05-10 16:41:05,MGB,MTP
2022-05-10 16:41:05,MCM,MWB
2022-05-10 16:41:05,DB,MGB
2022-05-10 16:41:05,MCM,MGB
2022-05-10 16:41:05,DB,MZ
2022-05-10 16:41:05,MCM,MZ
2022-05-10 16:41:05,MGB,MZ
2022-05-10 16:41:06,MCM,MZ
2022-05-10 16:41:06,MTP,PL
2022-05-10 16:41:06,DB,MGB
2022-05-10 16:41:06,LL,MCM
2022-05-10 16:41:06,MWB,PL
2022-05-10 16:41:06,IG,MWB
2022-05-10 16:41:06,DB,LL
2022-05-10 16:41:06,DB,PL
2022-05-10 16:41:06,MCM,MWB
2022-05-10 16:41:06,MGB,MZ
2022-05-10 16:41:06,DB,MZ
2022-05-10 16:41:06,LL,MGB
2022-05-10 16:41:06,IG,PL
2022-05-10 16:41:06,MTP,MZ
2022-05-10 16:41:06,DB,MWB
2022-05-10 16:41:06,MGB,MTP
2022-05-10 16:41:06,MWB,MZ
2022-05-10 16:41:06,LL,MWB
2022-05-10 16:41:06,LL,MZ
2022-05-10 16:41:06,DB,MTP
2022-05-10 16:41:06,DB,IG
2022-05-10 16:41:06,MCM,MGB
2022-05-10 16:41:06,MTP,MWB
2022-05-10 16:41:06,MCM,MTP
2022-05-10 16:41:06,LL,MTP
2022-05-10 16:41:06,IG,MZ
2022-05-10 16:41:06,MZ,PL
2022-05-10 16:41:06,DB,MCM
2022-05-10 16:41:06,MGB,MWB
2022-05-10 16:41:06,LL,PL
2022-05-10 16:41:06,IG,LL
2022-05-10 16:41:06,MGB,PL
2022-05-10 16:41:06,MCM,PL
2022-05-10 16:41:06,IG,MTP
2022-05-10 16:41:06,IG,MGB
2022-05-10 16:41:06,IG,MCM
2022-05-10 16:41:07,LL,MWB
2022-05-10 16:41:07,MGB,MWB
2022-05-10 16:41:07,IG,MZ
2022-05-10 16:41:07,MTP,MWB
2022-05-10 16:41:07,MWB,MZ
2022-05-10 16:41:07,MCM,PL
2022-05-10 16:41:07,IG,MCM
2022-05-10 16:41:07,LL,MGB
2022-05-10 16:41:07,IG,PL
2022-05-10 16:41:07,MCM,MGB
2022-05-10 16:41:07,MCM,MZ
2022-05-10 16:41:07,MWB,PL
2022-05-10 16:41:07,DB,MZ
2022-05-10 16:41:07,MZ,PL
2022-05-10 16:41:07,MCM,MWB
2022-05-10 16:41:07,IG,MTP
2022-05-10 16:41:07,DB,MGB
2022-05-10 16:41:07,LL,MTP
2022-05-10 16:41:07,MGB,MTP
2022-05-10 16:41:07,IG,MGB
2022-05-10 16:41:07,LL,PL
2022-05-10 16:41:07,MGB,MZ
2022-05-10 16:41:07,DB,MCM
2022-05-10 16:41:07,MTP,MZ
2022-05-10 16:41:07,DB,LL
2022-05-10 16:41:07,MTP,PL
2022-05-10 16:41:07,MCM,MTP
2022-05-10 16:41:07,DB,MWB
2022-05-10 16:41:07,DB,PL
2022-05-10 16:41:07,MGB,PL
2022-05-10 16:41:07,IG,MWB
2022-05-10 16:41:07,DB,MTP
2022-05-10 16:41:07,IG,LL
2022-05-10 16:41:07,DB,IG
2022-05-10 16:41:07,LL,MCM
2022-05-10 16:41:07,LL,MZ
2022-05-10 16:41:08,MCM,MWB
2022-05-10 16:41:08,DB,MTP
2022-05-10 16:41:08,DB,MGB
2022-05-10 16:41:08,MTP,PL
2022-05-10 16:41:08,MWB,PL
2022-05-10 16:41:08,DB,MZ
2022-05-10 16:41:08,MCM,MGB
2022-05-10 16:41:08,IG,LL
2022-05-10 16:41:08,IG,PL
2022-05-10 16:41:08,MCM,MZ
2022-05-10 16:41:08,LL,MCM
2022-05-10 16:41:08,MZ,PL
2022-05-10 16:41:08,MCM,MTP
2022-05-10 16:41:08,MTP,MZ
2022-05-10 16:41:08,IG,MCM
2022-05-10 16:41:08,MGB,MTP
2022-05-10 16:41:08,DB,PL
2022-05-10 16:41:08,LL,MGB
2022-05-10 16:41:08,IG,MGB
2022-05-10 16:41:08,LL,MWB
2022-05-10 16:41:08,DB,MCM
2022-05-10 16:41:08,MCM,PL
2022-05-10 16:41:08,LL,PL
2022-05-10 16:41:08,LL,MZ
2022-05-10 16:41:08,LL,MTP
2022-05-10 16:41:08,MGB,MWB
2022-05-10 16:41:08,DB,IG
2022-05-10 16:41:08,MGB,MZ
2022-05-10 16:41:08,MTP,MWB
2022-05-10 16:41:08,IG,MWB
2022-05-10 16:41:08,DB,MWB
2022-05-10 16:41:08,IG,MTP
2022-05-10 16:41:08,DB,LL
2022-05-10 16:41:08,MWB,MZ
2022-05-10 16:41:08,IG,MZ
2022-05-10 16:41:08,MGB,PL
2022-05-10 16:41:09,DB,MTP
2022-05-10 16:41:09,MWB,PL
2022-05-10 16:41:09,MGB,MTP
2022-05-10 16:41:09,IG,MWB
2022-05-10 16:41:09,LL,MGB
2022-05-10 16:41:09,MGB,MZ
2022-05-10 16:41:09,DB,LL
2022-05-10 16:41:09,LL,MCM
2022-05-10 16:41:09,IG,LL
2022-05-10 16:41:09,IG,MGB
2022-05-10 16:41:09,MTP,MWB
2022-05-10 16:41:09,MGB,MWB
2022-05-10 16:41:09,MZ,PL
2022-05-10 16:41:09,MGB,PL
2022-05-10 16:41:09,LL,MTP
2022-05-10 16:41:09,DB,MGB
2022-05-10 16:41:09,MTP,PL
2022-05-10 16:41:09,MTP,MZ
2022-05-10 16:41:09,LL,MZ
2022-05-10 16:41:09,DB,MZ
2022-05-10 16:41:09,DB,MCM
2022-05-10 16:41:09,IG,MCM
2022-05-10 16:41:09,MCM,MGB
2022-05-10 16:41:09,IG,PL
2022-05-10 16:41:09,IG,MTP
2022-05-10 16:41:09,MCM,MWB
2022-05-10 16:41:09,MCM,MTP
2022-05-10 16:41:09,LL,MWB
2022-05-10 16:41:09,LL,PL
2022-05-10 16:41:09,MCM,PL
2022-05-10 16:41:09,DB,PL
2022-05-10 16:41:09,MWB,MZ
2022-05-10 16:41:09,MCM,MZ
2022-05-10 16:41:09,DB,IG
2022-05-10 16:41:09,DB,MWB
2022-05-10 16:41:09,IG,MZ
2022-05-10 16:41:10,IG,MWB
2022-05-10 16:41:10,IG,MGB
2022-05-10 16:41:10,LL,MGB
2022-05-10 16:41:10,LL,MWB
2022-05-10 16:41:10,LL,MZ
2022-05-10 16:41:10,MTP,MZ
2022-05-10 16:41:10,MGB,MZ
2022-05-10 16:41:10,DB,MCM
2022-05-10 16:41:10,IG,LL
2022-05-10 16:41:10,DB,LL
2022-05-10 16:41:10,MCM,MTP
2022-05-10 16:41:10,MCM,PL
2022-05-10 16:41:10,DB,MTP
2022-05-10 16:41:10,LL,MCM
2022-05-10 16:41:10,IG,MZ
2022-05-10 16:41:10,MCM,MWB
2022-05-10 16:41:10,MCM,MZ
2022-05-10 16:41:10,DB,PL
2022-05-10 16:41:10,LL,MTP
2022-05-10 16:41:10,MZ,PL
2022-05-10 16:41:10,IG,PL
2022-05-10 16:41:10,MCM,MGB
2022-05-10 16:41:10,DB,MWB
2022-05-10 16:41:10,DB,IG
2022-05-10 16:41:10,MGB,PL
2022-05-10 16:41:10,DB,MGB
2022-05-10 16:41:10,DB,MZ
2022-05-10 16:41:10,MWB,PL
2022-05-10 16:41:10,IG,MTP
2022-05-10 16:41:10,MTP,MWB
2022-05-10 16:41:10,MTP,PL
2022-05-10 16:41:10,MGB,MWB
2022-05-10 16:41:10,LL,PL
2022-05-10 16:41:10,MWB,MZ
2022-05-10 16:41:10,MGB,MTP
2022-05-10 16:41:10,IG,MCM
2022-05-10 16:41:11,MGB,MWB
2022-05-10 16:41:11,LL,MCM
2022-05-10 16:41:11,MZ,PL
2022-05-10 16:41:11,IG,MZ
2022-05-10 16:41:11,MCM,PL
2022-05-10 16:41:11,IG,MGB
2022-05-10 16:41:11,IG,LL
2022-05-10 16:41:11,MCM,MGB
2022-05-10 16:41:11,IG,MTP
2022-05-10 16:41:11,LL,PL
2022-05-10 16:41:11,IG,MCM
2022-05-10 16:41:11,MTP,MWB
2022-05-10 16:41:11,DB,MCM
2022-05-10 16:41:11,MGB,MZ
2022-05-10 16:41:11,MCM,MTP
2022-05-10 16:41:11,DB,PL
2022-05-10 16:41:11,LL,MTP
2022-05-10 16:41:11,DB,IG
2022-05-10 16:41:11,IG,PL
2022-05-10 16:41:11,DB,MWB
2022-05-10 16:41:11,DB,MGB
2022-05-10 16:41:11,DB,MZ
2022-05-10 16:41:11,MWB,PL
2022-05-10 16:41:11,MGB,PL
2022-05-10 16:41:11,MWB,MZ
2022-05-10 16:41:11,MGB,MTP
2022-05-10 16:41:11,IG,MWB
2022-05-10 16:41:11,LL,MGB
2022-05-10 16:41:11,LL,MWB
2022-05-10 16:41:11,MTP,MZ
2022-05-10 16:41:11,LL,MZ
2022-05-10 16:41:11,MCM,MWB
2022-05-10 16:41:11,MCM,MZ
2022-05-10 16:41:11,DB,MTP
2022-05-10 16:41:11,DB,LL
2022-05-10 16:41:11,MTP,PL
2022-05-10 16:41:12,MCM,MGB
2022-05-10 16:41:12,IG,MTP
2022-05-10 16:41:12,MGB,PL
2022-05-10 16:41:12,MCM,PL
2022-05-10 16:41:12,MGB,MWB
2022-05-10 16:41:12,MWB,PL
2022-05-10 16:41:12,DB,IG
2022-05-10 16:41:12,DB,PL
2022-05-10 16:41:12,LL,PL
2022-05-10 16:41:12,IG,MZ
2022-05-10 16:41:12,MCM,MZ
2022-05-10 16:41:12,DB,MGB
2022-05-10 16:41:12,MCM,MTP
2022-05-10 16:41:12,DB,MWB
2022-05-10 16:41:12,IG,PL
2022-05-10 16:41:12,DB,LL
2022-05-10 16:41:12,DB,MZ
2022-05-10 16:41:12,LL,MTP
2022-05-10 16:41:12,MGB,MZ
2022-05-10 16:41:12,LL,MZ
2022-05-10 16:41:12,MTP,MZ
2022-05-10 16:41:12,IG,LL
2022-05-10 16:41:12,DB,MCM
2022-05-10 16:41:12,LL,MWB
2022-05-10 16:41:12,MZ,PL
2022-05-10 16:41:12,IG,MCM
2022-05-10 16:41:12,MWB,MZ
2022-05-10 16:41:12,LL,MGB
2022-05-10 16:41:12,IG,MGB
2022-05-10 16:41:12,LL,MCM
2022-05-10 16:41:12,MTP,MWB
2022-05-10 16:41:12,IG,MWB
2022-05-10 16:41:12,MGB,MTP
2022-05-10 16:41:12,MTP,PL
2022-05-10 16:41:12,MCM,MWB
2022-05-10 16:41:12,DB,MTP
2022-05-10 16:41:13,IG,MWB
2022-05-10 16:41:13,IG,MZ
2022-05-10 16:41:13,IG,PL
2022-05-10 16:41:13,DB,PL
2022-05-10 16:41:13,DB,MGB
2022-05-10 16:41:13,MGB,PL
2022-05-10 16:41:13,MWB,MZ
2022-05-10 16:41:13,MTP,MZ
2022-05-10 16:41:13,LL,MWB
2022-05-10 16:41:13,DB,IG
2022-05-10 16:41:13,LL,MZ
2022-05-10 16:41:13,DB,MZ
2022-05-10 16:41:13,MZ,PL
2022-05-10 16:41:13,MCM,MTP
2022-05-10 16:41:13,MCM,PL
2022-05-10 16:41:13,DB,MCM
2022-05-10 16:41:13,MGB,MZ
2022-05-10 16:41:13,LL,PL
2022-05-10 16:41:13,IG,MCM
2022-05-10 16:41:13,MTP,PL
2022-05-10 16:41:13,IG,MTP
2022-05-10 16:41:13,MCM,MGB
2022-05-10 16:41:13,MCM,MWB
2022-05-10 16:41:13,LL,MTP
2022-05-10 16:41:13,MGB,MWB
2022-05-10 16:41:13,DB,MTP
2022-05-10 16:41:13,MWB,PL
2022-05-10 16:41:13,MGB,MTP
2022-05-10 16:41:13,MTP,MWB
2022-05-10 16:41:13,IG,MGB
2022-05-10 16:41:13,DB,MWB
2022-05-10 16:41:13,LL,MGB
2022-05-10 16:41:13,DB,LL
2022-05-10 16:41:13,MCM,MZ
2022-05-10 16:41:13,LL,MCM
2022-05-10 16:41:13,IG,LL
2022-05-10 16:41:14,MCM,MGB
2022-05-10 16:41:14,MCM,MTP
2022-05-10 16:41:14,DB,MTP
2022-05-10 16:41:14,MCM,MWB
2022-05-10 16:41:14,MCM,MZ
2022-05-10 16:41:14,MGB,MWB
2022-05-10 16:41:14,LL,MZ
2022-05-10 16:41:14,LL,PL
2022-05-10 16:41:14,MCM,PL
2022-05-10 16:41:14,IG,MZ
2022-05-10 16:41:14,LL,MWB
2022-05-10 16:41:14,DB,PL
2022-05-10 16:41:14,DB,MZ
2022-05-10 16:41:14,DB,MWB
2022-05-10 16:41:14,LL,MTP
2022-05-10 16:41:14,IG,PL
2022-05-10 16:41:14,IG,MWB
2022-05-10 16:41:14,MGB,MTP
2022-05-10 16:41:14,LL,MGB
2022-05-10 16:41:14,LL,MCM
2022-05-10 16:41:14,IG,MTP
2022-05-10 16:41:14,MGB,MZ
2022-05-10 16:41:14,DB,IG
2022-05-10 16:41:14,DB,MGB
2022-05-10 16:41:14,MTP,PL
2022-05-10 16:41:14,DB,MCM
2022-05-10 16:41:14,IG,MGB
2022-05-10 16:41:14,MTP,MWB
2022-05-10 16:41:14,DB,LL
2022-05-10 16:41:14,IG,LL
2022-05-10 16:41:14,MTP,MZ
2022-05-10 16:41:14,MWB,MZ
2022-05-10 16:41:14,MGB,PL
2022-05-10 16:41:14,IG,MCM
2022-05-10 16:41:14,MWB,PL
2022-05-10 16:41:14,MZ,PL
2022-05-10 16:41:15,MWB,PL
2022-05-10 16:41:15,MTP,MWB
2022-05-10 16:41:15,LL,MZ
2022-05-10 16:41:15,LL,PL
2022-05-10 16:41:15,DB,IG
2022-05-10 16:41:15,DB,MGB
2022-05-10 16:41:15,MTP,MZ
2022-05-10 16:41:15,DB,MWB
2022-05-10 16:41:15,MGB,MWB
2022-05-10 16:41:15,LL,MTP
2022-05-10 16:41:15,LL,MWB
2022-05-10 16:41:15,DB,LL
2022-05-10 16:41:15,IG,LL
2022-05-10 16:41:15,MZ,PL
2022-05-10 16:41:15,MCM,MGB
2022-05-10 16:41:15,MGB,PL
2022-05-10 16:41:15,IG,MCM
2022-05-10 16:41:15,IG,MTP
2022-05-10 16:41:15,MCM,MTP
2022-05-10 16:41:15,MGB,MTP
2022-05-10 16:41:15,IG,MGB
2022-05-10 16:41:15,IG,PL
2022-05-10 16:41:15,IG,MZ
2022-05-10 16:41:15,MGB,MZ
2022-05-10 16:41:15,LL,MCM
2022-05-10 16:41:15,MCM,MWB
2022-05-10 16:41:15,LL,MGB
2022-05-10 16:41:15,DB,PL
2022-05-10 16:41:15,DB,MCM
2022-05-10 16:41:15,MTP,PL
2022-05-10 16:41:15,DB,MTP
2022-05-10 16:41:15,IG,MWB
2022-05-10 16:41:15,MCM,MZ
2022-05-10 16:41:15,MCM,PL
2022-05-10 16:41:15,MWB,MZ
2022-05-10 16:41:15,DB,MZ
2022-05-10 16:41:16,IG,MGB
2022-05-10 16:41:16,MGB,MWB
2022-05-10 16:41:16,IG,MCM
2022-05-10 16:41:16,IG,PL
2022-05-10 16:41:16,IG,MWB
2022-05-10 16:41:16,DB,MGB
2022-05-10 16:41:16,IG,MZ
2022-05-10 16:41:16,LL,MTP
2022-05-10 16:41:16,MZ,PL
2022-05-10 16:41:16,LL,MCM
2022-05-10 16:41:16,MCM,PL
2022-05-10 16:41:16,MCM,MWB
2022-05-10 16:41:16,IG,LL
2022-05-10 16:41:16,LL,MWB
2022-05-10 16:41:16,MWB,MZ
2022-05-10 16:41:16,DB,IG
2022-05-10 16:41:16,MCM,MTP
2022-05-10 16:41:16,MGB,MTP
2022-05-10 16:41:16,DB,MWB
2022-05-10 16:41:16,MCM,MZ
2022-05-10 16:41:16,DB,MZ
2022-05-10 16:41:16,IG,MTP
2022-05-10 16:41:16,MTP,MWB
2022-05-10 16:41:16,LL,MGB
2022-05-10 16:41:16,DB,PL
2022-05-10 16:41:16,MTP,MZ
2022-05-10 16:41:16,DB,LL
2022-05-10 16:41:16,MTP,PL
2022-05-10 16:41:16,MWB,PL
2022-05-10 16:41:16,DB,MTP
2022-05-10 16:41:16,MCM,MGB
2022-05-10 16:41:16,MGB,MZ
2022-05-10 16:41:16,LL,PL
2022-05-10 16:41:16,DB,MCM
2022-05-10 16:41:16,MGB,PL
2022-05-10 16:41:16,LL,MZ
2022-05-10 16:41:17,MCM,MTP
2022-05-10 16:41:17,DB,LL
2022-05-10 16:41:17,MTP,MZ
2022-05-10 16:41:17,MGB,MZ
2022-05-10 16:41:17,DB,MCM
2022-05-10 16:41:17,MTP,PL
2022-05-10 16:41:17,LL,MWB
2022-05-10 16:41:17,IG,LL
2022-05-10 16:41:17,MCM,PL
2022-05-10 16:41:17,MWB,PL
2022-05-10 16:41:17,MGB,MTP
2022-05-10 16:41:17,LL,MCM
2022-05-10 16:41:17,IG,PL
2022-05-10 16:41:17,IG,MWB
2022-05-10 16:41:17,IG,MTP
2022-05-10 16:41:17,DB,IG
2022-05-10 16:41:17,LL,PL
2022-05-10 16:41:17,LL,MTP
2022-05-10 16:41:17,DB,MWB
2022-05-10 16:41:17,MTP,MWB
2022-05-10 16:41:17,DB,MTP
2022-05-10 16:41:17,DB,MZ
2022-05-10 16:41:17,LL,MZ
2022-05-10 16:41:17,MGB,MWB
2022-05-10 16:41:17,MCM,MZ
2022-05-10 16:41:17,IG,MZ
2022-05-10 16:41:17,IG,MGB
2022-05-10 16:41:17,MWB,MZ
2022-05-10 16:41:17,LL,MGB
2022-05-10 16:41:17,MZ,PL
2022-05-10 16:41:17,IG,MCM
2022-05-10 16:41:17,MCM,MGB
2022-05-10 16:41:17,DB,PL
2022-05-10 16:41:17,MCM,MWB
2022-05-10 16:41:17,MGB,PL
2022-05-10 16:41:17,DB,MGB
2022-05-10 16:41:18,DB,IG
2022-05-10 16:41:18,LL,MGB
2022-05-10 16:41:18,IG,MGB
2022-05-10 16:41:18,MTP,PL
2022-05-10 16:41:18,DB,PL
2022-05-10 16:41:18,LL,MZ
2022-05-10 16:41:18,LL,MTP
2022-05-10 16:41:18,DB,MTP
2022-05-10 16:41:18,MCM,MZ
2022-05-10 16:41:18,MWB,MZ
2022-05-10 16:41:18,DB,MCM
2022-05-10 16:41:18,MCM,MWB
2022-05-10 16:41:18,MCM,MTP
2022-05-10 16:41:18,MCM,PL
2022-05-10 16:41:18,LL,PL
2022-05-10 16:41:18,DB,MZ
2022-05-10 16:41:18,MTP,MWB
2022-05-10 16:41:18,MTP,MZ
2022-05-10 16:41:18,DB,MGB
2022-05-10 16:41:18,MCM,MGB
2022-05-10 16:41:18,IG,MZ
2022-05-10 16:41:18,IG,LL
2022-05-10 16:41:18,MWB,PL
2022-05-10 16:41:18,MGB,MZ
2022-05-10 16:41:18,LL,MWB
2022-05-10 16:41:18,DB,LL
2022-05-10 16:41:18,MGB,MWB
2022-05-10 16:41:18,DB,MWB
2022-05-10 16:41:18,MGB,MTP
2022-05-10 16:41:18,MZ,PL
2022-05-10 16:41:18,MGB,PL
2022-05-10 16:41:18,IG,PL
2022-05-10 16:41:18,LL,MCM
2022-05-10 16:41:18,IG,MCM
2022-05-10 16:41:18,IG,MTP
2022-05-10 16:41:18,IG,MWB
2022-05-10 16:41:19,DB,PL
2022-05-10 16:41:19,MTP,MZ
2022-05-10 16:41:19,MTP,MWB
2022-05-10 16:41:19,MWB,MZ
2022-05-10 16:41:19,IG,MZ
2022-05-10 16:41:19,DB,MTP
2022-05-10 16:41:19,MGB,PL
2022-05-10 16:41:19,IG,MCM
2022-05-10 16:41:19,LL,MGB
2022-05-10 16:41:19,DB,MGB
2022-05-10 16:41:19,MZ,PL
2022-05-10 16:41:19,MWB,PL
2022-05-10 16:41:19,IG,MGB
2022-05-10 16:41:19,DB,MZ
2022-05-10 16:41:19,MGB,MWB
2022-05-10 16:41:19,MCM,MWB
2022-05-10 16:41:19,MCM,MGB
2022-05-10 16:41:19,LL,MZ
2022-05-10 16:41:19,IG,MWB
2022-05-10 16:41:19,IG,MTP
2022-05-10 16:41:19,DB,IG
2022-05-10 16:41:19,MTP,PL
2022-05-10 16:41:19,MGB,MTP
2022-05-10 16:41:19,DB,MWB
2022-05-10 16:41:19,LL,MTP
2022-05-10 16:41:19,LL,MCM
2022-05-10 16:41:19,MCM,MZ
2022-05-10 16:41:19,IG,PL
2022-05-10 16:41:19,DB,LL
2022-05-10 16:41:19,MCM,MTP
2022-05-10 16:41:19,MGB,MZ
2022-05-10 16:41:19,DB,MCM
2022-05-10 16:41:19,IG,LL
2022-05-10 16:41:19,LL,PL
2022-05-10 16:41:19,MCM,PL
2022-05-10 16:41:19,LL,MWB
2022-05-10 16:41:20,LL,MCM
2022-05-10 16:41:20,LL,MGB
2022-05-10 16:41:20,MGB,MWB
2022-05-10 16:41:20,DB,MCM
2022-05-10 16:41:20,MGB,MZ
2022-05-10 16:41:20,IG,MWB
2022-05-10 16:41:20,LL,MTP
2022-05-10 16:41:20,IG,MGB
2022-05-10 16:41:20,IG,MCM
2022-05-10 16:41:20,MWB,PL
2022-05-10 16:41:20,DB,MGB
2022-05-10 16:41:20,MTP,PL
2022-05-10 16:41:20,MTP,MWB
2022-05-10 16:41:20,MCM,MZ
2022-05-10 16:41:20,MCM,MGB
2022-05-10 16:41:20,IG,LL
2022-05-10 16:41:20,IG,PL
2022-05-10 16:41:20,DB,LL
2022-05-10 16:41:20,MGB,PL
2022-05-10 16:41:20,DB,MWB
2022-05-10 16:41:20,DB,PL
2022-05-10 16:41:20,IG,MTP
2022-05-10 16:41:20,LL,PL
2022-05-10 16:41:20,DB,MZ
2022-05-10 16:41:20,MCM,MWB
2022-05-10 16:41:20,MZ,PL
2022-05-10 16:41:20,MWB,MZ
2022-05-10 16:41:20,MTP,MZ
2022-05-10 16:41:20,MGB,MTP
2022-05-10 16:41:20,DB,MTP
2022-05-10 16:41:20,LL,MZ
2022-05-10 16:41:20,LL,MWB
2022-05-10 16:41:20,MCM,PL
2022-05-10 16:41:20,DB,IG
2022-05-10 16:41:20,MCM,MTP
2022-05-10 16:41:20,IG,MZ
2022-05-10 16:41:21,MTP,MZ
2022-05-10 16:41:21,MTP,MWB
2022-05-10 16:41:21,IG,MGB
2022-05-10 16:41:21,IG,PL
2022-05-10 16:41:21,MGB,PL
2022-05-10 16:41:21,DB,MZ
2022-05-10 16:41:21,IG,MZ
2022-05-10 16:41:21,LL,MWB
2022-05-10 16:41:21,IG,MCM
2022-05-10 16:41:21,DB,MGB
2022-05-10 16:41:21,LL,PL
2022-05-10 16:41:21,MTP,PL
2022-05-10 16:41:21,MCM,MZ
2022-05-10 16:41:21,MGB,MWB
2022-05-10 16:41:21,IG,LL
2022-05-10 16:41:21,DB,MWB
2022-05-10 16:41:21,IG,MTP
2022-05-10 16:41:21,MGB,MTP
2022-05-10 16:41:21,MCM,MGB
2022-05-10 16:41:21,MZ,PL
2022-05-10 16:41:21,DB,LL
2022-05-10 16:41:21,MWB,PL
2022-05-10 16:41:21,DB,IG
2022-05-10 16:41:21,MGB,MZ
2022-05-10 16:41:21,DB,MCM
2022-05-10 16:41:21,LL,MCM
2022-05-10 16:41:21,IG,MWB
2022-05-10 16:41:21,LL,MGB
2022-05-10 16:41:21,MCM,PL
2022-05-10 16:41:21,DB,PL
2022-05-10 16:41:21,LL,MZ
2022-05-10 16:41:21,MWB,MZ
2022-05-10 16:41:21,MCM,MTP
2022-05-10 16:41:21,DB,MTP
2022-05-10 16:41:21,LL,MTP
2022-05-10 16:41:21,MCM,MWB
2022-05-10 16:41:22,DB,MCM
2022-05-10 16:41:22,MGB,PL
2022-05-10 16:41:22,LL,PL
2022-05-10 16:41:22,DB,MTP
2022-05-10 16:41:22,MTP,PL
2022-05-10 16:41:22,LL,MWB
2022-05-10 16:41:22,LL,MCM
2022-05-10 16:41:22,DB,MGB
2022-05-10 16:41:22,MGB,MTP
2022-05-10 16:41:22,IG,LL
2022-05-10 16:41:22,LL,MTP
2022-05-10 16:41:22,MWB,MZ
2022-05-10 16:41:22,MCM,MWB
2022-05-10 16:41:22,MZ,PL
2022-05-10 16:41:22,IG,MZ
2022-05-10 16:41:22,MWB,PL
2022-05-10 16:41:22,MCM,PL
2022-05-10 16:41:22,MGB,MZ
2022-05-10 16:41:22,DB,IG
2022-05-10 16:41:22,MTP,MWB
2022-05-10 16:41:22,IG,MWB
2022-05-10 16:41:22,LL,MGB
2022-05-10 16:41:22,DB,PL
2022-05-10 16:41:22,MCM,MTP
2022-05-10 16:41:22,DB,MZ
2022-05-10 16:41:22,IG,MGB
2022-05-10 16:41:22,DB,MWB
2022-05-10 16:41:22,IG,PL
2022-05-10 16:41:22,LL,MZ
2022-05-10 16:41:22,MTP,MZ
2022-05-10 16:41:22,IG,MTP
2022-05-10 16:41:22,MGB,MWB
2022-05-10 16:41:22,MCM,MZ
2022-05-10 16:41:22,MCM,MGB
2022-05-10 16:41:22,IG,MCM
2022-05-10 16:41:22,DB,LL
2022-05-10 16:41:23,DB,MCM
2022-05-10 16:41:23,MZ,PL
2022-05-10 16:41:23,IG,MZ
2022-05-10 16:41:23,MCM,MTP
2022-05-10 16:41:23,MGB,MWB
2022-05-10 16:41:23,LL,MGB
2022-05-10 16:41:23,LL,PL
2022-05-10 16:41:23,DB,LL
2022-05-10 16:41:23,MCM,MWB
2022-05-10 16:41:23,MWB,MZ
2022-05-10 16:41:23,DB,PL
2022-05-10 16:41:23,MCM,MGB
2022-05-10 16:41:23,IG,MWB
2022-05-10 16:41:23,MWB,PL
2022-05-10 16:41:23,DB,IG
2022-05-10 16:41:23,MCM,PL
2022-05-10 16:41:23,IG,LL
2022-05-10 16:41:23,LL,MWB
2022-05-10 16:41:23,MGB,MTP
2022-05-10 16:41:23,IG,MTP
2022-05-10 16:41:23,MCM,MZ
2022-05-10 16:41:23,DB,MWB
2022-05-10 16:41:23,LL,MZ
2022-05-10 16:41:23,IG,PL
2022-05-10 16:41:23,IG,MCM
2022-05-10 16:41:23,MTP,PL
2022-05-10 16:41:23,DB,MGB
2022-05-10 16:41:23,MTP,MWB
2022-05-10 16:41:23,DB,MTP
2022-05-10 16:41:23,LL,MTP
2022-05-10 16:41:23,DB,MZ
2022-05-10 16:41:23,MGB,MZ
2022-05-10 16:41:23,MGB,PL
2022-05-10 16:41:23,IG,MGB
2022-05-10 16:41:23,MTP,MZ
2022-05-10 16:41:23,LL,MCM
2022-05-10 16:41:24,IG,MCM
2022-05-10 16:41:24,DB,MGB
2022-05-10 16:41:24,MCM,MTP
2022-05-10 16:41:24,DB,MTP
2022-05-10 16:41:24,DB,PL
2022-05-10 16:41:24,LL,MWB
2022-05-10 16:41:24,MWB,MZ
2022-05-10 16:41:24,MCM,MWB
2022-05-10 16:41:24,IG,MWB
2022-05-10 16:41:24,LL,MCM
2022-05-10 16:41:24,MCM,MZ
2022-05-10 16:41:24,LL,MTP
2022-05-10 16:41:24,MTP,MWB
2022-05-10 16:41:24,DB,IG
2022-05-10 16:41:24,MTP,PL
2022-05-10 16:41:24,MCM,PL
2022-05-10 16:41:24,IG,PL
2022-05-10 16:41:24,IG,LL
2022-05-10 16:41:24,MTP,MZ
2022-05-10 16:41:24,MGB,MZ
2022-05-10 16:41:24,IG,MGB
2022-05-10 16:41:24,MGB,MTP
2022-05-10 16:41:24,IG,MTP
2022-05-10 16:41:24,LL,MZ
2022-05-10 16:41:24,DB,MWB
2022-05-10 16:41:24,MWB,PL
2022-05-10 16:41:24,LL,MGB
2022-05-10 16:41:24,MGB,PL
2022-05-10 16:41:24,MGB,MWB
2022-05-10 16:41:24,DB,LL
2022-05-10 16:41:24,MZ,PL
2022-05-10 16:41:24,LL,PL
2022-05-10 16:41:24,DB,MZ
2022-05-10 16:41:24,MCM,MGB
2022-05-10 16:41:24,IG,MZ
2022-05-10 16:41:24,DB,MCM
2022-05-10 16:41:25,DB,IG
2022-05-10 16:41:25,MTP,PL
2022-05-10 16:41:25,MCM,MTP
2022-05-10 16:41:25,MGB,MWB
2022-05-10 16:41:25,DB,PL
2022-05-10 16:41:25,IG,MCM
2022-05-10 16:41:25,IG,MZ
2022-05-10 16:41:25,DB,LL
2022-05-10 16:41:25,DB,MGB
2022-05-10 16:41:25,MTP,MWB
2022-05-10 16:41:25,MCM,PL
2022-05-10 16:41:25,MCM,MWB
2022-05-10 16:41:25,IG,PL
2022-05-10 16:41:25,MZ,PL
2022-05-10 16:41:25,MGB,MZ
2022-05-10 16:41:25,LL,MTP
2022-05-10 16:41:25,IG,LL
2022-05-10 16:41:25,IG,MGB
2022-05-10 16:41:25,MGB,PL
2022-05-10 16:41:25,MWB,PL
2022-05-10 16:41:25,LL,MGB
2022-05-10 16:41:25,DB,MWB
2022-05-10 16:41:25,DB,MCM
2022-05-10 16:41:25,MCM,MGB
2022-05-10 16:41:25,LL,MCM
2022-05-10 16:41:25,MTP,MZ
2022-05-10 16:41:25,LL,MZ
2022-05-10 16:41:25,DB,MZ
2022-05-10 16:41:25,LL,MWB
2022-05-10 16:41:25,DB,MTP
2022-05-10 16:41:25,IG,MTP
2022-05-10 16:41:25,MWB,MZ
2022-05-10 16:41:25,IG,MWB
2022-05-10 16:41:25,LL,PL
2022-05-10 16:41:25,MCM,MZ
2022-05-10 16:41:25,MGB,MTP
2022-05-10 16:41:26,MTP,PL
2022-05-10 16:41:26,LL,MZ
2022-05-10 16:41:26,DB,LL
2022-05-10 16:41:26,IG,MGB
2022-05-10 16:41:26,IG,MZ
2022-05-10 16:41:26,IG,PL
2022-05-10 16:41:26,DB,MWB
2022-05-10 16:41:26,MGB,MTP
2022-05-10 16:41:26,IG,LL
2022-05-10 16:41:26,MTP,MZ
2022-05-10 16:41:26,IG,MTP
2022-05-10 16:41:26,DB,PL
2022-05-10 16:41:26,MCM,PL
2022-05-10 16:41:26,MWB,PL
2022-05-10 16:41:26,MGB,PL
2022-05-10 16:41:26,DB,MTP
2022-05-10 16:41:26,DB,MCM
2022-05-10 16:41:26,MCM,MZ
2022-05-10 16:41:26,LL,MCM
2022-05-10 16:41:26,LL,MGB
2022-05-10 16:41:26,LL,MWB
2022-05-10 16:41:26,MWB,MZ
2022-05-10 16:41:26,LL,PL
2022-05-10 16:41:26,DB,MZ
2022-05-10 16:41:26,IG,MWB
2022-05-10 16:41:26,MCM,MGB
2022-05-10 16:41:26,MGB,MWB
2022-05-10 16:41:26,MGB,MZ
2022-05-10 16:41:26,IG,MCM
2022-05-10 16:41:26,MCM,MTP
2022-05-10 16:41:26,LL,MTP
2022-05-10 16:41:26,MTP,MWB
2022-05-10 16:41:26,MCM,MWB
2022-05-10 16:41:26,DB,IG
2022-05-10 16:41:26,MZ,PL
2022-05-10 16:41:26,DB,MGB
2022-05-10 16:41:27,IG,MWB
2022-05-10 16:41:27,MTP,MWB
2022-05-10 16:41:27,DB,MZ
2022-05-10 16:41:27,MCM,MZ
2022-05-10 16:41:27,MTP,PL
2022-05-10 16:41:27,DB,LL
2022-05-10 16:41:27,DB,MGB
2022-05-10 16:41:27,LL,MWB
2022-05-10 16:41:27,DB,PL
2022-05-10 16:41:27,IG,MCM
2022-05-10 16:41:27,MGB,PL
2022-05-10 16:41:27,DB,MWB
2022-05-10 16:41:27,DB,MTP
2022-05-10 16:41:27,MZ,PL
2022-05-10 16:41:27,IG,PL
2022-05-10 16:41:27,LL,PL
2022-05-10 16:41:27,MCM,MGB
2022-05-10 16:41:27,MCM,MWB
2022-05-10 16:41:27,DB,MCM
2022-05-10 16:41:27,MWB,MZ
2022-05-10 16:41:27,LL,MCM
2022-05-10 16:41:27,MCM,MTP
2022-05-10 16:41:27,MGB,MZ
2022-05-10 16:41:27,LL,MTP
2022-05-10 16:41:27,MGB,MWB
2022-05-10 16:41:27,DB,IG
2022-05-10 16:41:27,IG,MZ
2022-05-10 16:41:27,IG,MTP
2022-05-10 16:41:27,MCM,PL
2022-05-10 16:41:27,MWB,PL
2022-05-10 16:41:27,MTP,MZ
2022-05-10 16:41:27,MGB,MTP
2022-05-10 16:41:27,LL,MZ
2022-05-10 16:41:27,IG,LL
2022-05-10 16:41:27,LL,MGB
2022-05-10 16:41:27,IG,MGB
2022-05-10 16:41:28,LL,MTP
2022-05-10 16:41:28,MGB,MWB
2022-05-10 16:41:28,IG,MCM
2022-05-10 16:41:28,MGB,MZ
2022-05-10 16:41:28,IG,MGB
2022-05-10 16:41:28,DB,PL
2022-05-10 16:41:28,MCM,MTP
2022-05-10 16:41:28,LL,MGB
2022-05-10 16:41:28,IG,LL
2022-05-10 16:41:28,DB,MCM
2022-05-10 16:41:28,LL,MCM
2022-05-10 16:41:28,DB,MZ
2022-05-10 16:41:28,DB,MWB
2022-05-10 16:41:28,MGB,MTP
2022-05-10 16:41:28,MWB,MZ
2022-05-10 16:41:28,MWB,PL
2022-05-10 16:41:28,LL,MWB
2022-05-10 16:41:28,LL,PL
2022-05-10 16:41:28,IG,MWB
2022-05-10 16:41:28,MZ,PL
2022-05-10 16:41:28,MTP,PL
2022-05-10 16:41:28,MGB,PL
2022-05-10 16:41:28,DB,IG
2022-05-10 16:41:28,LL,MZ
2022-05-10 16:41:28,MCM,MZ
2022-05-10 16:41:28,MTP,MZ
2022-05-10 16:41:28,MCM,MWB
2022-05-10 16:41:28,IG,MTP
2022-05-10 16:41:28,IG,PL
2022-05-10 16:41:28,MTP,MWB
2022-05-10 16:41:28,DB,LL
2022-05-10 16:41:28,MCM,PL
2022-05-10 16:41:28,MCM,MGB
2022-05-10 16:41:28,DB,MGB
2022-05-10 16:41:28,IG,MZ
2022-05-10 16:41:28,DB,MTP
2022-05-10 16:41:29,LL,MGB
2022-05-10 16:41:29,DB,MTP
2022-05-10 16:41:29,MCM,MZ
2022-05-10 16:41:29,MTP,MWB
2022-05-10 16:41:29,MWB,PL
2022-05-10 16:41:29,MZ,PL
2022-05-10 16:41:29,IG,MZ
2022-05-10 16:41:29,MGB,MZ
2022-05-10 16:41:29,MGB,MWB
2022-05-10 16:41:29,DB,LL
2022-05-10 16:41:29,DB,PL
2022-05-10 16:41:29,LL,MCM
2022-05-10 16:41:29,LL,MWB
2022-05-10 16:41:29,DB,MWB
2022-05-10 16:41:29,MGB,MTP
2022-05-10 16:41:29,MCM,PL
2022-05-10 16:41:29,IG,LL
2022-05-10 16:41:29,LL,MZ
2022-05-10 16:41:29,IG,PL
2022-05-10 16:41:29,MTP,MZ
2022-05-10 16:41:29,IG,MWB
2022-05-10 16:41:29,MCM,MGB
2022-05-10 16:41:29,LL,PL
2022-05-10 16:41:29,IG,MTP
2022-05-10 16:41:29,IG,MCM
2022-05-10 16:41:29,DB,MGB
2022-05-10 16:41:29,DB,IG
2022-05-10 16:41:29,MGB,PL
2022-05-10 16:41:29,LL,MTP
2022-05-10 16:41:29,DB,MCM
2022-05-10 16:41:29,IG,MGB
2022-05-10 16:41:29,MCM,MTP
2022-05-10 16:41:29,DB,MZ
2022-05-10 16:41:29,MWB,MZ
2022-05-10 16:41:29,MCM,MWB
2022-05-10 16:41:29,MTP,PL
2022-05-10 16:41:30,LL,MZ
2022-05-10 16:41:30,MCM,MGB
2022-05-10 16:41:30,MGB,MZ
2022-05-10 16:41:30,DB,MCM
2022-05-10 16:41:30,DB,MTP
2022-05-10 16:41:30,IG,MWB
2022-05-10 16:41:30,MTP,MWB
2022-05-10 16:41:30,MGB,MWB
2022-05-10 16:41:30,LL,MCM
2022-05-10 16:41:30,MWB,PL
2022-05-10 16:41:30,IG,MTP
2022-05-10 16:41:30,MWB,MZ
2022-05-10 16:41:30,MCM,MTP
2022-05-10 16:41:30,MTP,MZ
2022-05-10 16:41:30,DB,IG
2022-05-10 16:41:30,LL,MTP
2022-05-10 16:41:30,LL,MGB
2022-05-10 16:41:30,MCM,MWB
2022-05-10 16:41:30,IG,LL
2022-05-10 16:41:30,MCM,PL
2022-05-10 16:41:30,IG,MZ
2022-05-10 16:41:30,MGB,PL
2022-05-10 16:41:30,MGB,MTP
2022-05-10 16:41:30,DB,PL
2022-05-10 16:41:30,DB,MWB
2022-05-10 16:41:30,IG,PL
2022-05-10 16:41:30,IG,MCM
2022-05-10 16:41:30,LL,PL
2022-05-10 16:41:30,DB,MGB
2022-05-10 16:41:30,IG,MGB
2022-05-10 16:41:30,LL,MWB
2022-05-10 16:41:30,MCM,MZ
2022-05-10 16:41:30,DB,LL
2022-05-10 16:41:30,DB,MZ
2022-05-10 16:41:30,MTP,PL
2022-05-10 16:41:30,MZ,PL
2022-05-10 16:41:31,MGB,PL
2022-05-10 16:41:31,LL,MZ
2022-05-10 16:41:31,MWB,PL
2022-05-10 16:41:31,DB,PL
2022-05-10 16:41:31,MTP,MWB
2022-05-10 16:41:31,MTP,PL
2022-05-10 16:41:31,IG,PL
2022-05-10 16:41:31,MCM,MZ
2022-05-10 16:41:31,MZ,PL
2022-05-10 16:41:31,MCM,PL
2022-05-10 16:41:31,IG,LL
2022-05-10 16:41:31,LL,MGB
2022-05-10 16:41:31,LL,MCM
2022-05-10 16:41:31,MGB,MTP
2022-05-10 16:41:31,IG,MTP
2022-05-10 16:41:31,MWB,MZ
2022-05-10 16:41:31,MCM,MTP
2022-05-10 16:41:31,IG,MZ
2022-05-10 16:41:31,DB,MWB
2022-05-10 16:41:31,LL,MWB
2022-05-10 16:41:31,LL,PL
2022-05-10 16:41:31,IG,MCM
2022-05-10 16:41:31,MGB,MWB
2022-05-10 16:41:31,IG,MGB
2022-05-10 16:41:31,DB,MGB
2022-05-10 16:41:31,DB,LL
2022-05-10 16:41:31,MTP,MZ
2022-05-10 16:41:31,LL,MTP
2022-05-10 16:41:31,DB,MCM
2022-05-10 16:41:31,MCM,MGB
2022-05-10 16:41:31,MCM,MWB
2022-05-10 16:41:31,DB,MZ
2022-05-10 16:41:31,MGB,MZ
2022-05-10 16:41:31,IG,MWB
2022-05-10 16:41:31,DB,MTP
2022-05-10 16:41:31,DB,IG
2022-05-10 16:41:32,LL,MCM
2022-05-10 16:41:32,IG,MWB
2022-05-10 16:41:32,MWB,PL
2022-05-10 16:41:32,IG,LL
2022-05-10 16:41:32,LL,MTP
2022-05-10 16:41:32,MCM,MWB
2022-05-10 16:41:32,MCM,PL
2022-05-10 16:41:32,MWB,MZ
2022-05-10 16:41:32,IG,MZ
2022-05-10 16:41:32,DB,IG
2022-05-10 16:41:32,DB,MZ
2022-05-10 16:41:32,LL,MZ
2022-05-10 16:41:32,MGB,MZ
2022-05-10 16:41:32,MCM,MGB
2022-05-10 16:41:32,DB,LL
2022-05-10 16:41:32,MCM,MZ
2022-05-10 16:41:32,IG,MGB
2022-05-10 16:41:32,IG,MCM
2022-05-10 16:41:32,IG,PL
2022-05-10 16:41:32,DB,MWB
2022-05-10 16:41:32,DB,PL
2022-05-10 16:41:32,MCM,MTP
2022-05-10 16:41:32,IG,MTP
2022-05-10 16:41:32,MGB,MWB
2022-05-10 16:41:32,MZ,PL
2022-05-10 16:41:32,MTP,MZ
2022-05-10 16:41:32,LL,MGB
2022-05-10 16:41:32,MTP,PL
2022-05-10 16:41:32,MGB,PL
2022-05-10 16:41:32,MGB,MTP
2022-05-10 16:41:32,LL,MWB
2022-05-10 16:41:32,DB,MTP
2022-05-10 16:41:32,LL,PL
2022-05-10 16:41:32,DB,MCM
2022-05-10 16:41:32,MTP,MWB
2022-05-10 16:41:32,DB,MGB
2022-05-10 16:41:33,IG,MTP
2022-05-10 16:41:33,IG,LL
2022-05-10 16:41:33,LL,MZ
2022-05-10 16:41:33,MTP,MZ
2022-05-10 16:41:33,DB,LL
2022-05-10 16:41:33,LL,MGB
2022-05-10 16:41:33,MWB,PL
2022-05-10 16:41:33,DB,MTP
2022-05-10 16:41:33,MGB,PL
2022-05-10 16:41:33,LL,PL
2022-05-10 16:41:33,MCM,MZ
2022-05-10 16:41:33,IG,MZ
2022-05-10 16:41:33,DB,MCM
2022-05-10 16:41:33,IG,MGB
2022-05-10 16:41:33,LL,MWB
2022-05-10 16:41:33,MTP,PL
2022-05-10 16:41:33,MWB,MZ
2022-05-10 16:41:33,MCM,MTP
2022-05-10 16:41:33,LL,MCM
2022-05-10 16:41:33,DB,MZ
2022-05-10 16:41:33,DB,MGB
2022-05-10 16:41:33,MZ,PL
2022-05-10 16:41:33,MGB,MZ
2022-05-10 16:41:33,IG,MWB
2022-05-10 16:41:33,IG,PL
2022-05-10 16:41:33,MCM,MGB
2022-05-10 16:41:33,IG,MCM
2022-05-10 16:41:33,MCM,MWB
2022-05-10 16:41:33,MTP,MWB
2022-05-10 16:41:33,DB,MWB
2022-05-10 16:41:33,LL,MTP
2022-05-10 16:41:33,MGB,MWB
2022-05-10 16:41:33,DB,PL
2022-05-10 16:41:33,DB,IG
2022-05-10 16:41:33,MCM,PL
2022-05-10 16:41:33,MGB,MTP
2022-05-10 16:41:34,MZ,PL
2022-05-10 16:41:34,IG,MGB
2022-05-10 16:41:34,IG,MTP
2022-05-10 16:41:34,LL,MCM
2022-05-10 16:41:34,MGB,MWB
2022-05-10 16:41:34,DB,PL
2022-05-10 16:41:34,LL,MWB
2022-05-10 16:41:34,MGB,PL
2022-05-10 16:41:34,LL,MGB
2022-05-10 16:41:34,DB,IG
2022-05-10 16:41:34,DB,MWB
2022-05-10 16:41:34,MTP,MWB
2022-05-10 16:41:34,IG,MCM
2022-05-10 16:41:34,DB,MTP
2022-05-10 16:41:34,IG,PL
2022-05-10 16:41:34,DB,MZ
2022-05-10 16:41:34,MTP,MZ
2022-05-10 16:41:34,MCM,MTP
2022-05-10 16:41:34,DB,LL
2022-05-10 16:41:34,MWB,PL
2022-05-10 16:41:34,IG,LL
2022-05-10 16:41:34,MGB,MZ
2022-05-10 16:41:34,LL,MTP
2022-05-10 16:41:34,LL,PL
2022-05-10 16:41:34,MCM,MZ
2022-05-10 16:41:34,MCM,PL
2022-05-10 16:41:34,IG,MZ
2022-05-10 16:41:34,DB,MCM
2022-05-10 16:41:34,MCM,MGB
2022-05-10 16:41:34,DB,MGB
2022-05-10 16:41:34,MWB,MZ
2022-05-10 16:41:34,MCM,MWB
2022-05-10 16:41:34,IG,MWB
2022-05-10 16:41:34,MGB,MTP
2022-05-10 16:41:34,LL,MZ
2022-05-10 16:41:34,MTP,PL
2022-05-10 16:41:35,DB,IG
2022-05-10 16:41:35,DB,MWB
2022-05-10 16:41:35,MCM,MWB
2022-05-10 16:41:35,DB,MTP
2022-05-10 16:41:35,MCM,MTP
2022-05-10 16:41:35,MGB,MZ
2022-05-10 16:41:35,MTP,PL
2022-05-10 16:41:35,MGB,MTP
2022-05-10 16:41:35,IG,MWB
2022-05-10 16:41:35,MGB,MWB
2022-05-10 16:41:35,MCM,PL
2022-05-10 16:41:35,DB,PL
2022-05-10 16:41:35,IG,MTP
2022-05-10 16:41:35,MCM,MGB
2022-05-10 16:41:35,DB,LL
2022-05-10 16:41:35,LL,PL
2022-05-10 16:41:35,MTP,MZ
2022-05-10 16:41:35,LL,MCM
2022-05-10 16:41:35,MWB,MZ
2022-05-10 16:41:35,IG,MGB
2022-05-10 16:41:35,DB,MGB
2022-05-10 16:41:35,DB,MCM
2022-05-10 16:41:35,DB,MZ
2022-05-10 16:41:35,IG,MZ
2022-05-10 16:41:35,IG,MCM
2022-05-10 16:41:35,MCM,MZ
2022-05-10 16:41:35,LL,MWB
2022-05-10 16:41:35,MGB,PL
2022-05-10 16:41:35,MWB,PL
2022-05-10 16:41:35,LL,MGB
2022-05-10 16:41:35,IG,PL
2022-05-10 16:41:35,IG,LL
2022-05-10 16:41:35,LL,MTP
2022-05-10 16:41:35,MZ,PL
2022-05-10 16:41:35,MTP,MWB
2022-05-10 16:41:35,LL,MZ
2022-05-10 16:41:36,LL,MTP
2022-05-10 16:41:36,DB,PL
2022-05-10 16:41:36,MTP,MWB
2022-05-10 16:41:36,IG,MCM
2022-05-10 16:41:36,DB,MTP
2022-05-10 16:41:36,MGB,MZ
2022-05-10 16:41:36,MCM,MGB
2022-05-10 16:41:36,DB,MWB
2022-05-10 16:41:36,IG,PL
2022-05-10 16:41:36,IG,MWB
2022-05-10 16:41:36,MCM,MZ
2022-05-10 16:41:36,DB,LL
2022-05-10 16:41:36,IG,MGB
2022-05-10 16:41:36,DB,MCM
2022-05-10 16:41:36,DB,MZ
2022-05-10 16:41:36,LL,MCM
2022-05-10 16:41:36,LL,MWB
2022-05-10 16:41:36,MWB,MZ
2022-05-10 16:41:36,DB,MGB
2022-05-10 16:41:36,MZ,PL
2022-05-10 16:41:36,IG,MZ
2022-05-10 16:41:36,MTP,MZ
2022-05-10 16:41:36,MWB,PL
2022-05-10 16:41:36,IG,LL
2022-05-10 16:41:36,MGB,PL
2022-05-10 16:41:36,DB,IG
2022-05-10 16:41:36,MCM,MWB
2022-05-10 16:41:36,MGB,MWB
2022-05-10 16:41:36,LL,PL
2022-05-10 16:41:36,LL,MGB
2022-05-10 16:41:36,LL,MZ
2022-05-10 16:41:36,MCM,MTP
2022-05-10 16:41:36,MTP,PL
2022-05-10 16:41:36,MGB,MTP
2022-05-10 16:41:36,MCM,PL
2022-05-10 16:41:36,IG,MTP
2022-05-10 16:41:37,MCM,MGB
2022-05-10 16:41:37,LL,MCM
2022-05-10 16:41:37,MWB,MZ
2022-05-10 16:41:37,MTP,PL
2022-05-10 16:41:37,DB,MGB
2022-05-10 16:41:37,MCM,PL
2022-05-10 16:41:37,IG,MZ
2022-05-10 16:41:37,MWB,PL
2022-05-10 16:41:37,MCM,MZ
2022-05-10 16:41:37,IG,LL
2022-05-10 16:41:37,IG,MWB
2022-05-10 16:41:37,MGB,MTP
2022-05-10 16:41:37,MGB,MZ
2022-05-10 16:41:37,LL,PL
2022-05-10 16:41:37,MCM,MWB
2022-05-10 16:41:37,DB,MZ
2022-05-10 16:41:37,LL,MGB
2022-05-10 16:41:37,DB,IG
2022-05-10 16:41:37,MCM,MTP
2022-05-10 16:41:37,DB,PL
2022-05-10 16:41:37,IG,MTP
2022-05-10 16:41:37,MTP,MWB
2022-05-10 16:41:37,LL,MTP
2022-05-10 16:41:37,DB,LL
2022-05-10 16:41:37,MGB,MWB
2022-05-10 16:41:37,DB,MTP
2022-05-10 16:41:37,DB,MWB
2022-05-10 16:41:37,IG,MCM
2022-05-10 16:41:37,LL,MZ
2022-05-10 16:41:37,IG,MGB
2022-05-10 16:41:37,MGB,PL
2022-05-10 16:41:37,IG,PL
2022-05-10 16:41:37,MZ,PL
2022-05-10 16:41:37,DB,MCM
2022-05-10 16:41:37,LL,MWB
2022-05-10 16:41:37,MTP,MZ
2022-05-10 16:41:38,MCM,MZ
2022-05-10 16:41:38,MTP,PL
2022-05-10 16:41:38,MCM,MTP
2022-05-10 16:41:38,LL,PL
2022-05-10 16:41:38,IG,MTP
2022-05-10 16:41:38,DB,MCM
2022-05-10 16:41:38,DB,LL
2022-05-10 16:41:38,MCM,MGB
2022-05-10 16:41:38,MTP,MWB
2022-05-10 16:41:38,DB,MTP
2022-05-10 16:41:38,LL,MGB
2022-05-10 16:41:38,MTP,MZ
2022-05-10 16:41:38,MZ,PL
2022-05-10 16:41:38,IG,MCM
2022-05-10 16:41:38,IG,LL
2022-05-10 16:41:38,MCM,MWB
2022-05-10 16:41:38,LL,MCM
2022-05-10 16:41:38,LL,MZ
2022-05-10 16:41:38,MWB,PL
2022-05-10 16:41:38,MGB,PL
2022-05-10 16:41:38,MGB,MWB
2022-05-10 16:41:38,DB,IG
2022-05-10 16:41:38,DB,MWB
2022-05-10 16:41:38,DB,MZ
2022-05-10 16:41:38,IG,MWB
2022-05-10 16:41:38,LL,MTP
2022-05-10 16:41:38,MGB,MZ
2022-05-10 16:41:38,IG,MZ
2022-05-10 16:41:38,MWB,MZ
2022-05-10 16:41:38,MCM,PL
2022-05-10 16:41:38,DB,PL
2022-05-10 16:41:38,MGB,MTP
2022-05-10 16:41:38,IG,PL
2022-05-10 16:41:38,IG,MGB
2022-05-10 16:41:38,LL,MWB
2022-05-10 16:41:38,DB,MGB
2022-05-10 16:41:39,MGB,PL
2022-05-10 16:41:39,MZ,PL
2022-05-10 16:41:39,DB,MCM
2022-05-10 16:41:39,MCM,MTP
2022-05-10 16:41:39,IG,MGB
2022-05-10 16:41:39,LL,MTP
2022-05-10 16:41:39,MWB,PL
2022-05-10 16:41:39,IG,MCM
2022-05-10 16:41:39,DB,LL
2022-05-10 16:41:39,LL,MGB
2022-05-10 16:41:39,IG,MTP
2022-05-10 16:41:39,DB,IG
2022-05-10 16:41:39,MCM,PL
2022-05-10 16:41:39,MGB,MTP
2022-05-10 16:41:39,LL,PL
2022-05-10 16:41:39,DB,MGB
2022-05-10 16:41:39,LL,MWB
2022-05-10 16:41:39,MCM,MWB
2022-05-10 16:41:39,IG,LL
2022-05-10 16:41:39,IG,MZ
2022-05-10 16:41:39,DB,MTP
2022-05-10 16:41:39,MWB,MZ
2022-05-10 16:41:39,LL,MCM
2022-05-10 16:41:39,IG,MWB
2022-05-10 16:41:39,DB,MZ
2022-05-10 16:41:39,MTP,MWB
2022-05-10 16:41:39,MTP,MZ
2022-05-10 16:41:39,MGB,MWB
2022-05-10 16:41:39,MTP,PL
2022-05-10 16:41:39,DB,MWB
2022-05-10 16:41:39,LL,MZ
2022-05-10 16:41:39,IG,PL
2022-05-10 16:41:39,MCM,MGB
2022-05-10 16:41:39,MCM,MZ
2022-05-10 16:41:39,MGB,MZ
2022-05-10 16:41:39,DB,PL
2022-05-10 16:41:40,IG,PL
2022-05-10 16:41:40,IG,MGB
2022-05-10 16:41:40,DB,MCM
2022-05-10 16:41:40,LL,MGB
2022-05-10 16:41:40,DB,MTP
2022-05-10 16:41:40,MCM,MGB
2022-05-10 16:41:40,MGB,MZ
2022-05-10 16:41:40,IG,MWB
2022-05-10 16:41:40,MGB,MWB
2022-05-10 16:41:40,LL,MCM
2022-05-10 16:41:40,LL,PL
2022-05-10 16:41:40,MCM,MZ
2022-05-10 16:41:40,DB,LL
2022-05-10 16:41:40,DB,IG
2022-05-10 16:41:40,MTP,MZ
2022-05-10 16:41:40,IG,MTP
2022-05-10 16:41:40,MTP,MWB
2022-05-10 16:41:40,MWB,MZ
2022-05-10 16:41:40,IG,MCM
2022-05-10 16:41:40,MCM,PL
2022-05-10 16:41:40,DB,MWB
2022-05-10 16:41:40,LL,MZ
2022-05-10 16:41:40,MCM,MTP
2022-05-10 16:41:40,LL,MTP
2022-05-10 16:41:40,DB,MGB
2022-05-10 16:41:40,LL,MWB
2022-05-10 16:41:40,DB,PL
2022-05-10 16:41:40,MGB,PL
2022-05-10 16:41:40,MCM,MWB
2022-05-10 16:41:40,MZ,PL
2022-05-10 16:41:40,DB,MZ
2022-05-10 16:41:40,IG,LL
2022-05-10 16:41:40,MTP,PL
2022-05-10 16:41:40,MWB,PL
2022-05-10 16:41:40,MGB,MTP
2022-05-10 16:41:40,IG,MZ
2022-05-10 16:41:41,MTP,MWB
2022-05-10 16:41:41,IG,LL
2022-05-10 16:41:41,DB,IG
2022-05-10 16:41:41,DB,MCM
2022-05-10 16:41:41,IG,MTP
2022-05-10 16:41:41,MTP,MZ
2022-05-10 16:41:41,MCM,PL
2022-05-10 16:41:41,MCM,MZ
2022-05-10 16:41:41,MWB,PL
2022-05-10 16:41:41,LL,MTP
2022-05-10 16:41:41,MGB,MZ
2022-05-10 16:41:41,MGB,PL
2022-05-10 16:41:41,MGB,MWB
2022-05-10 16:41:41,DB,PL
2022-05-10 16:41:41,MZ,PL
2022-05-10 16:41:41,MTP,PL
2022-05-10 16:41:41,MGB,MTP
2022-05-10 16:41:41,LL,MGB
2022-05-10 16:41:41,LL,MZ
2022-05-10 16:41:41,DB,MGB
2022-05-10 16:41:41,LL,MWB
2022-05-10 16:41:41,MCM,MWB
2022-05-10 16:41:41,IG,MZ
2022-05-10 16:41:41,MCM,MGB
2022-05-10 16:41:41,DB,MWB
2022-05-10 16:41:41,IG,MGB
2022-05-10 16:41:41,DB,MTP
2022-05-10 16:41:41,IG,PL
2022-05-10 16:41:41,IG,MCM
2022-05-10 16:41:41,MWB,MZ
2022-05-10 16:41:41,MCM,MTP
2022-05-10 16:41:41,DB,MZ
2022-05-10 16:41:41,LL,PL
2022-05-10 16:41:41,DB,LL
2022-05-10 16:41:41,IG,MWB
2022-05-10 16:41:41,LL,MCM
2022-05-10 16:41:42,MWB,MZ
2022-05-10 16:41:42,MGB,MTP
2022-05-10 16:41:42,IG,MTP
2022-05-10 16:41:42,MZ,PL
2022-05-10 16:41:42,DB,MGB
2022-05-10 16:41:42,IG,LL
2022-05-10 16:41:42,DB,IG
2022-05-10 16:41:42,LL,MWB
2022-05-10 16:41:42,MGB,PL
2022-05-10 16:41:42,MCM,MWB
2022-05-10 16:41:42,DB,MZ
2022-05-10 16:41:42,IG,MZ
2022-05-10 16:41:42,MCM,MGB
2022-05-10 16:41:42,MCM,MZ
2022-05-10 16:41:42,MTP,PL
2022-05-10 16:41:42,IG,MWB
2022-05-10 16:41:42,MGB,MZ
2022-05-10 16:41:42,MTP,MZ
2022-05-10 16:41:42,MTP,MWB
2022-05-10 16:41:42,LL,PL
2022-05-10 16:41:42,MCM,PL
2022-05-10 16:41:42,MGB,MWB
2022-05-10 16:41:42,LL,MCM
2022-05-10 16:41:42,MWB,PL
2022-05-10 16:41:42,DB,MTP
2022-05-10 16:41:42,DB,PL
2022-05-10 16:41:42,IG,PL
2022-05-10 16:41:42,LL,MTP
2022-05-10 16:41:42,DB,MWB
2022-05-10 16:41:42,LL,MGB
2022-05-10 16:41:42,DB,MCM
2022-05-10 16:41:42,IG,MGB
2022-05-10 16:41:42,LL,MZ
2022-05-10 16:41:42,DB,LL
2022-05-10 16:41:42,IG,MCM
2022-05-10 16:41:42,MCM,MTP
2022-05-10 16:41:43,LL,PL
2022-05-10 16:41:43,LL,MTP
2022-05-10 16:41:43,IG,MWB
2022-05-10 16:41:43,LL,MCM
2022-05-10 16:41:43,DB,MZ
2022-05-10 16:41:43,IG,LL
2022-05-10 16:41:43,MGB,PL
2022-05-10 16:41:43,IG,PL
2022-05-10 16:41:43,MTP,PL
2022-05-10 16:41:43,DB,IG
2022-05-10 16:41:43,MTP,MWB
2022-05-10 16:41:43,MGB,MZ
2022-05-10 16:41:43,DB,PL
2022-05-10 16:41:43,DB,MCM
2022-05-10 16:41:43,MCM,PL
2022-05-10 16:41:43,MCM,MZ
2022-05-10 16:41:43,DB,LL
2022-05-10 16:41:43,MTP,MZ
2022-05-10 16:41:43,LL,MGB
2022-05-10 16:41:43,MWB,MZ
2022-05-10 16:41:43,MCM,MTP
2022-05-10 16:41:43,MGB,MWB
2022-05-10 16:41:43,IG,MCM
2022-05-10 16:41:43,LL,MZ
2022-05-10 16:41:43,MCM,MGB
2022-05-10 16:41:43,IG,MZ
2022-05-10 16:41:43,DB,MGB
2022-05-10 16:41:43,MWB,PL
2022-05-10 16:41:43,IG,MTP
2022-05-10 16:41:43,MCM,MWB
2022-05-10 16:41:43,DB,MWB
2022-05-10 16:41:43,DB,MTP
2022-05-10 16:41:43,IG,MGB
2022-05-10 16:41:43,MZ,PL
2022-05-10 16:41:43,MGB,MTP
2022-05-10 16:41:43,LL,MWB
2022-05-10 16:41:44,DB,MGB
2022-05-10 16:41:44,MGB,MTP
2022-05-10 16:41:44,DB,PL
2022-05-10 16:41:44,MCM,MGB
2022-05-10 16:41:44,DB,LL
2022-05-10 16:41:44,MTP,MZ
2022-05-10 16:41:44,LL,MZ
2022-05-10 16:41:44,MCM,MWB
2022-05-10 16:41:44,MWB,MZ
2022-05-10 16:41:44,DB,IG
2022-05-10 16:41:44,LL,MWB
2022-05-10 16:41:44,IG,MZ
2022-05-10 16:41:44,DB,MWB
2022-05-10 16:41:44,IG,LL
2022-05-10 16:41:44,LL,MGB
2022-05-10 16:41:44,DB,MZ
2022-05-10 16:41:44,DB,MTP
2022-05-10 16:41:44,IG,MWB
2022-05-10 16:41:44,LL,PL
2022-05-10 16:41:44,LL,MCM
2022-05-10 16:41:44,IG,MGB
2022-05-10 16:41:44,IG,MCM
2022-05-10 16:41:44,MTP,MWB
2022-05-10 16:41:44,MCM,MZ
2022-05-10 16:41:44,MGB,MWB
2022-05-10 16:41:44,MTP,PL
2022-05-10 16:41:44,MZ,PL
2022-05-10 16:41:44,MCM,PL
2022-05-10 16:41:44,LL,MTP
2022-05-10 16:41:44,IG,MTP
2022-05-10 16:41:44,DB,MCM
2022-05-10 16:41:44,IG,PL
2022-05-10 16:41:44,MGB,PL
2022-05-10 16:41:44,MGB,MZ
2022-05-10 16:41:44,MCM,MTP
2022-05-10 16:41:44,MWB,PL
2022-05-10 16:41:45,MGB,MZ
2022-05-10 16:41:45,MCM,MZ
2022-05-10 16:41:45,MTP,PL
2022-05-10 16:41:45,IG,LL
2022-05-10 16:41:45,DB,MZ
2022-05-10 16:41:45,LL,MGB
2022-05-10 16:41:45,MWB,PL
2022-05-10 16:41:45,IG,MWB
2022-05-10 16:41:45,LL,PL
2022-05-10 16:41:45,LL,MTP
2022-05-10 16:41:45,DB,MCM
2022-05-10 16:41:45,MGB,MWB
2022-05-10 16:41:45,MCM,MTP
2022-05-10 16:41:45,MGB,MTP
2022-05-10 16:41:45,MCM,MWB
2022-05-10 16:41:45,DB,MGB
2022-05-10 16:41:45,MCM,MGB
2022-05-10 16:41:45,LL,MZ
2022-05-10 16:41:45,LL,MWB
2022-05-10 16:41:45,IG,MTP
2022-05-10 16:41:45,IG,MZ
2022-05-10 16:41:45,DB,MWB
2022-05-10 16:41:45,DB,MTP
2022-05-10 16:41:45,MZ,PL
2022-05-10 16:41:45,IG,MGB
2022-05-10 16:41:45,IG,PL
2022-05-10 16:41:45,DB,IG
2022-05-10 16:41:45,MGB,PL
2022-05-10 16:41:45,MWB,MZ
2022-05-10 16:41:45,IG,MCM
2022-05-10 16:41:45,MCM,PL
2022-05-10 16:41:45,DB,LL
2022-05-10 16:41:45,MTP,MWB
2022-05-10 16:41:45,MTP,MZ
2022-05-10 16:41:45,LL,MCM
2022-05-10 16:41:45,DB,PL
2022-05-10 16:41:46,IG,MWB
2022-05-10 16:41:46,MCM,MWB
2022-05-10 16:41:46,LL,PL
2022-05-10 16:41:46,MCM,MTP
2022-05-10 16:41:46,IG,MCM
2022-05-10 16:41:46,DB,MZ
2022-05-10 16:41:46,DB,MGB
2022-05-10 16:41:46,MWB,MZ
2022-05-10 16:41:46,MTP,MZ
2022-05-10 16:41:46,IG,PL
2022-05-10 16:41:46,IG,MGB
2022-05-10 16:41:46,MZ,PL
2022-05-10 16:41:46,DB,MTP
2022-05-10 16:41:46,DB,LL
2022-05-10 16:41:46,LL,MWB
2022-05-10 16:41:46,LL,MCM
2022-05-10 16:41:46,IG,MTP
2022-05-10 16:41:46,DB,MWB
2022-05-10 16:41:46,IG,MZ
2022-05-10 16:41:46,LL,MZ
2022-05-10 16:41:46,MCM,PL
2022-05-10 16:41:46,MCM,MGB
2022-05-10 16:41:46,MGB,PL
2022-05-10 16:41:46,DB,MCM
2022-05-10 16:41:46,LL,MGB
2022-05-10 16:41:46,DB,PL
2022-05-10 16:41:46,IG,LL
2022-05-10 16:41:46,DB,IG
2022-05-10 16:41:46,MWB,PL
2022-05-10 16:41:46,LL,MTP
2022-05-10 16:41:46,MCM,MZ
2022-05-10 16:41:46,MGB,MTP
2022-05-10 16:41:46,MGB,MWB
2022-05-10 16:41:46,MGB,MZ
2022-05-10 16:41:46,MTP,MWB
2022-05-10 16:41:46,MTP,PL
2022-05-10 16:41:47,DB,MCM
2022-05-10 16:41:47,LL,MGB
2022-05-10 16:41:47,LL,MTP
2022-05-10 16:41:47,IG,MGB
2022-05-10 16:41:47,MZ,PL
2022-05-10 16:41:47,MGB,MWB
2022-05-10 16:41:47,DB,LL
2022-05-10 16:41:47,DB,MTP
2022-05-10 16:41:47,IG,PL
2022-05-10 16:41:47,IG,MTP
2022-05-10 16:41:47,DB,IG
2022-05-10 16:41:47,LL,MWB
2022-05-10 16:41:47,LL,MCM
2022-05-10 16:41:47,IG,MZ
2022-05-10 16:41:47,MTP,MWB
2022-05-10 16:41:47,MTP,PL
2022-05-10 16:41:47,MTP,MZ
2022-05-10 16:41:47,MCM,MGB
2022-05-10 16:41:47,LL,MZ
2022-05-10 16:41:47,DB,PL
2022-05-10 16:41:47,MCM,MTP
2022-05-10 16:41:47,IG,MCM
2022-05-10 16:41:47,MGB,MZ
2022-05-10 16:41:47,MWB,PL
2022-05-10 16:41:47,MGB,PL
2022-05-10 16:41:47,MCM,MZ
2022-05-10 16:41:47,MCM,PL
2022-05-10 16:41:47,MGB,MTP
2022-05-10 16:41:47,DB,MGB
2022-05-10 16:41:47,MCM,MWB
2022-05-10 16:41:47,IG,LL
2022-05-10 16:41:47,IG,MWB
2022-05-10 16:41:47,MWB,MZ
2022-05-10 16:41:47,DB,MWB
2022-05-10 16:41:47,DB,MZ
2022-05-10 16:41:47,LL,PL
2022-05-10 16:41:48,LL,MWB
2022-05-10 16:41:48,DB,MCM
2022-05-10 16:41:48,MCM,MWB
2022-05-10 16:41:48,MWB,PL
2022-05-10 16:41:48,DB,MGB
2022-05-10 16:41:48,MCM,MGB
2022-05-10 16:41:48,MTP,PL
2022-05-10 16:41:48,IG,PL
2022-05-10 16:41:48,MCM,MTP
2022-05-10 16:41:48,DB,LL
2022-05-10 16:41:48,DB,MWB
2022-05-10 16:41:48,LL,MZ
2022-05-10 16:41:48,MTP,MWB
2022-05-10 16:41:48,MGB,MTP
2022-05-10 16:41:48,DB,IG
2022-05-10 16:41:48,LL,MTP
2022-05-10 16:41:48,IG,LL
2022-05-10 16:41:48,DB,PL
2022-05-10 16:41:48,IG,MWB
2022-05-10 16:41:48,LL,PL
2022-05-10 16:41:48,MCM,PL
2022-05-10 16:41:48,LL,MGB
2022-05-10 16:41:48,MGB,MWB
2022-05-10 16:41:48,MCM,MZ
2022-05-10 16:41:48,DB,MZ
2022-05-10 16:41:48,LL,MCM
2022-05-10 16:41:48,MWB,MZ
2022-05-10 16:41:48,MGB,PL
2022-05-10 16:41:48,IG,MCM
2022-05-10 16:41:48,IG,MGB
2022-05-10 16:41:48,MTP,MZ
2022-05-10 16:41:48,DB,MTP
2022-05-10 16:41:48,MZ,PL
2022-05-10 16:41:48,IG,MZ
2022-05-10 16:41:48,MGB,MZ
2022-05-10 16:41:48,IG,MTP
2022-05-10 16:41:49,MCM,MTP
2022-05-10 16:41:49,MGB,MZ
2022-05-10 16:41:49,DB,MWB
2022-05-10 16:41:49,MGB,MTP
2022-05-10 16:41:49,DB,IG
2022-05-10 16:41:49,IG,MZ
2022-05-10 16:41:49,IG,MCM
2022-05-10 16:41:49,LL,MTP
2022-05-10 16:41:49,MCM,MWB
2022-05-10 16:41:49,LL,PL
2022-05-10 16:41:49,LL,MCM
2022-05-10 16:41:49,IG,MTP
2022-05-10 16:41:49,MWB,MZ
2022-05-10 16:41:49,MTP,MZ
2022-05-10 16:41:49,DB,MZ
2022-05-10 16:41:49,DB,LL
2022-05-10 16:41:49,IG,MGB
2022-05-10 16:41:49,MGB,MWB
2022-05-10 16:41:49,MWB,PL
2022-05-10 16:41:49,DB,MCM
2022-05-10 16:41:49,MCM,MGB
2022-05-10 16:41:49,MTP,PL
2022-05-10 16:41:49,LL,MGB
2022-05-10 16:41:49,DB,MTP
2022-05-10 16:41:49,LL,MZ
2022-05-10 16:41:49,MGB,PL
2022-05-10 16:41:49,MCM,MZ
2022-05-10 16:41:49,MTP,MWB
2022-05-10 16:41:49,IG,PL
2022-05-10 16:41:49,DB,PL
2022-05-10 16:41:49,LL,MWB
2022-05-10 16:41:49,DB,MGB
2022-05-10 16:41:49,IG,MWB
2022-05-10 16:41:49,MCM,PL
2022-05-10 16:41:49,MZ,PL
2022-05-10 16:41:49,IG,LL
2022-05-10 16:41:50,MCM,MTP
2022-05-10 16:41:50,IG,MZ
2022-05-10 16:41:50,LL,MTP
2022-05-10 16:41:50,MGB,PL
2022-05-10 16:41:50,LL,MGB
2022-05-10 16:41:50,MWB,PL
2022-05-10 16:41:50,DB,MTP
2022-05-10 16:41:50,MZ,PL
2022-05-10 16:41:50,IG,MCM
2022-05-10 16:41:50,MCM,MZ
2022-05-10 16:41:50,MGB,MWB
2022-05-10 16:41:50,DB,MZ
2022-05-10 16:41:50,LL,PL
2022-05-10 16:41:50,IG,MGB
2022-05-10 16:41:50,IG,PL
2022-05-10 16:41:50,MWB,MZ
2022-05-10 16:41:50,MTP,PL
2022-05-10 16:41:50,IG,LL
2022-05-10 16:41:50,MTP,MWB
2022-05-10 16:41:50,MGB,MZ
2022-05-10 16:41:50,IG,MWB
2022-05-10 16:41:50,IG,MTP
2022-05-10 16:41:50,DB,IG
2022-05-10 16:41:50,LL,MZ
2022-05-10 16:41:50,DB,MWB
2022-05-10 16:41:50,MCM,PL
2022-05-10 16:41:50,MCM,MWB
2022-05-10 16:41:50,MGB,MTP
2022-05-10 16:41:50,LL,MWB
2022-05-10 16:41:50,DB,MGB
2022-05-10 16:41:50,DB,MCM
2022-05-10 16:41:50,LL,MCM
2022-05-10 16:41:50,MCM,MGB
2022-05-10 16:41:50,DB,PL
2022-05-10 16:41:50,MTP,MZ
2022-05-10 16:41:50,DB,LL
2022-05-10 16:41:51,LL,MCM
2022-05-10 16:41:51,MCM,MWB
2022-05-10 16:41:51,IG,PL
2022-05-10 16:41:51,MGB,MTP
2022-05-10 16:41:51,MWB,MZ
2022-05-10 16:41:51,DB,IG
2022-05-10 16:41:51,IG,MGB
2022-05-10 16:41:51,DB,MZ
2022-05-10 16:41:51,DB,PL
2022-05-10 16:41:51,LL,MZ
2022-05-10 16:41:51,LL,MWB
2022-05-10 16:41:51,IG,MWB
2022-05-10 16:41:51,DB,MGB
2022-05-10 16:41:51,LL,PL
2022-05-10 16:41:51,IG,LL
2022-05-10 16:41:51,MTP,MWB
2022-05-10 16:41:51,DB,MCM
2022-05-10 16:41:51,MTP,PL
2022-05-10 16:41:51,MCM,MTP
2022-05-10 16:41:51,MGB,MZ
2022-05-10 16:41:51,MGB,MWB
2022-05-10 16:41:51,IG,MZ
2022-05-10 16:41:51,LL,MTP
2022-05-10 16:41:51,DB,LL
2022-05-10 16:41:51,LL,MGB
2022-05-10 16:41:51,MZ,PL
2022-05-10 16:41:51,MWB,PL
2022-05-10 16:41:51,MCM,MGB
2022-05-10 16:41:51,MCM,PL
2022-05-10 16:41:51,DB,MTP
2022-05-10 16:41:51,MGB,PL
2022-05-10 16:41:51,DB,MWB
2022-05-10 16:41:51,MCM,MZ
2022-05-10 16:41:51,IG,MCM
2022-05-10 16:41:51,IG,MTP
2022-05-10 16:41:51,MTP,MZ
2022-05-10 16:41:52,MCM,MTP
2022-05-10 16:41:52,DB,MWB
2022-05-10 16:41:52,IG,LL
2022-05-10 16:41:52,MCM,MWB
2022-05-10 16:41:52,DB,IG
2022-05-10 16:41:52,MCM,MGB
2022-05-10 16:41:52,LL,MZ
2022-05-10 16:41:52,IG,MCM
2022-05-10 16:41:52,IG,MGB
2022-05-10 16:41:52,DB,MCM
2022-05-10 16:41:52,MGB,MWB
2022-05-10 16:41:52,MGB,PL
2022-05-10 16:41:52,MZ,PL
2022-05-10 16:41:52,LL,MTP
2022-05-10 16:41:52,LL,MWB
2022-05-10 16:41:52,DB,MZ
2022-05-10 16:41:52,MTP,MZ
2022-05-10 16:41:52,MCM,MZ
2022-05-10 16:41:52,MWB,PL
2022-05-10 16:41:52,LL,MGB
2022-05-10 16:41:52,IG,MTP
2022-05-10 16:41:52,MGB,MZ
2022-05-10 16:41:52,MTP,PL
2022-05-10 16:41:52,DB,PL
2022-05-10 16:41:52,DB,LL
2022-05-10 16:41:52,MCM,PL
2022-05-10 16:41:52,MWB,MZ
2022-05-10 16:41:52,IG,PL
2022-05-10 16:41:52,MGB,MTP
2022-05-10 16:41:52,LL,MCM
2022-05-10 16:41:52,IG,MWB
2022-05-10 16:41:52,LL,PL
2022-05-10 16:41:52,MTP,MWB
2022-05-10 16:41:52,IG,MZ
2022-05-10 16:41:52,DB,MGB
2022-05-10 16:41:52,DB,MTP
2022-05-10 16:41:53,LL,MCM
2022-05-10 16:41:53,LL,MZ
2022-05-10 16:41:53,DB,IG
2022-05-10 16:41:53,MCM,PL
2022-05-10 16:41:53,DB,MZ
2022-05-10 16:41:53,MTP,MWB
2022-05-10 16:41:53,MCM,MWB
2022-05-10 16:41:53,IG,MTP
2022-05-10 16:41:53,MWB,PL
2022-05-10 16:41:53,DB,MWB
2022-05-10 16:41:53,DB,MCM
2022-05-10 16:41:53,DB,MGB
2022-05-10 16:41:53,LL,MWB
2022-05-10 16:41:53,MGB,MTP
2022-05-10 16:41:53,DB,PL
2022-05-10 16:41:53,MCM,MGB
2022-05-10 16:41:53,DB,LL
2022-05-10 16:41:53,LL,MTP
2022-05-10 16:41:53,IG,MZ
2022-05-10 16:41:53,MTP,MZ
2022-05-10 16:41:53,DB,MTP
2022-05-10 16:41:53,MCM,MZ
2022-05-10 16:41:53,MZ,PL
2022-05-10 16:41:53,MTP,PL
2022-05-10 16:41:53,LL,MGB
2022-05-10 16:41:53,MWB,MZ
2022-05-10 16:41:53,MGB,PL
2022-05-10 16:41:53,IG,MCM
2022-05-10 16:41:53,MGB,MWB
2022-05-10 16:41:53,MGB,MZ
2022-05-10 16:41:53,IG,MGB
2022-05-10 16:41:53,MCM,MTP
2022-05-10 16:41:53,IG,MWB
2022-05-10 16:41:53,IG,LL
2022-05-10 16:41:53,IG,PL
2022-05-10 16:41:53,LL,PL
2022-05-10 16:41:54,DB,MCM
2022-05-10 16:41:54,MZ,PL
2022-05-10 16:41:54,MTP,PL
2022-05-10 16:41:54,MGB,PL
2022-05-10 16:41:54,LL,MGB
2022-05-10 16:41:54,IG,MTP
2022-05-10 16:41:54,IG,MGB
2022-05-10 16:41:54,DB,PL
2022-05-10 16:41:54,MGB,MWB
2022-05-10 16:41:54,DB,LL
2022-05-10 16:41:54,MWB,MZ
2022-05-10 16:41:54,LL,MTP
2022-05-10 16:41:54,MTP,MZ
2022-05-10 16:41:54,LL,MZ
2022-05-10 16:41:54,MCM,PL
2022-05-10 16:41:54,MCM,MTP
2022-05-10 16:41:54,IG,MCM
2022-05-10 16:41:54,DB,MZ
2022-05-10 16:41:54,DB,MGB
2022-05-10 16:41:54,MTP,MWB
2022-05-10 16:41:54,MGB,MTP
2022-05-10 16:41:54,DB,IG
2022-05-10 16:41:54,MWB,PL
2022-05-10 16:41:54,DB,MTP
2022-05-10 16:41:54,MCM,MWB
2022-05-10 16:41:54,IG,MZ
2022-05-10 16:41:54,MGB,MZ
2022-05-10 16:41:54,MCM,MGB
2022-05-10 16:41:54,MCM,MZ
2022-05-10 16:41:54,DB,MWB
2022-05-10 16:41:54,LL,MCM
2022-05-10 16:41:54,IG,PL
2022-05-10 16:41:54,IG,LL
2022-05-10 16:41:54,LL,PL
2022-05-10 16:41:54,LL,MWB
2022-05-10 16:41:54,IG,MWB
2022-05-10 16:41:55,DB,MCM
2022-05-10 16:41:55,MGB,MWB
2022-05-10 16:41:55,IG,MWB
2022-05-10 16:41:55,DB,MTP
2022-05-10 16:41:55,IG,LL
2022-05-10 16:41:55,IG,MTP
2022-05-10 16:41:55,IG,MCM
2022-05-10 16:41:55,MCM,MTP
2022-05-10 16:41:55,LL,MWB
2022-05-10 16:41:55,MGB,MZ
2022-05-10 16:41:55,MGB,PL
2022-05-10 16:41:55,MWB,MZ
2022-05-10 16:41:55,MZ,PL
2022-05-10 16:41:55,IG,PL
2022-05-10 16:41:55,LL,PL
2022-05-10 16:41:55,IG,MGB
2022-05-10 16:41:55,LL,MGB
2022-05-10 16:41:55,MTP,PL
2022-05-10 16:41:55,DB,MWB
2022-05-10 16:41:55,MWB,PL
2022-05-10 16:41:55,DB,PL
2022-05-10 16:41:55,LL,MCM
2022-05-10 16:41:55,DB,LL
2022-05-10 16:41:55,LL,MZ
2022-05-10 16:41:55,MCM,MGB
2022-05-10 16:41:55,MCM,PL
2022-05-10 16:41:55,MCM,MWB
2022-05-10 16:41:55,MTP,MZ
2022-05-10 16:41:55,MGB,MTP
2022-05-10 16:41:55,LL,MTP
2022-05-10 16:41:55,DB,MGB
2022-05-10 16:41:55,IG,MZ
2022-05-10 16:41:55,DB,MZ
2022-05-10 16:41:55,MCM,MZ
2022-05-10 16:41:55,MTP,MWB
2022-05-10 16:41:55,DB,IG
2022-05-10 16:41:56,MTP,PL
2022-05-10 16:41:56,IG,LL
2022-05-10 16:41:56,MTP,MZ
2022-05-10 16:41:56,DB,PL
2022-05-10 16:41:56,DB,LL
2022-05-10 16:41:56,MCM,MZ
2022-05-10 16:41:56,IG,MWB
2022-05-10 16:41:56,MWB,MZ
2022-05-10 16:41:56,LL,MWB
2022-05-10 16:41:56,MCM,MGB
2022-05-10 16:41:56,IG,MZ
2022-05-10 16:41:56,LL,MTP
2022-05-10 16:41:56,IG,MTP
2022-05-10 16:41:56,DB,MTP
2022-05-10 16:41:56,MGB,MTP
2022-05-10 16:41:56,DB,MWB
2022-05-10 16:41:56,DB,MZ
2022-05-10 16:41:56,DB,MCM
2022-05-10 16:41:56,IG,MCM
2022-05-10 16:41:56,LL,MZ
2022-05-10 16:41:56,MGB,MWB
2022-05-10 16:41:56,LL,MGB
2022-05-10 16:41:56,IG,PL
2022-05-10 16:41:56,DB,MGB
2022-05-10 16:41:56,MTP,MWB
2022-05-10 16:41:56,MCM,MTP
2022-05-10 16:41:56,MGB,MZ
2022-05-10 16:41:56,DB,IG
2022-05-10 16:41:56,MCM,PL
2022-05-10 16:41:56,IG,MGB
2022-05-10 16:41:56,MCM,MWB
2022-05-10 16:41:56,LL,PL
2022-05-10 16:41:56,MGB,PL
2022-05-10 16:41:56,LL,MCM
2022-05-10 16:41:56,MWB,PL
2022-05-10 16:41:56,MZ,PL
2022-05-10 16:41:57,MCM,MZ
2022-05-10 16:41:57,DB,MZ
2022-05-10 16:41:57,LL,MCM
2022-05-10 16:41:57,LL,MZ
2022-05-10 16:41:57,LL,MTP
2022-05-10 16:41:57,IG,MTP
2022-05-10 16:41:57,IG,MZ
2022-05-10 16:41:57,DB,MCM
2022-05-10 16:41:57,MCM,MWB
2022-05-10 16:41:57,MCM,MGB
2022-05-10 16:41:57,MCM,PL
2022-05-10 16:41:57,DB,PL
2022-05-10 16:41:57,DB,LL
2022-05-10 16:41:57,MWB,PL
2022-05-10 16:41:57,MTP,MWB
2022-05-10 16:41:57,IG,LL
2022-05-10 16:41:57,MGB,PL
2022-05-10 16:41:57,MGB,MTP
2022-05-10 16:41:57,MTP,PL
2022-05-10 16:41:57,MWB,MZ
2022-05-10 16:41:57,IG,PL
2022-05-10 16:41:57,LL,MWB
2022-05-10 16:41:57,LL,PL
2022-05-10 16:41:57,MCM,MTP
2022-05-10 16:41:57,MGB,MZ
2022-05-10 16:41:57,LL,MGB
2022-05-10 16:41:57,DB,MGB
2022-05-10 16:41:57,MGB,MWB
2022-05-10 16:41:57,IG,MWB
2022-05-10 16:41:57,IG,MCM
2022-05-10 16:41:57,DB,MWB
2022-05-10 16:41:57,IG,MGB
2022-05-10 16:41:57,MTP,MZ
2022-05-10 16:41:57,DB,MTP
2022-05-10 16:41:57,DB,IG
2022-05-10 16:41:57,MZ,PL
2022-05-10 16:41:58,MWB,PL
2022-05-10 16:41:58,MCM,MZ
2022-05-10 16:41:58,IG,MTP
2022-05-10 16:41:58,IG,PL
2022-05-10 16:41:58,IG,MGB
2022-05-10 16:41:58,MGB,MZ
2022-05-10 16:41:58,LL,MGB
2022-05-10 16:41:58,DB,MWB
2022-05-10 16:41:58,LL,MZ
2022-05-10 16:41:58,MGB,PL
2022-05-10 16:41:58,MCM,MGB
2022-05-10 16:41:58,DB,LL
2022-05-10 16:41:58,MGB,MTP
2022-05-10 16:41:58,IG,LL
2022-05-10 16:41:58,MGB,MWB
2022-05-10 16:41:58,MTP,MZ
2022-05-10 16:41:58,IG,MZ
2022-05-10 16:41:58,MCM,PL
2022-05-10 16:41:58,MCM,MTP
2022-05-10 16:41:58,IG,MCM
2022-05-10 16:41:58,IG,MWB
2022-05-10 16:41:58,LL,MWB
2022-05-10 16:41:58,LL,MTP
2022-05-10 16:41:58,DB,MTP
2022-05-10 16:41:58,MZ,PL
2022-05-10 16:41:58,MTP,MWB
2022-05-10 16:41:58,MCM,MWB
2022-05-10 16:41:58,DB,MZ
2022-05-10 16:41:58,DB,MGB
2022-05-10 16:41:58,MWB,MZ
2022-05-10 16:41:58,DB,PL
2022-05-10 16:41:58,DB,MCM
2022-05-10 16:41:58,LL,PL
2022-05-10 16:41:58,LL,MCM
2022-05-10 16:41:58,DB,IG
2022-05-10 16:41:58,MTP,PL
2022-05-10 16:41:59,MZ,PL
2022-05-10 16:41:59,LL,PL
2022-05-10 16:41:59,MCM,MTP
2022-05-10 16:41:59,IG,MCM
2022-05-10 16:41:59,LL,MCM
2022-05-10 16:41:59,LL,MGB
2022-05-10 16:41:59,DB,MWB
2022-05-10 16:41:59,LL,MZ
2022-05-10 16:41:59,MTP,MWB
2022-05-10 16:41:59,DB,IG
2022-05-10 16:41:59,MCM,MWB
2022-05-10 16:41:59,MGB,PL
2022-05-10 16:41:59,DB,MZ
2022-05-10 16:41:59,MWB,PL
2022-05-10 16:41:59,MGB,MWB
2022-05-10 16:41:59,MGB,MZ
2022-05-10 16:41:59,IG,MGB
2022-05-10 16:41:59,MCM,PL
2022-05-10 16:41:59,LL,MTP
2022-05-10 16:41:59,MCM,MGB
2022-05-10 16:41:59,IG,MTP
2022-05-10 16:41:59,IG,LL
2022-05-10 16:41:59,MWB,MZ
2022-05-10 16:41:59,MGB,MTP
2022-05-10 16:41:59,DB,PL
2022-05-10 16:41:59,MCM,MZ
2022-05-10 16:41:59,MTP,MZ
2022-05-10 16:41:59,MTP,PL
2022-05-10 16:41:59,DB,MCM
2022-05-10 16:41:59,DB,LL
2022-05-10 16:41:59,IG,MWB
2022-05-10 16:41:59,IG,PL
2022-05-10 16:41:59,LL,MWB
2022-05-10 16:41:59,DB,MGB
2022-05-10 16:41:59,DB,MTP
2022-05-10 16:41:59,IG,MZ
2022-05-10 16:42:00,MGB,PL
2022-05-10 16:42:00,IG,MZ
2022-05-10 16:42:00,MGB,MTP
2022-05-10 16:42:00,DB,MZ
2022-05-10 16:42:00,IG,LL
2022-05-10 16:42:00,MCM,MGB
2022-05-10 16:42:00,MCM,MZ
2022-05-10 16:42:00,DB,MWB
2022-05-10 16:42:00,MGB,MZ
2022-05-10 16:42:00,DB,MTP
2022-05-10 16:42:00,IG,MCM
2022-05-10 16:42:00,IG,MWB
2022-05-10 16:42:00,LL,PL
2022-05-10 16:42:00,LL,MWB
2022-05-10 16:42:00,DB,IG
2022-05-10 16:42:00,MTP,MWB
2022-05-10 16:42:00,DB,MGB
2022-05-10 16:42:00,IG,MGB
2022-05-10 16:42:00,MWB,MZ
2022-05-10 16:42:00,MTP,PL
2022-05-10 16:42:00,MTP,MZ
2022-05-10 16:42:00,MCM,PL
2022-05-10 16:42:00,LL,MZ
2022-05-10 16:42:00,DB,LL
2022-05-10 16:42:00,IG,MTP
2022-05-10 16:42:00,MCM,MTP
2022-05-10 16:42:00,LL,MTP
2022-05-10 16:42:00,IG,PL
2022-05-10 16:42:00,MZ,PL
2022-05-10 16:42:00,LL,MCM
2022-05-10 16:42:00,MWB,PL
2022-05-10 16:42:00,DB,MCM
2022-05-10 16:42:00,MGB,MWB
2022-05-10 16:42:00,DB,PL
2022-05-10 16:42:00,MCM,MWB
2022-05-10 16:42:00,LL,MGB
2022-05-10 16:42:01,IG,PL
2022-05-10 16:42:01,IG,MGB
2022-05-10 16:42:01,LL,MWB
2022-05-10 16:42:01,MTP,PL
2022-05-10 16:42:01,MCM,PL
2022-05-10 16:42:01,MWB,MZ
2022-05-10 16:42:01,DB,MTP
2022-05-10 16:42:01,MCM,MZ
2022-05-10 16:42:01,MCM,MGB
2022-05-10 16:42:01,MTP,MZ
2022-05-10 16:42:01,LL,MTP
2022-05-10 16:42:01,IG,MZ
2022-05-10 16:42:01,MGB,MTP
2022-05-10 16:42:01,DB,PL
2022-05-10 16:42:01,IG,MWB
2022-05-10 16:42:01,IG,MTP
2022-05-10 16:42:01,MGB,MWB
2022-05-10 16:42:01,DB,MCM
2022-05-10 16:42:01,DB,IG
2022-05-10 16:42:01,DB,LL
2022-05-10 16:42:01,MTP,MWB
2022-05-10 16:42:01,LL,MZ
2022-05-10 16:42:01,IG,LL
2022-05-10 16:42:01,MWB,PL
2022-05-10 16:42:01,MGB,PL
2022-05-10 16:42:01,MGB,MZ
2022-05-10 16:42:01,LL,MGB
2022-05-10 16:42:01,MCM,MWB
2022-05-10 16:42:01,MCM,MTP
2022-05-10 16:42:01,IG,MCM
2022-05-10 16:42:01,DB,MZ
2022-05-10 16:42:01,LL,PL
2022-05-10 16:42:01,DB,MGB
2022-05-10 16:42:01,MZ,PL
2022-05-10 16:42:01,DB,MWB
2022-05-10 16:42:01,LL,MCM
2022-05-10 16:42:02,DB,MZ
2022-05-10 16:42:02,DB,MCM
2022-05-10 16:42:02,LL,MTP
2022-05-10 16:42:02,IG,LL
2022-05-10 16:42:02,LL,MZ
2022-05-10 16:42:02,LL,MGB
2022-05-10 16:42:02,MWB,MZ
2022-05-10 16:42:02,LL,PL
2022-05-10 16:42:02,MTP,PL
2022-05-10 16:42:02,LL,MWB
2022-05-10 16:42:02,DB,LL
2022-05-10 16:42:02,IG,MTP
2022-05-10 16:42:02,DB,MWB
2022-05-10 16:42:02,MCM,MGB
2022-05-10 16:42:02,DB,MGB
2022-05-10 16:42:02,IG,MWB
2022-05-10 16:42:02,IG,MZ
2022-05-10 16:42:02,MCM,PL
2022-05-10 16:42:02,DB,IG
2022-05-10 16:42:02,MGB,MWB
2022-05-10 16:42:02,DB,PL
2022-05-10 16:42:02,MCM,MZ
2022-05-10 16:42:02,MGB,PL
2022-05-10 16:42:02,MWB,PL
2022-05-10 16:42:02,MZ,PL
2022-05-10 16:42:02,MTP,MZ
2022-05-10 16:42:02,MCM,MTP
2022-05-10 16:42:02,IG,PL
2022-05-10 16:42:02,MGB,MTP
2022-05-10 16:42:02,MCM,MWB
2022-05-10 16:42:02,MTP,MWB
2022-05-10 16:42:02,IG,MGB
2022-05-10 16:42:02,DB,MTP
2022-05-10 16:42:02,LL,MCM
2022-05-10 16:42:02,IG,MCM
2022-05-10 16:42:02,MGB,MZ
2022-05-10 16:42:03,DB,PL
2022-05-10 16:42:03,MTP,PL
2022-05-10 16:42:03,DB,MZ
2022-05-10 16:42:03,IG,LL
2022-05-10 16:42:03,LL,MWB
2022-05-10 16:42:03,LL,MCM
2022-05-10 16:42:03,IG,MWB
2022-05-10 16:42:03,DB,LL
2022-05-10 16:42:03,MCM,PL
2022-05-10 16:42:03,IG,MCM
2022-05-10 16:42:03,MCM,MTP
2022-05-10 16:42:03,MCM,MWB
2022-05-10 16:42:03,MCM,MZ
2022-05-10 16:42:03,DB,MTP
2022-05-10 16:42:03,MGB,PL
2022-05-10 16:42:03,LL,MZ
2022-05-10 16:42:03,LL,MGB
2022-05-10 16:42:03,DB,MGB
2022-05-10 16:42:03,IG,PL
2022-05-10 16:42:03,IG,MTP
2022-05-10 16:42:03,MZ,PL
2022-05-10 16:42:03,MTP,MWB
2022-05-10 16:42:03,MTP,MZ
2022-05-10 16:42:03,DB,MCM
2022-05-10 16:42:03,LL,PL
2022-05-10 16:42:03,MCM,MGB
2022-05-10 16:42:03,MWB,PL
2022-05-10 16:42:03,MGB,MWB
2022-05-10 16:42:03,MGB,MZ
2022-05-10 16:42:03,IG,MZ
2022-05-10 16:42:03,MGB,MTP
2022-05-10 16:42:03,DB,IG
2022-05-10 16:42:03,MWB,MZ
2022-05-10 16:42:03,LL,MTP
2022-05-10 16:42:03,IG,MGB
2022-05-10 16:42:03,DB,MWB
2022-05-10 16:42:04,DB,MTP
2022-05-10 16:42:04,DB,MCM
2022-05-10 16:42:04,MGB,MWB
2022-05-10 16:42:04,IG,MCM
2022-05-10 16:42:04,MCM,MZ
2022-05-10 16:42:04,MWB,PL
2022-05-10 16:42:04,MTP,MWB
2022-05-10 16:42:04,DB,MWB
2022-05-10 16:42:04,MGB,PL
2022-05-10 16:42:04,LL,MZ
2022-05-10 16:42:04,MCM,MWB
2022-05-10 16:42:04,LL,PL
2022-05-10 16:42:04,MCM,MTP
2022-05-10 16:42:04,IG,MGB
2022-05-10 16:42:04,LL,MTP
2022-05-10 16:42:04,IG,PL
2022-05-10 16:42:04,IG,MTP
2022-05-10 16:42:04,MZ,PL
2022-05-10 16:42:04,MWB,MZ
2022-05-10 16:42:04,MTP,MZ
2022-05-10 16:42:04,DB,PL
2022-05-10 16:42:04,LL,MGB
2022-05-10 16:42:04,LL,MWB
2022-05-10 16:42:04,DB,IG
2022-05-10 16:42:04,IG,MWB
2022-05-10 16:42:04,MTP,PL
2022-05-10 16:42:04,MCM,MGB
2022-05-10 16:42:04,DB,MGB
2022-05-10 16:42:04,MGB,MTP
2022-05-10 16:42:04,IG,MZ
2022-05-10 16:42:04,MGB,MZ
2022-05-10 16:42:04,DB,MZ
2022-05-10 16:42:04,MCM,PL
2022-05-10 16:42:04,DB,LL
2022-05-10 16:42:04,IG,LL
2022-05-10 16:42:04,LL,MCM
2022-05-10 16:42:05,LL,MCM
2022-05-10 16:42:05,MZ,PL
2022-05-10 16:42:05,DB,MTP
2022-05-10 16:42:05,IG,MZ
2022-05-10 16:42:05,DB,LL
2022-05-10 16:42:05,IG,MWB
2022-05-10 16:42:05,MWB,MZ
2022-05-10 16:42:05,LL,MWB
2022-05-10 16:42:05,DB,MWB
2022-05-10 16:42:05,MGB,MTP
2022-05-10 16:42:05,MCM,MTP
2022-05-10 16:42:05,MCM,MWB
2022-05-10 16:42:05,DB,MGB
2022-05-10 16:42:05,IG,MGB
2022-05-10 16:42:05,MTP,MZ
2022-05-10 16:42:05,IG,MTP
2022-05-10 16:42:05,IG,PL
2022-05-10 16:42:05,MGB,PL
2022-05-10 16:42:05,DB,MCM
2022-05-10 16:42:05,MTP,PL
2022-05-10 16:42:05,MGB,MZ
2022-05-10 16:42:05,DB,IG
2022-05-10 16:42:05,MCM,MZ
2022-05-10 16:42:05,MWB,PL
2022-05-10 16:42:05,MCM,PL
2022-05-10 16:42:05,MGB,MWB
2022-05-10 16:42:05,DB,MZ
2022-05-10 16:42:05,MTP,MWB
2022-05-10 16:42:05,LL,MZ
2022-05-10 16:42:05,LL,PL
2022-05-10 16:42:05,LL,MGB
2022-05-10 16:42:05,IG,LL
2022-05-10 16:42:05,MCM,MGB
2022-05-10 16:42:05,LL,MTP
2022-05-10 16:42:05,DB,PL
2022-05-10 16:42:05,IG,MCM
2022-05-10 16:42:06,IG,MCM
2022-05-10 16:42:06,LL,PL
2022-05-10 16:42:06,MTP,MWB
2022-05-10 16:42:06,DB,MTP
2022-05-10 16:42:06,MGB,MZ
2022-05-10 16:42:06,DB,MGB
2022-05-10 16:42:06,DB,MWB
2022-05-10 16:42:06,IG,MWB
2022-05-10 16:42:06,MGB,MTP
2022-05-10 16:42:06,IG,MZ
2022-05-10 16:42:06,LL,MWB
2022-05-10 16:42:06,IG,LL
2022-05-10 16:42:06,MCM,PL
2022-05-10 16:42:06,DB,IG
2022-05-10 16:42:06,MTP,PL
2022-05-10 16:42:06,MCM,MZ
2022-05-10 16:42:06,MGB,PL
2022-05-10 16:42:06,MGB,MWB
2022-05-10 16:42:06,LL,MZ
2022-05-10 16:42:06,LL,MGB
2022-05-10 16:42:06,IG,PL
2022-05-10 16:42:06,IG,MTP
2022-05-10 16:42:06,LL,MTP
2022-05-10 16:42:06,MZ,PL
2022-05-10 16:42:06,MCM,MWB
2022-05-10 16:42:06,MWB,MZ
2022-05-10 16:42:06,IG,MGB
2022-05-10 16:42:06,LL,MCM
2022-05-10 16:42:06,DB,PL
2022-05-10 16:42:06,MWB,PL
2022-05-10 16:42:06,DB,MCM
2022-05-10 16:42:06,MCM,MGB
2022-05-10 16:42:06,MCM,MTP
2022-05-10 16:42:06,MTP,MZ
2022-05-10 16:42:06,DB,LL
2022-05-10 16:42:07,IG,MGB
2022-05-10 16:42:07,DB,MCM
2022-05-10 16:42:07,MZ,PL
2022-05-10 16:42:07,LL,MWB
2022-05-10 16:42:07,MTP,PL
2022-05-10 16:42:07,DB,MWB
2022-05-10 16:42:07,MWB,PL
2022-05-10 16:42:07,LL,MGB
2022-05-10 16:42:07,DB,MTP
2022-05-10 16:42:07,MGB,MWB
2022-05-10 16:42:07,LL,PL
2022-05-10 16:42:07,IG,MTP
2022-05-10 16:42:07,DB,PL
2022-05-10 16:42:07,LL,MTP
2022-05-10 16:42:07,IG,MCM
2022-05-10 16:42:07,MWB,MZ
2022-05-10 16:42:07,IG,LL
2022-05-10 16:42:07,IG,PL
2022-05-10 16:42:07,MTP,MZ
2022-05-10 16:42:07,MCM,PL
2022-05-10 16:42:07,LL,MCM
2022-05-10 16:42:07,MCM,MWB
2022-05-10 16:42:07,DB,MGB
2022-05-10 16:42:07,LL,MZ
2022-05-10 16:42:07,MGB,MTP
2022-05-10 16:42:07,DB,LL
2022-05-10 16:42:07,MGB,PL
2022-05-10 16:42:07,MCM,MGB
2022-05-10 16:42:07,IG,MZ
2022-05-10 16:42:07,MGB,MZ
2022-05-10 16:42:07,DB,IG
2022-05-10 16:42:07,MCM,MZ
2022-05-10 16:42:07,MTP,MWB
2022-05-10 16:42:07,IG,MWB
2022-05-10 16:42:07,MCM,MTP
2022-05-10 16:42:08,LL,MTP
2022-05-10 16:42:08,MTP,MWB
2022-05-10 16:42:08,MWB,MZ
2022-05-10 16:42:08,IG,MTP
2022-05-10 16:42:08,MGB,MWB
2022-05-10 16:42:08,DB,MGB
2022-05-10 16:42:08,IG,MZ
2022-05-10 16:42:08,MGB,MTP
2022-05-10 16:42:08,MWB,PL
2022-05-10 16:42:08,LL,MWB
2022-05-10 16:42:08,MZ,PL
2022-05-10 16:42:08,DB,IG
2022-05-10 16:42:08,MTP,MZ
2022-05-10 16:42:08,DB,MTP
2022-05-10 16:42:08,MCM,PL
2022-05-10 16:42:08,IG,MWB
2022-05-10 16:42:08,MCM,MWB
2022-05-10 16:42:08,MCM,MTP
2022-05-10 16:42:08,IG,LL
2022-05-10 16:42:08,DB,LL
2022-05-10 16:42:08,MGB,MZ
2022-05-10 16:42:08,DB,MCM
2022-05-10 16:42:08,LL,MCM
2022-05-10 16:42:08,MCM,MZ
2022-05-10 16:42:08,MGB,PL
2022-05-10 16:42:08,IG,PL
2022-05-10 16:42:08,IG,MCM
2022-05-10 16:42:08,DB,PL
2022-05-10 16:42:08,LL,MGB
2022-05-10 16:42:08,MCM,MGB
2022-05-10 16:42:08,LL,MZ
2022-05-10 16:42:08,IG,MGB
2022-05-10 16:42:08,MTP,PL
2022-05-10 16:42:08,LL,PL
2022-05-10 16:42:09,LL,MGB
2022-05-10 16:42:09,DB,MGB
2022-05-10 16:42:09,MCM,MZ
2022-05-10 16:42:09,MGB,MZ
2022-05-10 16:42:09,DB,MTP
2022-05-10 16:42:09,MCM,PL
2022-05-10 16:42:09,IG,MWB
2022-05-10 16:42:09,MGB,MTP
2022-05-10 16:42:09,LL,MCM
2022-05-10 16:42:09,IG,MZ
2022-05-10 16:42:09,MCM,MWB
2022-05-10 16:42:09,MGB,PL
2022-05-10 16:42:09,MCM,MGB
2022-05-10 16:42:09,MTP,MWB
2022-05-10 16:42:09,LL,MZ
2022-05-10 16:42:09,DB,IG
2022-05-10 16:42:09,DB,LL
2022-05-10 16:42:09,IG,MGB
2022-05-10 16:42:09,MWB,MZ
2022-05-10 16:42:09,DB,MCM
2022-05-10 16:42:09,MZ,PL
2022-05-10 16:42:09,LL,MTP
2022-05-10 16:42:09,IG,MCM
2022-05-10 16:42:09,LL,MWB
2022-05-10 16:42:09,IG,MTP
2022-05-10 16:42:09,MCM,MTP
2022-05-10 16:42:09,MWB,PL
2022-05-10 16:42:09,MTP,PL
2022-05-10 16:42:09,IG,LL
2022-05-10 16:42:09,LL,PL
2022-05-10 16:42:09,MGB,MWB
2022-05-10 16:42:09,DB,PL
2022-05-10 16:42:09,MTP,MZ
2022-05-10 16:42:09,IG,PL
2022-05-10 16:42:10,MTP,MZ
2022-05-10 16:42:10,DB,PL
2022-05-10 16:42:10,MCM,PL
2022-05-10 16:42:10,LL,MZ
2022-05-10 16:42:10,MGB,PL
2022-05-10 16:42:10,MCM,MWB
2022-05-10 16:42:10,IG,PL
2022-05-10 16:42:10,IG,LL
2022-05-10 16:42:10,IG,MTP
2022-05-10 16:42:10,IG,MWB
2022-05-10 16:42:10,LL,MWB
2022-05-10 16:42:10,MTP,PL
2022-05-10 16:42:10,MCM,MZ
2022-05-10 16:42:10,LL,MGB
2022-05-10 16:42:10,DB,MCM
2022-05-10 16:42:10,MZ,PL
2022-05-10 16:42:10,MGB,MTP
2022-05-10 16:42:10,MCM,MTP
2022-05-10 16:42:10,DB,LL
2022-05-10 16:42:10,IG,MZ
2022-05-10 16:42:10,DB,IG
2022-05-10 16:42:10,DB,MTP
2022-05-10 16:42:10,LL,MCM
2022-05-10 16:42:10,MGB,MZ
2022-05-10 16:42:10,IG,MCM
2022-05-10 16:42:10,LL,MTP
2022-05-10 16:42:10,MCM,MGB
2022-05-10 16:42:10,MWB,PL
2022-05-10 16:42:10,MGB,MWB
2022-05-10 16:42:10,DB,MGB
2022-05-10 16:42:10,LL,PL
2022-05-10 16:42:10,IG,MGB
2022-05-10 16:42:10,MWB,MZ
2022-05-10 16:42:10,MTP,MWB
2022-05-10 16:42:11,LL,MGB
2022-05-10 16:42:11,IG,MTP
2022-05-10 16:42:11,DB,MTP
2022-05-10 16:42:11,MTP,MZ
2022-05-10 16:42:11,DB,MGB
2022-05-10 16:42:11,IG,MGB
2022-05-10 16:42:11,MGB,MZ
2022-05-10 16:42:11,MZ,PL
2022-05-10 16:42:11,MCM,PL
2022-05-10 16:42:11,MWB,MZ
2022-05-10 16:42:11,MGB,MWB
2022-05-10 16:42:11,MCM,MZ
2022-05-10 16:42:11,MWB,PL
2022-05-10 16:42:11,LL,MWB
2022-05-10 16:42:11,MCM,MTP
2022-05-10 16:42:11,IG,LL
2022-05-10 16:42:11,DB,IG
2022-05-10 16:42:11,MTP,MWB
2022-05-10 16:42:11,IG,PL
2022-05-10 16:42:11,MCM,MGB
2022-05-10 16:42:11,MCM,MWB
2022-05-10 16:42:11,MTP,PL
2022-05-10 16:42:11,LL,MTP
2022-05-10 16:42:11,IG,MCM
2022-05-10 16:42:11,DB,LL
2022-05-10 16:42:11,MGB,MTP
2022-05-10 16:42:11,DB,PL
2022-05-10 16:42:11,IG,MZ
2022-05-10 16:42:11,LL,MCM
2022-05-10 16:42:11,DB,MCM
2022-05-10 16:42:11,LL,MZ
2022-05-10 16:42:11,IG,MWB
2022-05-10 16:42:11,MGB,PL
2022-05-10 16:42:11,LL,PL
2022-05-10 16:42:12,MCM,MGB
2022-05-10 16:42:12,DB,PL
2022-05-10 16:42:12,IG,PL
2022-05-10 16:42:12,LL,MTP
2022-05-10 16:42:12,MCM,PL
2022-05-10 16:42:12,LL,PL
2022-05-10 16:42:12,MWB,MZ
2022-05-10 16:42:12,DB,MCM
2022-05-10 16:42:12,IG,MGB
2022-05-10 16:42:12,MCM,MTP
2022-05-10 16:42:12,IG,MCM
2022-05-10 16:42:12,LL,MWB
2022-05-10 16:42:12,IG,MTP
2022-05-10 16:42:12,LL,MZ
2022-05-10 16:42:12,MTP,MWB
2022-05-10 16:42:12,MGB,MTP
2022-05-10 16:42:12,DB,LL
2022-05-10 16:42:12,MCM,MWB
2022-05-10 16:42:12,MGB,PL
2022-05-10 16:42:12,DB,IG
2022-05-10 16:42:12,LL,MCM
2022-05-10 16:42:12,IG,MZ
2022-05-10 16:42:12,IG,LL
2022-05-10 16:42:12,MWB,PL
2022-05-10 16:42:12,IG,MWB
2022-05-10 16:42:12,MTP,PL
2022-05-10 16:42:12,DB,MGB
2022-05-10 16:42:12,MZ,PL
2022-05-10 16:42:12,MGB,MZ
2022-05-10 16:42:12,MTP,MZ
2022-05-10 16:42:12,LL,MGB
2022-05-10 16:42:12,MCM,MZ
2022-05-10 16:42:12,DB,MTP
2022-05-10 16:42:12,MGB,MWB
2022-05-10 16:42:13,LL,MGB
2022-05-10 16:42:13,MCM,MGB
2022-05-10 16:42:13,MCM,MZ
2022-05-10 16:42:13,IG,MGB
2022-05-10 16:42:13,LL,PL
2022-05-10 16:42:13,LL,MCM
2022-05-10 16:42:13,MGB,PL
2022-05-10 16:42:13,MGB,MZ
2022-05-10 16:42:13,DB,LL
2022-05-10 16:42:13,DB,MCM
2022-05-10 16:42:13,LL,MZ
2022-05-10 16:42:13,LL,MTP
2022-05-10 16:42:13,MCM,MTP
2022-05-10 16:42:13,MTP,MWB
2022-05-10 16:42:13,MGB,MTP
2022-05-10 16:42:13,MCM,MWB
2022-05-10 16:42:13,DB,IG
2022-05-10 16:42:13,IG,LL
2022-05-10 16:42:13,IG,MZ
2022-05-10 16:42:13,MWB,PL
2022-05-10 16:42:13,DB,MTP
2022-05-10 16:42:13,DB,MGB
2022-05-10 16:42:13,MTP,MZ
2022-05-10 16:42:13,LL,MWB
2022-05-10 16:42:13,IG,MTP
2022-05-10 16:42:13,IG,MWB
2022-05-10 16:42:13,MGB,MWB
2022-05-10 16:42:13,IG,PL
2022-05-10 16:42:13,DB,PL
2022-05-10 16:42:13,MTP,PL
2022-05-10 16:42:13,MCM,PL
2022-05-10 16:42:13,MWB,MZ
2022-05-10 16:42:13,MZ,PL
2022-05-10 16:42:13,IG,MCM
2022-05-10 16:42:14,DB,PL
2022-05-10 16:42:14,IG,MGB
2022-05-10 16:42:14,MGB,MTP
2022-05-10 16:42:14,MTP,PL
2022-05-10 16:42:14,MGB,PL
2022-05-10 16:42:14,MWB,PL
2022-05-10 16:42:14,IG,LL
2022-05-10 16:42:14,IG,MZ
2022-05-10 16:42:14,IG,MWB
2022-05-10 16:42:14,MWB,MZ
2022-05-10 16:42:14,DB,MGB
2022-05-10 16:42:14,MCM,MGB
2022-05-10 16:42:14,MCM,MZ
2022-05-10 16:42:14,LL,MWB
2022-05-10 16:42:14,LL,MTP
2022-05-10 16:42:14,MGB,MWB
2022-05-10 16:42:14,MGB,MZ
2022-05-10 16:42:14,MZ,PL
2022-05-10 16:42:14,MCM,PL
2022-05-10 16:42:14,DB,MCM
2022-05-10 16:42:14,LL,MZ
2022-05-10 16:42:14,LL,PL
2022-05-10 16:42:14,IG,PL
2022-05-10 16:42:14,IG,MCM
2022-05-10 16:42:14,IG,MTP
2022-05-10 16:42:14,MTP,MZ
2022-05-10 16:42:14,LL,MCM
2022-05-10 16:42:14,DB,MTP
2022-05-10 16:42:14,MCM,MTP
2022-05-10 16:42:14,MTP,MWB
2022-05-10 16:42:14,MCM,MWB
2022-05-10 16:42:14,DB,LL
2022-05-10 16:42:14,LL,MGB
2022-05-10 16:42:15,MTP,MZ
2022-05-10 16:42:15,LL,PL
2022-05-10 16:42:15,IG,MGB
2022-05-10 16:42:15,IG,MZ
2022-05-10 16:42:15,IG,LL
2022-05-10 16:42:15,IG,PL
2022-05-10 16:42:15,MTP,PL
2022-05-10 16:42:15,LL,MTP
2022-05-10 16:42:15,DB,LL
2022-05-10 16:42:15,MWB,MZ
2022-05-10 16:42:15,MCM,MWB
2022-05-10 16:42:15,IG,MCM
2022-05-10 16:42:15,MZ,PL
2022-05-10 16:42:15,DB,MCM
2022-05-10 16:42:15,IG,MWB
2022-05-10 16:42:15,MTP,MWB
2022-05-10 16:42:15,MCM,PL
2022-05-10 16:42:15,DB,MGB
2022-05-10 16:42:15,DB,MTP
2022-05-10 16:42:15,MCM,MZ
2022-05-10 16:42:15,DB,PL
2022-05-10 16:42:15,MCM,MTP
2022-05-10 16:42:15,IG,MTP
2022-05-10 16:42:15,MGB,MTP
2022-05-10 16:42:15,DB,IG
2022-05-10 16:42:15,LL,MWB
2022-05-10 16:42:15,MWB,PL
2022-05-10 16:42:15,MGB,MWB
2022-05-10 16:42:15,LL,MZ
2022-05-10 16:42:15,LL,MGB
2022-05-10 16:42:15,MCM,MGB
2022-05-10 16:42:15,MGB,PL
2022-05-10 16:42:15,MGB,MZ
2022-05-10 16:42:15,LL,MCM
2022-05-10 16:42:16,LL,PL
2022-05-10 16:42:16,MTP,MZ
2022-05-10 16:42:16,MWB,MZ
2022-05-10 16:42:16,MTP,PL
2022-05-10 16:42:16,MCM,MTP
2022-05-10 16:42:16,DB,PL
2022-05-10 16:42:16,MGB,MZ
2022-05-10 16:42:16,DB,MTP
2022-05-10 16:42:16,DB,MGB
2022-05-10 16:42:16,MCM,PL
2022-05-10 16:42:16,MGB,MWB
2022-05-10 16:42:16,IG,MWB
2022-05-10 16:42:16,DB,MCM
2022-05-10 16:42:16,LL,MTP
2022-05-10 16:42:16,MZ,PL
2022-05-10 16:42:16,IG,PL
2022-05-10 16:42:16,IG,MCM
2022-05-10 16:42:16,DB,LL
2022-05-10 16:42:16,MGB,PL
2022-05-10 16:42:16,DB,IG
2022-05-10 16:42:16,IG,MTP
2022-05-10 16:42:16,IG,MGB
2022-05-10 16:42:16,MCM,MZ
2022-05-10 16:42:16,LL,MZ
2022-05-10 16:42:16,DB,MWB
2022-05-10 16:42:16,MWB,PL
2022-05-10 16:42:16,IG,MZ
2022-05-10 16:42:16,LL,MWB
2022-05-10 16:42:16,MCM,MWB
2022-05-10 16:42:16,MGB,MTP
2022-05-10 16:42:16,LL,MCM
2022-05-10 16:42:16,MCM,MGB
2022-05-10 16:42:16,MTP,MWB
2022-05-10 16:42:16,IG,LL
2022-05-10 16:42:16,LL,MGB
2022-05-10 16:42:17,IG,MWB
2022-05-10 16:42:17,DB,MCM
2022-05-10 16:42:17,LL,MWB
2022-05-10 16:42:17,LL,MZ
2022-05-10 16:42:17,IG,MCM
2022-05-10 16:42:17,IG,PL
2022-05-10 16:42:17,IG,MZ
2022-05-10 16:42:17,IG,LL
2022-05-10 16:42:17,MZ,PL
2022-05-10 16:42:17,DB,MGB
2022-05-10 16:42:17,MCM,MWB
2022-05-10 16:42:17,MCM,PL
2022-05-10 16:42:17,DB,MTP
2022-05-10 16:42:17,MGB,MZ
2022-05-10 16:42:17,LL,MCM
2022-05-10 16:42:17,DB,PL
2022-05-10 16:42:17,MCM,MTP
2022-05-10 16:42:17,MGB,MTP
2022-05-10 16:42:17,IG,MTP
2022-05-10 16:42:17,MTP,MWB
2022-05-10 16:42:17,MWB,PL
2022-05-10 16:42:17,MGB,PL
2022-05-10 16:42:17,DB,IG
2022-05-10 16:42:17,LL,PL
2022-05-10 16:42:17,MWB,MZ
2022-05-10 16:42:17,MGB,MWB
2022-05-10 16:42:17,IG,MGB
2022-05-10 16:42:17,DB,MWB
2022-05-10 16:42:17,MTP,MZ
2022-05-10 16:42:17,LL,MGB
2022-05-10 16:42:17,DB,LL
2022-05-10 16:42:17,MCM,MGB
2022-05-10 16:42:17,MCM,MZ
2022-05-10 16:42:17,MTP,PL
2022-05-10 16:42:17,LL,MTP
2022-05-10 16:42:18,IG,MTP
2022-05-10 16:42:18,IG,LL
2022-05-10 16:42:18,MCM,MGB
2022-05-10 16:42:18,LL,MCM
2022-05-10 16:42:18,LL,MTP
2022-05-10 16:42:18,DB,MCM
2022-05-10 16:42:18,LL,MZ
2022-05-10 16:42:18,LL,MWB
2022-05-10 16:42:18,DB,MTP
2022-05-10 16:42:18,DB,PL
2022-05-10 16:42:18,DB,IG
2022-05-10 16:42:18,MTP,MZ
2022-05-10 16:42:18,IG,MGB
2022-05-10 16:42:18,MGB,MWB
2022-05-10 16:42:18,LL,MGB
2022-05-10 16:42:18,MWB,PL
2022-05-10 16:42:18,IG,MWB
2022-05-10 16:42:18,DB,MWB
2022-05-10 16:42:18,MCM,PL
2022-05-10 16:42:18,DB,MGB
2022-05-10 16:42:18,MCM,MWB
2022-05-10 16:42:18,MCM,MTP
2022-05-10 16:42:18,MCM,MZ
2022-05-10 16:42:18,IG,PL
2022-05-10 16:42:18,LL,PL
2022-05-10 16:42:18,DB,LL
2022-05-10 16:42:18,MTP,PL
2022-05-10 16:42:18,MTP,MWB
2022-05-10 16:42:18,MGB,MTP
2022-05-10 16:42:18,MGB,MZ
2022-05-10 16:42:18,MZ,PL
2022-05-10 16:42:18,MGB,PL
2022-05-10 16:42:18,IG,MCM
2022-05-10 16:42:18,IG,MZ
2022-05-10 16:42:18,MWB,MZ
2022-05-10 16:42:19,MCM,PL
2022-05-10 16:42:19,MTP,PL
2022-05-10 16:42:19,DB,LL
2022-05-10 16:42:19,LL,MTP
2022-05-10 16:42:19,MGB,MTP
2022-05-10 16:42:19,MGB,MZ
2022-05-10 16:42:19,IG,MGB
2022-05-10 16:42:19,DB,MWB
2022-05-10 16:42:19,LL,MZ
2022-05-10 16:42:19,IG,MTP
2022-05-10 16:42:19,DB,MGB
2022-05-10 16:42:19,DB,MTP
2022-05-10 16:42:19,MCM,MTP
2022-05-10 16:42:19,DB,IG
2022-05-10 16:42:19,MWB,PL
2022-05-10 16:42:19,MCM,MGB
2022-05-10 16:42:19,MWB,MZ
2022-05-10 16:42:19,MCM,MWB
2022-05-10 16:42:19,MTP,MWB
2022-05-10 16:42:19,IG,PL
2022-05-10 16:42:19,MCM,MZ
2022-05-10 16:42:19,LL,MCM
2022-05-10 16:42:19,IG,MZ
2022-05-10 16:42:19,MGB,PL
2022-05-10 16:42:19,MZ,PL
2022-05-10 16:42:19,LL,MWB
2022-05-10 16:42:19,IG,MCM
2022-05-10 16:42:19,IG,MWB
2022-05-10 16:42:19,IG,LL
2022-05-10 16:42:19,MTP,MZ
2022-05-10 16:42:19,MGB,MWB
2022-05-10 16:42:19,LL,MGB
2022-05-10 16:42:19,DB,MCM
2022-05-10 16:42:19,LL,PL
2022-05-10 16:42:19,DB,PL
2022-05-10 16:42:20,MTP,MZ
2022-05-10 16:42:20,LL,MZ
2022-05-10 16:42:20,DB,IG
2022-05-10 16:42:20,MGB,PL
2022-05-10 16:42:20,MGB,MTP
2022-05-10 16:42:20,LL,PL
2022-05-10 16:42:20,DB,PL
2022-05-10 16:42:20,LL,MWB
2022-05-10 16:42:20,DB,LL
2022-05-10 16:42:20,IG,MTP
2022-05-10 16:42:20,MWB,MZ
2022-05-10 16:42:20,LL,MCM
2022-05-10 16:42:20,MCM,MTP
2022-05-10 16:42:20,IG,PL
2022-05-10 16:42:20,IG,MZ
2022-05-10 16:42:20,MZ,PL
2022-05-10 16:42:20,IG,MCM
2022-05-10 16:42:20,MCM,MWB
2022-05-10 16:42:20,MCM,MGB
2022-05-10 16:42:20,MCM,MZ
2022-05-10 16:42:20,IG,MWB
2022-05-10 16:42:20,MTP,PL
2022-05-10 16:42:20,IG,LL
2022-05-10 16:42:20,LL,MGB
2022-05-10 16:42:20,MCM,PL
2022-05-10 16:42:20,DB,MWB
2022-05-10 16:42:20,IG,MGB
2022-05-10 16:42:20,DB,MGB
2022-05-10 16:42:20,LL,MTP
2022-05-10 16:42:20,DB,MTP
2022-05-10 16:42:20,MTP,MWB
2022-05-10 16:42:20,MWB,PL
2022-05-10 16:42:20,DB,MCM
2022-05-10 16:42:20,MGB,MWB
2022-05-10 16:42:20,MGB,MZ
2022-05-10 16:42:21,MCM,MZ
2022-05-10 16:42:21,MWB,PL
2022-05-10 16:42:21,IG,MZ
2022-05-10 16:42:21,MGB,MTP
2022-05-10 16:42:21,IG,MGB
2022-05-10 16:42:21,MGB,PL
2022-05-10 16:42:21,MTP,MZ
2022-05-10 16:42:21,MCM,MWB
2022-05-10 16:42:21,IG,LL
2022-05-10 16:42:21,MTP,PL
2022-05-10 16:42:21,MGB,MWB
2022-05-10 16:42:21,DB,LL
2022-05-10 16:42:21,LL,MCM
2022-05-10 16:42:21,MWB,MZ
2022-05-10 16:42:21,IG,PL
2022-05-10 16:42:21,MCM,MTP
2022-05-10 16:42:21,MZ,PL
2022-05-10 16:42:21,MCM,MGB
2022-05-10 16:42:21,IG,MWB
2022-05-10 16:42:21,LL,MGB
2022-05-10 16:42:21,MGB,MZ
2022-05-10 16:42:21,MTP,MWB
2022-05-10 16:42:21,DB,MCM
2022-05-10 16:42:21,DB,MTP
2022-05-10 16:42:21,MCM,PL
2022-05-10 16:42:21,IG,MCM
2022-05-10 16:42:21,DB,MGB
2022-05-10 16:42:21,LL,MTP
2022-05-10 16:42:21,LL,MWB
2022-05-10 16:42:21,DB,IG
2022-05-10 16:42:21,LL,PL
2022-05-10 16:42:21,DB,MWB
2022-05-10 16:42:21,IG,MTP
2022-05-10 16:42:21,DB,PL
2022-05-10 16:42:21,LL,MZ
2022-05-10 16:42:22,MGB,MZ
2022-05-10 16:42:22,MGB,MTP
2022-05-10 16:42:22,MWB,MZ
2022-05-10 16:42:22,MTP,MWB
2022-05-10 16:42:22,MCM,MTP
2022-05-10 16:42:22,LL,PL
2022-05-10 16:42:22,MCM,MGB
2022-05-10 16:42:22,IG,MWB
2022-05-10 16:42:22,IG,MGB
2022-05-10 16:42:22,MGB,MWB
2022-05-10 16:42:22,IG,LL
2022-05-10 16:42:22,MWB,PL
2022-05-10 16:42:22,DB,MWB
2022-05-10 16:42:22,LL,MTP
2022-05-10 16:42:22,DB,MTP
2022-05-10 16:42:22,DB,MGB
2022-05-10 16:42:22,DB,IG
2022-05-10 16:42:22,IG,MCM
2022-05-10 16:42:22,LL,MZ
2022-05-10 16:42:22,DB,PL
2022-05-10 16:42:22,LL,MGB
2022-05-10 16:42:22,MGB,PL
2022-05-10 16:42:22,MTP,PL
2022-05-10 16:42:22,MCM,MZ
2022-05-10 16:42:22,LL,MWB
2022-05-10 16:42:22,LL,MCM
2022-05-10 16:42:22,DB,MZ
2022-05-10 16:42:22,MTP,MZ
2022-05-10 16:42:22,MCM,PL
2022-05-10 16:42:22,DB,LL
2022-05-10 16:42:22,DB,MCM
2022-05-10 16:42:22,IG,MZ
2022-05-10 16:42:22,MZ,PL
2022-05-10 16:42:22,MCM,MWB
2022-05-10 16:42:22,IG,PL
2022-05-10 16:42:22,IG,MTP
2022-05-10 16:42:23,DB,MGB
2022-05-10 16:42:23,MGB,MTP
2022-05-10 16:42:23,MGB,MZ
2022-05-10 16:42:23,LL,MTP
2022-05-10 16:42:23,MZ,PL
2022-05-10 16:42:23,LL,MGB
2022-05-10 16:42:23,MCM,MTP
2022-05-10 16:42:23,MCM,PL
2022-05-10 16:42:23,IG,MCM
2022-05-10 16:42:23,LL,MWB
2022-05-10 16:42:23,DB,MTP
2022-05-10 16:42:23,MWB,MZ
2022-05-10 16:42:23,MTP,MWB
2022-05-10 16:42:23,DB,MCM
2022-05-10 16:42:23,DB,LL
2022-05-10 16:42:23,LL,MZ
2022-05-10 16:42:23,IG,MTP
2022-05-10 16:42:23,LL,MCM
2022-05-10 16:42:23,DB,IG
2022-05-10 16:42:23,DB,PL
2022-05-10 16:42:23,MTP,MZ
2022-05-10 16:42:23,MWB,PL
2022-05-10 16:42:23,IG,MGB
2022-05-10 16:42:23,MCM,MZ
2022-05-10 16:42:23,IG,PL
2022-05-10 16:42:23,MCM,MWB
2022-05-10 16:42:23,IG,MZ
2022-05-10 16:42:23,MGB,PL
2022-05-10 16:42:23,MGB,MWB
2022-05-10 16:42:23,IG,LL
2022-05-10 16:42:23,LL,PL
2022-05-10 16:42:23,IG,MWB
2022-05-10 16:42:23,MTP,PL
2022-05-10 16:42:23,MCM,MGB
2022-05-10 16:42:23,DB,MZ
2022-05-10 16:42:23,DB,MWB
2022-05-10 16:42:24,LL,MGB
2022-05-10 16:42:24,IG,LL
2022-05-10 16:42:24,MTP,PL
2022-05-10 16:42:24,DB,LL
2022-05-10 16:42:24,DB,MWB
2022-05-10 16:42:24,LL,MZ
2022-05-10 16:42:24,MGB,MWB
2022-05-10 16:42:24,MGB,MZ
2022-05-10 16:42:24,IG,MZ
2022-05-10 16:42:24,MGB,MTP
2022-05-10 16:42:24,IG,MGB
2022-05-10 16:42:24,DB,MCM
2022-05-10 16:42:24,DB,MZ
2022-05-10 16:42:24,LL,PL
2022-05-10 16:42:24,IG,MTP
2022-05-10 16:42:24,MTP,MWB
2022-05-10 16:42:24,MWB,PL
2022-05-10 16:42:24,DB,MGB
2022-05-10 16:42:24,MCM,MZ
2022-05-10 16:42:24,MCM,MTP
2022-05-10 16:42:24,MZ,PL
2022-05-10 16:42:24,IG,PL
2022-05-10 16:42:24,MTP,MZ
2022-05-10 16:42:24,DB,MTP
2022-05-10 16:42:24,DB,IG
2022-05-10 16:42:24,LL,MCM
2022-05-10 16:42:24,IG,MWB
2022-05-10 16:42:24,MCM,MGB
2022-05-10 16:42:24,MCM,PL
2022-05-10 16:42:24,LL,MWB
2022-05-10 16:42:24,MCM,MWB
2022-05-10 16:42:24,MGB,PL
2022-05-10 16:42:24,MWB,MZ
2022-05-10 16:42:24,DB,PL
2022-05-10 16:42:24,IG,MCM
2022-05-10 16:42:24,LL,MTP
2022-05-10 16:42:25,MCM,MGB
2022-05-10 16:42:25,MGB,MWB
2022-05-10 16:42:25,IG,MTP
2022-05-10 16:42:25,DB,MTP
2022-05-10 16:42:25,DB,MZ
2022-05-10 16:42:25,IG,MCM
2022-05-10 16:42:25,DB,MGB
2022-05-10 16:42:25,IG,MWB
2022-05-10 16:42:25,MCM,MZ
2022-05-10 16:42:25,MCM,MTP
2022-05-10 16:42:25,MGB,PL
2022-05-10 16:42:25,DB,PL
2022-05-10 16:42:25,MCM,MWB
2022-05-10 16:42:25,LL,MTP
2022-05-10 16:42:25,MGB,MTP
2022-05-10 16:42:25,MTP,MZ
2022-05-10 16:42:25,MCM,PL
2022-05-10 16:42:25,LL,MGB
2022-05-10 16:42:25,IG,MZ
2022-05-10 16:42:25,IG,PL
2022-05-10 16:42:25,DB,MWB
2022-05-10 16:42:25,MWB,MZ
2022-05-10 16:42:25,LL,MWB
2022-05-10 16:42:25,MTP,MWB
2022-05-10 16:42:25,DB,MCM
2022-05-10 16:42:25,DB,LL
2022-05-10 16:42:25,MWB,PL
2022-05-10 16:42:25,IG,LL
2022-05-10 16:42:25,IG,MGB
2022-05-10 16:42:25,MGB,MZ
2022-05-10 16:42:25,DB,IG
2022-05-10 16:42:25,LL,MCM
2022-05-10 16:42:25,LL,MZ
2022-05-10 16:42:25,MZ,PL
2022-05-10 16:42:25,LL,PL
2022-05-10 16:42:25,MTP,PL
2022-05-10 16:42:26,IG,LL
2022-05-10 16:42:26,MGB,PL
2022-05-10 16:42:26,MZ,PL
2022-05-10 16:42:26,LL,MTP
2022-05-10 16:42:26,MCM,MGB
2022-05-10 16:42:26,MTP,PL
2022-05-10 16:42:26,LL,MGB
2022-05-10 16:42:26,MWB,MZ
2022-05-10 16:42:26,DB,LL
2022-05-10 16:42:26,LL,MCM
2022-05-10 16:42:26,IG,MWB
2022-05-10 16:42:26,DB,MWB
2022-05-10 16:42:26,LL,PL
2022-05-10 16:42:26,DB,MTP
2022-05-10 16:42:26,IG,PL
2022-05-10 16:42:26,LL,MWB
2022-05-10 16:42:26,IG,MCM
2022-05-10 16:42:26,IG,MGB
2022-05-10 16:42:26,DB,IG
2022-05-10 16:42:26,LL,MZ
2022-05-10 16:42:26,DB,MCM
2022-05-10 16:42:26,MGB,MTP
2022-05-10 16:42:26,MCM,PL
2022-05-10 16:42:26,DB,MGB
2022-05-10 16:42:26,MCM,MTP
2022-05-10 16:42:26,DB,PL
2022-05-10 16:42:26,MCM,MZ
2022-05-10 16:42:26,MTP,MWB
2022-05-10 16:42:26,MTP,MZ
2022-05-10 16:42:26,MGB,MZ
2022-05-10 16:42:26,IG,MTP
2022-05-10 16:42:26,DB,MZ
2022-05-10 16:42:26,IG,MZ
2022-05-10 16:42:26,MCM,MWB
2022-05-10 16:42:26,MWB,PL
2022-05-10 16:42:26,MGB,MWB
2022-05-10 16:42:27,MCM,MWB
2022-05-10 16:42:27,MCM,MZ
2022-05-10 16:42:27,MWB,MZ
2022-05-10 16:42:27,IG,PL
2022-05-10 16:42:27,LL,MCM
2022-05-10 16:42:27,MWB,PL
2022-05-10 16:42:27,LL,MGB
2022-05-10 16:42:27,LL,PL
2022-05-10 16:42:27,MTP,PL
2022-05-10 16:42:27,MGB,MTP
2022-05-10 16:42:27,IG,LL
2022-05-10 16:42:27,IG,MZ
2022-05-10 16:42:27,LL,MWB
2022-05-10 16:42:27,DB,PL
2022-05-10 16:42:27,MCM,MTP
2022-05-10 16:42:27,MTP,MZ
2022-05-10 16:42:27,MGB,PL
2022-05-10 16:42:27,DB,MCM
2022-05-10 16:42:27,LL,MTP
2022-05-10 16:42:27,IG,MCM
2022-05-10 16:42:27,DB,MGB
2022-05-10 16:42:27,IG,MTP
2022-05-10 16:42:27,MGB,MWB
2022-05-10 16:42:27,DB,MZ
2022-05-10 16:42:27,MCM,MGB
2022-05-10 16:42:27,DB,MTP
2022-05-10 16:42:27,MTP,MWB
2022-05-10 16:42:27,IG,MWB
2022-05-10 16:42:27,MZ,PL
2022-05-10 16:42:27,MCM,PL
2022-05-10 16:42:27,LL,MZ
2022-05-10 16:42:27,MGB,MZ
2022-05-10 16:42:27,DB,IG
2022-05-10 16:42:27,IG,MGB
2022-05-10 16:42:27,DB,LL
2022-05-10 16:42:28,DB,IG
2022-05-10 16:42:28,MGB,PL
2022-05-10 16:42:28,MCM,MGB
2022-05-10 16:42:28,DB,MTP
2022-05-10 16:42:28,IG,MCM
2022-05-10 16:42:28,IG,MZ
2022-05-10 16:42:28,IG,MGB
2022-05-10 16:42:28,MTP,MWB
2022-05-10 16:42:28,DB,MZ
2022-05-10 16:42:28,LL,MWB
2022-05-10 16:42:28,MGB,MWB
2022-05-10 16:42:28,MWB,PL
2022-05-10 16:42:28,MGB,MZ
2022-05-10 16:42:28,IG,MTP
2022-05-10 16:42:28,MCM,MZ
2022-05-10 16:42:28,MCM,MWB
2022-05-10 16:42:28,MTP,MZ
2022-05-10 16:42:28,LL,MZ
2022-05-10 16:42:28,MCM,MTP
2022-05-10 16:42:28,LL,PL
2022-05-10 16:42:28,MCM,PL
2022-05-10 16:42:28,DB,MCM
2022-05-10 16:42:28,MGB,MTP
2022-05-10 16:42:28,MTP,PL
2022-05-10 16:42:28,LL,MGB
2022-05-10 16:42:28,IG,PL
2022-05-10 16:42:28,MZ,PL
2022-05-10 16:42:28,DB,LL
2022-05-10 16:42:28,IG,MWB
2022-05-10 16:42:28,MWB,MZ
2022-05-10 16:42:28,LL,MTP
2022-05-10 16:42:28,DB,PL
2022-05-10 16:42:28,DB,MGB
2022-05-10 16:42:28,LL,MCM
2022-05-10 16:42:28,IG,LL
2022-05-10 16:42:29,LL,PL
2022-05-10 16:42:29,MTP,MZ
2022-05-10 16:42:29,LL,MZ
2022-05-10 16:42:29,MCM,MTP
2022-05-10 16:42:29,MGB,MZ
2022-05-10 16:42:29,MGB,MWB
2022-05-10 16:42:29,DB,PL
2022-05-10 16:42:29,IG,LL
2022-05-10 16:42:29,MGB,MTP
2022-05-10 16:42:29,DB,MCM
2022-05-10 16:42:29,MWB,PL
2022-05-10 16:42:29,IG,PL
2022-05-10 16:42:29,LL,MWB
2022-05-10 16:42:29,MTP,MWB
2022-05-10 16:42:29,IG,MGB
2022-05-10 16:42:29,DB,IG
2022-05-10 16:42:29,MCM,MZ
2022-05-10 16:42:29,MCM,PL
2022-05-10 16:42:29,DB,MGB
2022-05-10 16:42:29,MCM,MGB
2022-05-10 16:42:29,DB,MTP
2022-05-10 16:42:29,IG,MCM
2022-05-10 16:42:29,DB,MZ
2022-05-10 16:42:29,IG,MTP
2022-05-10 16:42:29,MCM,MWB
2022-05-10 16:42:29,MZ,PL
2022-05-10 16:42:29,LL,MTP
2022-05-10 16:42:29,IG,MWB
2022-05-10 16:42:29,DB,LL
2022-05-10 16:42:29,IG,MZ
2022-05-10 16:42:29,LL,MGB
2022-05-10 16:42:29,MWB,MZ
2022-05-10 16:42:29,MTP,PL
2022-05-10 16:42:29,MGB,PL
2022-05-10 16:42:29,LL,MCM
2022-05-10 16:42:30,IG,MZ
2022-05-10 16:42:30,MWB,PL
2022-05-10 16:42:30,IG,MWB
2022-05-10 16:42:30,IG,PL
2022-05-10 16:42:30,MZ,PL
2022-05-10 16:42:30,DB,LL
2022-05-10 16:42:30,LL,MGB
2022-05-10 16:42:30,LL,MCM
2022-05-10 16:42:30,DB,IG
2022-05-10 16:42:30,LL,PL
2022-05-10 16:42:30,DB,MCM
2022-05-10 16:42:30,LL,MTP
2022-05-10 16:42:30,MCM,MTP
2022-05-10 16:42:30,MTP,PL
2022-05-10 16:42:30,IG,MCM
2022-05-10 16:42:30,IG,MGB
2022-05-10 16:42:30,LL,MZ
2022-05-10 16:42:30,IG,LL
2022-05-10 16:42:30,MCM,MGB
2022-05-10 16:42:30,MGB,MWB
2022-05-10 16:42:30,MCM,MWB
2022-05-10 16:42:30,MGB,MZ
2022-05-10 16:42:30,DB,MGB
2022-05-10 16:42:30,MGB,MTP
2022-05-10 16:42:30,LL,MWB
2022-05-10 16:42:30,MGB,PL
2022-05-10 16:42:30,MCM,MZ
2022-05-10 16:42:30,IG,MTP
2022-05-10 16:42:30,MTP,MWB
2022-05-10 16:42:30,DB,MZ
2022-05-10 16:42:30,MWB,MZ
2022-05-10 16:42:30,MTP,MZ
2022-05-10 16:42:30,DB,MTP
2022-05-10 16:42:30,MCM,PL
2022-05-10 16:42:30,DB,PL
2022-05-10 16:42:31,LL,MWB
2022-05-10 16:42:31,LL,MGB
2022-05-10 16:42:31,MCM,MZ
2022-05-10 16:42:31,MGB,PL
2022-05-10 16:42:31,MTP,PL
2022-05-10 16:42:31,MCM,PL
2022-05-10 16:42:31,IG,MCM
2022-05-10 16:42:31,MGB,MWB
2022-05-10 16:42:31,IG,MGB
2022-05-10 16:42:31,LL,PL
2022-05-10 16:42:31,MCM,MGB
2022-05-10 16:42:31,IG,MTP
2022-05-10 16:42:31,IG,MZ
2022-05-10 16:42:31,LL,MZ
2022-05-10 16:42:31,DB,MTP
2022-05-10 16:42:31,DB,MGB
2022-05-10 16:42:31,IG,LL
2022-05-10 16:42:31,MCM,MWB
2022-05-10 16:42:31,MTP,MWB
2022-05-10 16:42:31,DB,MCM
2022-05-10 16:42:31,IG,MWB
2022-05-10 16:42:31,MGB,MTP
2022-05-10 16:42:31,MTP,MZ
2022-05-10 16:42:31,LL,MCM
2022-05-10 16:42:31,DB,LL
2022-05-10 16:42:31,MWB,MZ
2022-05-10 16:42:31,MWB,PL
2022-05-10 16:42:31,DB,IG
2022-05-10 16:42:31,LL,MTP
2022-05-10 16:42:31,MGB,MZ
2022-05-10 16:42:31,DB,PL
2022-05-10 16:42:31,IG,PL
2022-05-10 16:42:31,MCM,MTP
2022-05-10 16:42:31,MZ,PL
2022-05-10 16:42:32,MGB,MZ
2022-05-10 16:42:32,MZ,PL
2022-05-10 16:42:32,MCM,MWB
2022-05-10 16:42:32,MTP,MWB
2022-05-10 16:42:32,LL,MCM
2022-05-10 16:42:32,MCM,MGB
2022-05-10 16:42:32,MGB,PL
2022-05-10 16:42:32,DB,MCM
2022-05-10 16:42:32,DB,MGB
2022-05-10 16:42:32,LL,MWB
2022-05-10 16:42:32,IG,MZ
2022-05-10 16:42:32,LL,PL
2022-05-10 16:42:32,MGB,MWB
2022-05-10 16:42:32,LL,MGB
2022-05-10 16:42:32,DB,MTP
2022-05-10 16:42:32,MTP,MZ
2022-05-10 16:42:32,IG,PL
2022-05-10 16:42:32,MWB,MZ
2022-05-10 16:42:32,LL,MTP
2022-05-10 16:42:32,MCM,MTP
2022-05-10 16:42:32,MCM,MZ
2022-05-10 16:42:32,LL,MZ
2022-05-10 16:42:32,DB,IG
2022-05-10 16:42:32,MGB,MTP
2022-05-10 16:42:32,IG,MWB
2022-05-10 16:42:32,MTP,PL
2022-05-10 16:42:32,MCM,PL
2022-05-10 16:42:32,IG,LL
2022-05-10 16:42:32,MWB,PL
2022-05-10 16:42:32,IG,MCM
2022-05-10 16:42:32,IG,MGB
2022-05-10 16:42:32,DB,LL
2022-05-10 16:42:32,IG,MTP
2022-05-10 16:42:32,DB,PL
2022-05-10 16:42:33,LL,MWB
2022-05-10 16:42:33,DB,MTP
2022-05-10 16:42:33,DB,LL
2022-05-10 16:42:33,MCM,MZ
2022-05-10 16:42:33,IG,MTP
2022-05-10 16:42:33,MGB,MTP
2022-05-10 16:42:33,LL,PL
2022-05-10 16:42:33,MTP,MWB
2022-05-10 16:42:33,DB,MGB
2022-05-10 16:42:33,IG,PL
2022-05-10 16:42:33,DB,PL
2022-05-10 16:42:33,MTP,MZ
2022-05-10 16:42:33,MWB,MZ
2022-05-10 16:42:33,LL,MTP
2022-05-10 16:42:33,MCM,MTP
2022-05-10 16:42:33,LL,MGB
2022-05-10 16:42:33,IG,MZ
2022-05-10 16:42:33,DB,IG
2022-05-10 16:42:33,MTP,PL
2022-05-10 16:42:33,IG,MGB
2022-05-10 16:42:33,MCM,PL
2022-05-10 16:42:33,MGB,PL
2022-05-10 16:42:33,IG,MCM
2022-05-10 16:42:33,MGB,MWB
2022-05-10 16:42:33,LL,MZ
2022-05-10 16:42:33,LL,MCM
2022-05-10 16:42:33,MGB,MZ
2022-05-10 16:42:33,MZ,PL
2022-05-10 16:42:33,IG,LL
2022-05-10 16:42:33,MCM,MWB
2022-05-10 16:42:33,DB,MCM
2022-05-10 16:42:33,MWB,PL
2022-05-10 16:42:33,MCM,MGB
2022-05-10 16:42:33,IG,MWB
2022-05-10 16:42:34,MTP,PL
2022-05-10 16:42:34,IG,PL
2022-05-10 16:42:34,LL,MGB
2022-05-10 16:42:34,MCM,MZ
2022-05-10 16:42:34,IG,MWB
2022-05-10 16:42:34,LL,MZ
2022-05-10 16:42:34,MGB,PL
2022-05-10 16:42:34,MCM,MWB
2022-05-10 16:42:34,MWB,PL
2022-05-10 16:42:34,MWB,MZ
2022-05-10 16:42:34,IG,MZ
2022-05-10 16:42:34,DB,IG
2022-05-10 16:42:34,MTP,MZ
2022-05-10 16:42:34,MGB,MZ
2022-05-10 16:42:34,DB,MTP
2022-05-10 16:42:34,MGB,MWB
2022-05-10 16:42:34,DB,PL
2022-05-10 16:42:34,IG,MCM
2022-05-10 16:42:34,IG,LL
2022-05-10 16:42:34,MCM,PL
2022-05-10 16:42:34,MCM,MGB
2022-05-10 16:42:34,MCM,MTP
2022-05-10 16:42:34,LL,MTP
2022-05-10 16:42:34,DB,MCM
2022-05-10 16:42:34,MGB,MTP
2022-05-10 16:42:34,LL,MCM
2022-05-10 16:42:34,IG,MTP
2022-05-10 16:42:34,DB,MGB
2022-05-10 16:42:34,IG,MGB
2022-05-10 16:42:34,LL,PL
2022-05-10 16:42:34,MTP,MWB
2022-05-10 16:42:34,DB,LL
2022-05-10 16:42:34,MZ,PL
2022-05-10 16:42:34,LL,MWB
2022-05-10 16:42:35,IG,MCM
2022-05-10 16:42:35,MWB,PL
2022-05-10 16:42:35,MTP,MZ
2022-05-10 16:42:35,IG,MWB
2022-05-10 16:42:35,LL,MCM
2022-05-10 16:42:35,DB,MTP
2022-05-10 16:42:35,IG,MZ
2022-05-10 16:42:35,LL,MGB
2022-05-10 16:42:35,MCM,MTP
2022-05-10 16:42:35,MTP,PL
2022-05-10 16:42:35,MGB,MZ
2022-05-10 16:42:35,MGB,MWB
2022-05-10 16:42:35,MCM,MGB
2022-05-10 16:42:35,LL,MZ
2022-05-10 16:42:35,DB,MCM
2022-05-10 16:42:35,MTP,MWB
2022-05-10 16:42:35,LL,PL
2022-05-10 16:42:35,IG,MTP
2022-05-10 16:42:35,MGB,MTP
2022-05-10 16:42:35,MCM,MWB
2022-05-10 16:42:35,DB,LL
2022-05-10 16:42:35,IG,MGB
2022-05-10 16:42:35,LL,MWB
2022-05-10 16:42:35,DB,PL
2022-05-10 16:42:35,IG,LL
2022-05-10 16:42:35,DB,IG
2022-05-10 16:42:35,MZ,PL
2022-05-10 16:42:35,MWB,MZ
2022-05-10 16:42:35,DB,MGB
2022-05-10 16:42:35,MCM,PL
2022-05-10 16:42:35,LL,MTP
2022-05-10 16:42:35,IG,PL
2022-05-10 16:42:35,MGB,PL
2022-05-10 16:42:35,MCM,MZ
2022-05-10 16:42:36,MGB,PL
2022-05-10 16:42:36,MCM,MGB
2022-05-10 16:42:36,MCM,MWB
2022-05-10 16:42:36,DB,MCM
2022-05-10 16:42:36,MZ,PL
2022-05-10 16:42:36,MCM,MZ
2022-05-10 16:42:36,DB,PL
2022-05-10 16:42:36,MTP,PL
2022-05-10 16:42:36,MTP,MWB
2022-05-10 16:42:36,DB,LL
2022-05-10 16:42:36,IG,MWB
2022-05-10 16:42:36,MGB,MWB
2022-05-10 16:42:36,DB,MTP
2022-05-10 16:42:36,LL,MWB
2022-05-10 16:42:36,LL,PL
2022-05-10 16:42:36,MGB,MTP
2022-05-10 16:42:36,DB,MGB
2022-05-10 16:42:36,IG,MTP
2022-05-10 16:42:36,LL,MGB
2022-05-10 16:42:36,IG,LL
2022-05-10 16:42:36,LL,MZ
2022-05-10 16:42:36,MCM,PL
2022-05-10 16:42:36,IG,MCM
2022-05-10 16:42:36,MWB,MZ
2022-05-10 16:42:36,LL,MTP
2022-05-10 16:42:36,MCM,MTP
2022-05-10 16:42:36,MWB,PL
2022-05-10 16:42:36,IG,PL
2022-05-10 16:42:36,MGB,MZ
2022-05-10 16:42:36,IG,MGB
2022-05-10 16:42:36,LL,MCM
2022-05-10 16:42:36,IG,MZ
2022-05-10 16:42:36,DB,IG
2022-05-10 16:42:36,MTP,MZ
2022-05-10 16:42:37,MWB,PL
2022-05-10 16:42:37,MCM,MZ
2022-05-10 16:42:37,DB,MGB
2022-05-10 16:42:37,DB,MTP
2022-05-10 16:42:37,MGB,MTP
2022-05-10 16:42:37,IG,MGB
2022-05-10 16:42:37,IG,MTP
2022-05-10 16:42:37,MCM,PL
2022-05-10 16:42:37,LL,MCM
2022-05-10 16:42:37,MGB,PL
2022-05-10 16:42:37,MGB,MWB
2022-05-10 16:42:37,MWB,MZ
2022-05-10 16:42:37,LL,PL
2022-05-10 16:42:37,LL,MTP
2022-05-10 16:42:37,MCM,MTP
2022-05-10 16:42:37,MTP,MWB
2022-05-10 16:42:37,DB,PL
2022-05-10 16:42:37,MGB,MZ
2022-05-10 16:42:37,MZ,PL
2022-05-10 16:42:37,DB,MCM
2022-05-10 16:42:37,DB,IG
2022-05-10 16:42:37,IG,LL
2022-05-10 16:42:37,LL,MZ
2022-05-10 16:42:37,IG,MZ
2022-05-10 16:42:37,MCM,MGB
2022-05-10 16:42:37,MTP,MZ
2022-05-10 16:42:37,LL,MWB
2022-05-10 16:42:37,DB,LL
2022-05-10 16:42:37,IG,MCM
2022-05-10 16:42:37,IG,PL
2022-05-10 16:42:37,MTP,PL
2022-05-10 16:42:37,LL,MGB
2022-05-10 16:42:37,MCM,MWB
2022-05-10 16:42:37,IG,MWB
2022-05-10 16:42:38,MTP,MWB
2022-05-10 16:42:38,IG,MGB
2022-05-10 16:42:38,MTP,MZ
2022-05-10 16:42:38,DB,MGB
2022-05-10 16:42:38,MTP,PL
2022-05-10 16:42:38,IG,MZ
2022-05-10 16:42:38,LL,MWB
2022-05-10 16:42:38,MCM,PL
2022-05-10 16:42:38,LL,PL
2022-05-10 16:42:38,DB,IG
2022-05-10 16:42:38,MGB,MWB
2022-05-10 16:42:38,DB,MTP
2022-05-10 16:42:38,IG,MWB
2022-05-10 16:42:38,DB,MCM
2022-05-10 16:42:38,MCM,MGB
2022-05-10 16:42:38,DB,PL
2022-05-10 16:42:38,MWB,PL
2022-05-10 16:42:38,LL,MGB
2022-05-10 16:42:38,MCM,MWB
2022-05-10 16:42:38,MZ,PL
2022-05-10 16:42:38,IG,LL
2022-05-10 16:42:38,IG,MTP
2022-05-10 16:42:38,LL,MZ
2022-05-10 16:42:38,MCM,MTP
2022-05-10 16:42:38,MGB,MTP
2022-05-10 16:42:38,LL,MCM
2022-05-10 16:42:38,IG,PL
2022-05-10 16:42:38,MGB,MZ
2022-05-10 16:42:38,MCM,MZ
2022-05-10 16:42:38,MGB,PL
2022-05-10 16:42:38,MWB,MZ
2022-05-10 16:42:38,LL,MTP
2022-05-10 16:42:38,IG,MCM
2022-05-10 16:42:38,DB,LL
2022-05-10 16:42:39,LL,MTP
2022-05-10 16:42:39,IG,MWB
2022-05-10 16:42:39,LL,MGB
2022-05-10 16:42:39,LL,MCM
2022-05-10 16:42:39,DB,MGB
2022-05-10 16:42:39,MCM,MWB
2022-05-10 16:42:39,MCM,PL
2022-05-10 16:42:39,MTP,MWB
2022-05-10 16:42:39,MGB,PL
2022-05-10 16:42:39,MWB,MZ
2022-05-10 16:42:39,MZ,PL
2022-05-10 16:42:39,MWB,PL
2022-05-10 16:42:39,DB,MCM
2022-05-10 16:42:39,LL,MZ
2022-05-10 16:42:39,IG,PL
2022-05-10 16:42:39,IG,MZ
2022-05-10 16:42:39,IG,LL
2022-05-10 16:42:39,DB,PL
2022-05-10 16:42:39,IG,MCM
2022-05-10 16:42:39,MCM,MZ
2022-05-10 16:42:39,MGB,MTP
2022-05-10 16:42:39,LL,MWB
2022-05-10 16:42:39,IG,MTP
2022-05-10 16:42:39,MGB,MZ
2022-05-10 16:42:39,MCM,MTP
2022-05-10 16:42:39,MTP,PL
2022-05-10 16:42:39,LL,PL
2022-05-10 16:42:39,DB,IG
2022-05-10 16:42:39,DB,MTP
2022-05-10 16:42:39,DB,LL
2022-05-10 16:42:39,MGB,MWB
2022-05-10 16:42:39,MCM,MGB
2022-05-10 16:42:39,IG,MGB
2022-05-10 16:42:39,MTP,MZ
2022-05-10 16:42:40,MZ,PL
2022-05-10 16:42:40,MWB,MZ
2022-05-10 16:42:40,IG,MCM
2022-05-10 16:42:40,IG,LL
2022-05-10 16:42:40,MCM,MTP
2022-05-10 16:42:40,MTP,MZ
2022-05-10 16:42:40,LL,MTP
2022-05-10 16:42:40,DB,IG
2022-05-10 16:42:40,MCM,MGB
2022-05-10 16:42:40,MCM,MWB
2022-05-10 16:42:40,MGB,MTP
2022-05-10 16:42:40,IG,MZ
2022-05-10 16:42:40,MWB,PL
2022-05-10 16:42:40,LL,PL
2022-05-10 16:42:40,IG,MWB
2022-05-10 16:42:40,MGB,MWB
2022-05-10 16:42:40,DB,MTP
2022-05-10 16:42:40,LL,MWB
2022-05-10 16:42:40,MCM,MZ
2022-05-10 16:42:40,DB,MGB
2022-05-10 16:42:40,LL,MCM
2022-05-10 16:42:40,DB,PL
2022-05-10 16:42:40,DB,LL
2022-05-10 16:42:40,MGB,MZ
2022-05-10 16:42:40,MGB,PL
2022-05-10 16:42:40,MTP,PL
2022-05-10 16:42:40,IG,MGB
2022-05-10 16:42:40,DB,MCM
2022-05-10 16:42:40,MCM,PL
2022-05-10 16:42:40,IG,PL
2022-05-10 16:42:40,MTP,MWB
2022-05-10 16:42:40,LL,MZ
2022-05-10 16:42:40,LL,MGB
2022-05-10 16:42:40,IG,MTP
2022-05-10 16:42:41,MCM,PL
2022-05-10 16:42:41,DB,LL
2022-05-10 16:42:41,DB,PL
2022-05-10 16:42:41,IG,MTP
2022-05-10 16:42:41,MCM,MZ
2022-05-10 16:42:41,MCM,MTP
2022-05-10 16:42:41,IG,MWB
2022-05-10 16:42:41,MGB,PL
2022-05-10 16:42:41,LL,MCM
2022-05-10 16:42:41,LL,MZ
2022-05-10 16:42:41,IG,MCM
2022-05-10 16:42:41,LL,MTP
2022-05-10 16:42:41,MGB,MTP
2022-05-10 16:42:41,IG,PL
2022-05-10 16:42:41,MTP,PL
2022-05-10 16:42:41,IG,MZ
2022-05-10 16:42:41,DB,MCM
2022-05-10 16:42:41,IG,LL
2022-05-10 16:42:41,LL,MGB
2022-05-10 16:42:41,MGB,MZ
2022-05-10 16:42:41,MWB,PL
2022-05-10 16:42:41,MGB,MWB
2022-05-10 16:42:41,MCM,MWB
2022-05-10 16:42:41,LL,MWB
2022-05-10 16:42:41,DB,MTP
2022-05-10 16:42:41,DB,MGB
2022-05-10 16:42:41,MZ,PL
2022-05-10 16:42:41,MWB,MZ
2022-05-10 16:42:41,MTP,MZ
2022-05-10 16:42:41,DB,IG
2022-05-10 16:42:41,LL,PL
2022-05-10 16:42:41,MTP,MWB
2022-05-10 16:42:41,MCM,MGB
2022-05-10 16:42:41,IG,MGB
2022-05-10 16:42:42,MWB,MZ
2022-05-10 16:42:42,MCM,PL
2022-05-10 16:42:42,MWB,PL
2022-05-10 16:42:42,MTP,MZ
2022-05-10 16:42:42,IG,PL
2022-05-10 16:42:42,IG,LL
2022-05-10 16:42:42,IG,MCM
2022-05-10 16:42:42,LL,MZ
2022-05-10 16:42:42,MGB,PL
2022-05-10 16:42:42,IG,MWB
2022-05-10 16:42:42,IG,MTP
2022-05-10 16:42:42,MCM,MZ
2022-05-10 16:42:42,DB,PL
2022-05-10 16:42:42,LL,MWB
2022-05-10 16:42:42,MTP,PL
2022-05-10 16:42:42,LL,PL
2022-05-10 16:42:42,DB,MTP
2022-05-10 16:42:42,DB,MGB
2022-05-10 16:42:42,IG,MGB
2022-05-10 16:42:42,MGB,MZ
2022-05-10 16:42:42,LL,MCM
2022-05-10 16:42:42,DB,MCM
2022-05-10 16:42:42,LL,MGB
2022-05-10 16:42:42,IG,MZ
2022-05-10 16:42:42,MGB,MWB
2022-05-10 16:42:42,MTP,MWB
2022-05-10 16:42:42,MCM,MTP
2022-05-10 16:42:42,LL,MTP
2022-05-10 16:42:42,MCM,MGB
2022-05-10 16:42:42,DB,LL
2022-05-10 16:42:42,MZ,PL
2022-05-10 16:42:42,MCM,MWB
2022-05-10 16:42:42,MGB,MTP
2022-05-10 16:42:43,MCM,MTP
2022-05-10 16:42:43,MGB,PL
2022-05-10 16:42:43,MCM,MZ
2022-05-10 16:42:43,DB,PL
2022-05-10 16:42:43,MCM,MWB
2022-05-10 16:42:43,IG,MZ
2022-05-10 16:42:43,MZ,PL
2022-05-10 16:42:43,DB,MTP
2022-05-10 16:42:43,IG,PL
2022-05-10 16:42:43,MGB,MZ
2022-05-10 16:42:43,MTP,MWB
2022-05-10 16:42:43,IG,MCM
2022-05-10 16:42:43,DB,MGB
2022-05-10 16:42:43,MCM,PL
2022-05-10 16:42:43,LL,MCM
2022-05-10 16:42:43,MWB,PL
2022-05-10 16:42:43,LL,PL
2022-05-10 16:42:43,IG,LL
2022-05-10 16:42:43,LL,MZ
2022-05-10 16:42:43,MTP,MZ
2022-05-10 16:42:43,MGB,MTP
2022-05-10 16:42:43,LL,MWB
2022-05-10 16:42:43,IG,MGB
2022-05-10 16:42:43,IG,MWB
2022-05-10 16:42:43,MCM,MGB
2022-05-10 16:42:43,LL,MTP
2022-05-10 16:42:43,MWB,MZ
2022-05-10 16:42:43,MGB,MWB
2022-05-10 16:42:43,DB,MCM
2022-05-10 16:42:43,DB,LL
2022-05-10 16:42:43,MTP,PL
2022-05-10 16:42:43,LL,MGB
2022-05-10 16:42:43,IG,MTP
2022-05-10 16:42:44,IG,PL
2022-05-10 16:42:44,LL,MCM
2022-05-10 16:42:44,MCM,MTP
2022-05-10 16:42:44,MTP,MWB
2022-05-10 16:42:44,MGB,MTP
2022-05-10 16:42:44,DB,MGB
2022-05-10 16:42:44,LL,MGB
2022-05-10 16:42:44,MTP,PL
2022-05-10 16:42:44,MCM,MWB
2022-05-10 16:42:44,LL,MZ
2022-05-10 16:42:44,LL,PL
2022-05-10 16:42:44,MCM,MGB
2022-05-10 16:42:44,DB,MTP
2022-05-10 16:42:44,IG,MZ
2022-05-10 16:42:44,DB,MCM
2022-05-10 16:42:44,MWB,PL
2022-05-10 16:42:44,IG,MCM
2022-05-10 16:42:44,IG,MTP
2022-05-10 16:42:44,DB,LL
2022-05-10 16:42:44,DB,PL
2022-05-10 16:42:44,IG,MGB
2022-05-10 16:42:44,MGB,MZ
2022-05-10 16:42:44,MZ,PL
2022-05-10 16:42:44,LL,MWB
2022-05-10 16:42:44,LL,MTP
2022-05-10 16:42:44,IG,LL
2022-05-10 16:42:44,MWB,MZ
2022-05-10 16:42:44,MCM,MZ
2022-05-10 16:42:44,MTP,MZ
2022-05-10 16:42:44,IG,MWB
2022-05-10 16:42:44,MCM,PL
2022-05-10 16:42:44,MGB,MWB
2022-05-10 16:42:44,MGB,PL
2022-05-10 16:42:45,IG,MZ
2022-05-10 16:42:45,MWB,PL
2022-05-10 16:42:45,LL,PL
2022-05-10 16:42:45,LL,MTP
2022-05-10 16:42:45,IG,MGB
2022-05-10 16:42:45,MZ,PL
2022-05-10 16:42:45,MCM,PL
2022-05-10 16:42:45,LL,MZ
2022-05-10 16:42:45,DB,MCM
2022-05-10 16:42:45,MWB,MZ
2022-05-10 16:42:45,DB,MTP
2022-05-10 16:42:45,LL,MGB
2022-05-10 16:42:45,DB,PL
2022-05-10 16:42:45,MGB,PL
2022-05-10 16:42:45,DB,LL
2022-05-10 16:42:45,IG,MTP
2022-05-10 16:42:45,MGB,MTP
2022-05-10 16:42:45,IG,MWB
2022-05-10 16:42:45,IG,PL
2022-05-10 16:42:45,IG,LL
2022-05-10 16:42:45,MCM,MZ
2022-05-10 16:42:45,LL,MCM
2022-05-10 16:42:45,IG,MCM
2022-05-10 16:42:45,LL,MWB
2022-05-10 16:42:45,MTP,PL
2022-05-10 16:42:45,MGB,MZ
2022-05-10 16:42:45,MCM,MWB
2022-05-10 16:42:45,DB,MGB
2022-05-10 16:42:45,MTP,MWB
2022-05-10 16:42:45,MCM,MTP
2022-05-10 16:42:45,MTP,MZ
2022-05-10 16:42:45,MGB,MWB
2022-05-10 16:42:45,MCM,MGB
2022-05-10 16:42:46,LL,PL
2022-05-10 16:42:46,IG,PL
2022-05-10 16:42:46,MTP,MZ
2022-05-10 16:42:46,IG,LL
2022-05-10 16:42:46,DB,MTP
2022-05-10 16:42:46,MCM,MGB
2022-05-10 16:42:46,MGB,MZ
2022-05-10 16:42:46,LL,MWB
2022-05-10 16:42:46,LL,MZ
2022-05-10 16:42:46,IG,MCM
2022-05-10 16:42:46,LL,MGB
2022-05-10 16:42:46,MCM,MZ
2022-05-10 16:42:46,IG,MWB
2022-05-10 16:42:46,MCM,MTP
2022-05-10 16:42:46,MCM,MWB
2022-05-10 16:42:46,IG,MTP
2022-05-10 16:42:46,MGB,MWB
2022-05-10 16:42:46,MGB,PL
2022-05-10 16:42:46,DB,PL
2022-05-10 16:42:46,MGB,MTP
2022-05-10 16:42:46,MTP,PL
2022-05-10 16:42:46,MZ,PL
2022-05-10 16:42:46,IG,MGB
2022-05-10 16:42:46,DB,LL
2022-05-10 16:42:46,MWB,PL
2022-05-10 16:42:46,DB,MGB
2022-05-10 16:42:46,DB,MCM
2022-05-10 16:42:46,MTP,MWB
2022-05-10 16:42:46,IG,MZ
2022-05-10 16:42:46,LL,MCM
2022-05-10 16:42:46,LL,MTP
2022-05-10 16:42:46,MWB,MZ
2022-05-10 16:42:46,MCM,PL
2022-05-10 16:42:47,IG,MZ
2022-05-10 16:42:47,MCM,MZ
2022-05-10 16:42:47,MWB,PL
2022-05-10 16:42:47,IG,MCM
2022-05-10 16:42:47,LL,MZ
2022-05-10 16:42:47,LL,MWB
2022-05-10 16:42:47,LL,MGB
2022-05-10 16:42:47,MCM,MTP
2022-05-10 16:42:47,MCM,PL
2022-05-10 16:42:47,MCM,MWB
2022-05-10 16:42:47,MGB,MTP
2022-05-10 16:42:47,IG,MTP
2022-05-10 16:42:47,DB,MCM
2022-05-10 16:42:47,DB,MGB
2022-05-10 16:42:47,MGB,PL
2022-05-10 16:42:47,MTP,PL
2022-05-10 16:42:47,MGB,MWB
2022-05-10 16:42:47,DB,PL
2022-05-10 16:42:47,MTP,MWB
2022-05-10 16:42:47,IG,MWB
2022-05-10 16:42:47,LL,MCM
2022-05-10 16:42:47,MCM,MGB
2022-05-10 16:42:47,MTP,MZ
2022-05-10 16:42:47,MGB,MZ
2022-05-10 16:42:47,IG,LL
2022-05-10 16:42:47,MWB,MZ
2022-05-10 16:42:47,MZ,PL
2022-05-10 16:42:47,DB,LL
2022-05-10 16:42:47,LL,PL
2022-05-10 16:42:47,IG,MGB
2022-05-10 16:42:47,LL,MTP
2022-05-10 16:42:47,IG,PL
2022-05-10 16:42:47,DB,MTP
2022-05-10 16:42:48,MTP,PL
2022-05-10 16:42:48,IG,MTP
2022-05-10 16:42:48,LL,MTP
2022-05-10 16:42:48,DB,MCM
2022-05-10 16:42:48,MGB,PL
2022-05-10 16:42:48,MZ,PL
2022-05-10 16:42:48,MGB,MWB
2022-05-10 16:42:48,IG,MGB
2022-05-10 16:42:48,IG,PL
2022-05-10 16:42:48,IG,MZ
2022-05-10 16:42:48,MTP,MWB
2022-05-10 16:42:48,DB,LL
2022-05-10 16:42:48,MCM,PL
2022-05-10 16:42:48,MGB,MTP
2022-05-10 16:42:48,IG,MCM
2022-05-10 16:42:48,DB,PL
2022-05-10 16:42:48,MWB,MZ
2022-05-10 16:42:48,DB,MGB
2022-05-10 16:42:48,LL,MZ
2022-05-10 16:42:48,MWB,PL
2022-05-10 16:42:48,MCM,MTP
2022-05-10 16:42:48,MCM,MGB
2022-05-10 16:42:48,MCM,MZ
2022-05-10 16:42:48,MCM,MWB
2022-05-10 16:42:48,LL,PL
2022-05-10 16:42:48,LL,MGB
2022-05-10 16:42:48,DB,MTP
2022-05-10 16:42:48,IG,MWB
2022-05-10 16:42:48,IG,LL
2022-05-10 16:42:48,LL,MCM
2022-05-10 16:42:48,MGB,MZ
2022-05-10 16:42:48,MTP,MZ
2022-05-10 16:42:48,LL,MWB
2022-05-10 16:42:49,IG,PL
2022-05-10 16:42:49,MCM,MTP
2022-05-10 16:42:49,MTP,MWB
2022-05-10 16:42:49,MGB,PL
2022-05-10 16:42:49,MCM,PL
2022-05-10 16:42:49,MWB,MZ
2022-05-10 16:42:49,LL,MCM
2022-05-10 16:42:49,LL,MTP
2022-05-10 16:42:49,IG,MGB
2022-05-10 16:42:49,MZ,PL
2022-05-10 16:42:49,DB,PL
2022-05-10 16:42:49,IG,LL
2022-05-10 16:42:49,MTP,MZ
2022-05-10 16:42:49,MGB,MZ
2022-05-10 16:42:49,LL,MWB
2022-05-10 16:42:49,MCM,MZ
2022-05-10 16:42:49,IG,MWB
2022-05-10 16:42:49,MGB,MTP
2022-05-10 16:42:49,IG,MTP
2022-05-10 16:42:49,DB,LL
2022-05-10 16:42:49,DB,MGB
2022-05-10 16:42:49,MGB,MWB
2022-05-10 16:42:49,MCM,MGB
2022-05-10 16:42:49,MTP,PL
2022-05-10 16:42:49,LL,MZ
2022-05-10 16:42:49,MWB,PL
2022-05-10 16:42:49,DB,MTP
2022-05-10 16:42:49,MCM,MWB
2022-05-10 16:42:49,LL,PL
2022-05-10 16:42:49,DB,MCM
2022-05-10 16:42:49,IG,MCM
2022-05-10 16:42:49,IG,MZ
2022-05-10 16:42:49,LL,MGB
2022-05-10 16:42:50,LL,MWB
2022-05-10 16:42:50,MCM,MZ
2022-05-10 16:42:50,IG,MWB
2022-05-10 16:42:50,LL,MGB
2022-05-10 16:42:50,MGB,MTP
2022-05-10 16:42:50,MCM,MWB
2022-05-10 16:42:50,IG,MTP
2022-05-10 16:42:50,IG,MZ
2022-05-10 16:42:50,MCM,MGB
2022-05-10 16:42:50,LL,MZ
2022-05-10 16:42:50,IG,LL
2022-05-10 16:42:50,MTP,MZ
2022-05-10 16:42:50,MGB,PL
2022-05-10 16:42:50,DB,MTP
2022-05-10 16:42:50,DB,PL
2022-05-10 16:42:50,LL,PL
2022-05-10 16:42:50,MZ,PL
2022-05-10 16:42:50,LL,MTP
2022-05-10 16:42:50,DB,MCM
2022-05-10 16:42:50,LL,MCM
2022-05-10 16:42:50,MWB,PL
2022-05-10 16:42:50,MWB,MZ
2022-05-10 16:42:50,IG,MGB
2022-05-10 16:42:50,MCM,PL
2022-05-10 16:42:50,MGB,MZ
2022-05-10 16:42:50,MTP,MWB
2022-05-10 16:42:50,DB,MGB
2022-05-10 16:42:50,MCM,MTP
2022-05-10 16:42:50,DB,LL
2022-05-10 16:42:50,IG,MCM
2022-05-10 16:42:50,MTP,PL
2022-05-10 16:42:50,MGB,MWB
2022-05-10 16:42:50,IG,PL
2022-05-10 16:42:51,MGB,MTP
2022-05-10 16:42:51,LL,MCM
2022-05-10 16:42:51,DB,MGB
2022-05-10 16:42:51,LL,MWB
2022-05-10 16:42:51,MTP,PL
2022-05-10 16:42:51,IG,PL
2022-05-10 16:42:51,DB,PL
2022-05-10 16:42:51,DB,MCM
2022-05-10 16:42:51,LL,MGB
2022-05-10 16:42:51,MGB,MWB
2022-05-10 16:42:51,LL,PL
2022-05-10 16:42:51,DB,LL
2022-05-10 16:42:51,LL,MTP
2022-05-10 16:42:51,MCM,MZ
2022-05-10 16:42:51,MZ,PL
2022-05-10 16:42:51,IG,MTP
2022-05-10 16:42:51,MCM,MGB
2022-05-10 16:42:51,LL,MZ
2022-05-10 16:42:51,DB,MTP
2022-05-10 16:42:51,IG,MCM
2022-05-10 16:42:51,MGB,MZ
2022-05-10 16:42:51,MCM,PL
2022-05-10 16:42:51,MTP,MWB
2022-05-10 16:42:51,IG,LL
2022-05-10 16:42:51,MCM,MWB
2022-05-10 16:42:51,IG,MGB
2022-05-10 16:42:51,MGB,PL
2022-05-10 16:42:51,MTP,MZ
2022-05-10 16:42:51,MWB,PL
2022-05-10 16:42:51,IG,MZ
2022-05-10 16:42:51,MCM,MTP
2022-05-10 16:42:51,MWB,MZ
2022-05-10 16:42:51,IG,MWB
2022-05-10 16:42:52,LL,MZ
2022-05-10 16:42:52,MCM,MZ
2022-05-10 16:42:52,LL,PL
2022-05-10 16:42:52,IG,LL
2022-05-10 16:42:52,DB,MTP
2022-05-10 16:42:52,IG,PL
2022-05-10 16:42:52,MTP,MZ
2022-05-10 16:42:52,IG,MWB
2022-05-10 16:42:52,LL,MWB
2022-05-10 16:42:52,MGB,MZ
2022-05-10 16:42:52,MCM,MGB
2022-05-10 16:42:52,MCM,MTP
2022-05-10 16:42:52,MWB,PL
2022-05-10 16:42:52,IG,MGB
2022-05-10 16:42:52,DB,MGB
2022-05-10 16:42:52,MCM,PL
2022-05-10 16:42:52,MTP,MWB
2022-05-10 16:42:52,MGB,PL
2022-05-10 16:42:52,IG,MZ
2022-05-10 16:42:52,MWB,MZ
2022-05-10 16:42:52,MCM,MWB
2022-05-10 16:42:52,MZ,PL
2022-05-10 16:42:52,IG,MTP
2022-05-10 16:42:52,LL,MCM
2022-05-10 16:42:52,IG,MCM
2022-05-10 16:42:52,MTP,PL
2022-05-10 16:42:52,DB,PL
2022-05-10 16:42:52,LL,MGB
2022-05-10 16:42:52,MGB,MWB
2022-05-10 16:42:52,MGB,MTP
2022-05-10 16:42:52,LL,MTP
2022-05-10 16:42:52,DB,MCM
2022-05-10 16:42:53,LL,MCM
2022-05-10 16:42:53,IG,MGB
2022-05-10 16:42:53,LL,MTP
2022-05-10 16:42:53,LL,PL
2022-05-10 16:42:53,MCM,PL
2022-05-10 16:42:53,IG,LL
2022-05-10 16:42:53,DB,MCM
2022-05-10 16:42:53,DB,MTP
2022-05-10 16:42:53,MTP,MWB
2022-05-10 16:42:53,MWB,MZ
2022-05-10 16:42:53,IG,PL
2022-05-10 16:42:53,MWB,PL
2022-05-10 16:42:53,IG,MCM
2022-05-10 16:42:53,MZ,PL
2022-05-10 16:42:53,LL,MZ
2022-05-10 16:42:53,LL,MWB
2022-05-10 16:42:53,IG,MTP
2022-05-10 16:42:53,IG,MZ
2022-05-10 16:42:53,MCM,MZ
2022-05-10 16:42:53,MTP,PL
2022-05-10 16:42:53,MTP,MZ
2022-05-10 16:42:53,IG,MWB
2022-05-10 16:42:53,MGB,MWB
2022-05-10 16:42:53,MCM,MWB
2022-05-10 16:42:53,MCM,MTP
2022-05-10 16:42:53,DB,PL
2022-05-10 16:42:53,MGB,MZ
2022-05-10 16:42:53,DB,MGB
2022-05-10 16:42:53,MCM,MGB
2022-05-10 16:42:53,LL,MGB
2022-05-10 16:42:53,MGB,MTP
2022-05-10 16:42:53,MGB,PL
2022-05-10 16:42:54,IG,MTP
2022-05-10 16:42:54,MWB,PL
2022-05-10 16:42:54,MCM,MGB
2022-05-10 16:42:54,LL,MZ
2022-05-10 16:42:54,DB,PL
2022-05-10 16:42:54,LL,MTP
2022-05-10 16:42:54,MWB,MZ
2022-05-10 16:42:54,IG,MZ
2022-05-10 16:42:54,MTP,MWB
2022-05-10 16:42:54,MGB,PL
2022-05-10 16:42:54,DB,MGB
2022-05-10 16:42:54,MCM,PL
2022-05-10 16:42:54,IG,MGB
2022-05-10 16:42:54,MCM,MWB
2022-05-10 16:42:54,MGB,MWB
2022-05-10 16:42:54,MGB,MTP
2022-05-10 16:42:54,LL,MGB
2022-05-10 16:42:54,IG,MCM
2022-05-10 16:42:54,LL,MWB
2022-05-10 16:42:54,MCM,MZ
2022-05-10 16:42:54,LL,PL
2022-05-10 16:42:54,IG,MWB
2022-05-10 16:42:54,IG,PL
2022-05-10 16:42:54,MCM,MTP
2022-05-10 16:42:54,MTP,MZ
2022-05-10 16:42:54,MGB,MZ
2022-05-10 16:42:54,IG,LL
2022-05-10 16:42:54,LL,MCM
2022-05-10 16:42:54,MZ,PL
2022-05-10 16:42:54,MTP,PL
2022-05-10 16:42:54,DB,MCM
2022-05-10 16:42:55,MGB,PL
2022-05-10 16:42:55,MGB,MZ
2022-05-10 16:42:55,DB,PL
2022-05-10 16:42:55,LL,MGB
2022-05-10 16:42:55,MCM,PL
2022-05-10 16:42:55,DB,MCM
2022-05-10 16:42:55,MTP,MWB
2022-05-10 16:42:55,IG,MZ
2022-05-10 16:42:55,IG,MGB
2022-05-10 16:42:55,DB,MGB
2022-05-10 16:42:55,IG,LL
2022-05-10 16:42:55,MWB,MZ
2022-05-10 16:42:55,MGB,MTP
2022-05-10 16:42:55,MGB,MWB
2022-05-10 16:42:55,LL,PL
2022-05-10 16:42:55,IG,PL
2022-05-10 16:42:55,LL,MTP
2022-05-10 16:42:55,MZ,PL
2022-05-10 16:42:55,MTP,MZ
2022-05-10 16:42:55,LL,MWB
2022-05-10 16:42:55,LL,MZ
2022-05-10 16:42:55,IG,MCM
2022-05-10 16:42:55,MCM,MGB
2022-05-10 16:42:55,MCM,MTP
2022-05-10 16:42:55,IG,MTP
2022-05-10 16:42:55,MWB,PL
2022-05-10 16:42:55,MTP,PL
2022-05-10 16:42:55,LL,MCM
2022-05-10 16:42:55,MCM,MZ
2022-05-10 16:42:55,IG,MWB
2022-05-10 16:42:55,MCM,MWB
2022-05-10 16:42:56,DB,PL
2022-05-10 16:42:56,MGB,MTP
2022-05-10 16:42:56,IG,MZ
2022-05-10 16:42:56,IG,MGB
2022-05-10 16:42:56,IG,MCM
2022-05-10 16:42:56,MTP,MWB
2022-05-10 16:42:56,IG,LL
2022-05-10 16:42:56,IG,MWB
2022-05-10 16:42:56,LL,MZ
2022-05-10 16:42:56,MTP,PL
2022-05-10 16:42:56,IG,PL
2022-05-10 16:42:56,DB,MCM
2022-05-10 16:42:56,MCM,MTP
2022-05-10 16:42:56,LL,MWB
2022-05-10 16:42:56,MGB,PL
2022-05-10 16:42:56,MCM,MZ
2022-05-10 16:42:56,LL,PL
2022-05-10 16:42:56,LL,MCM
2022-05-10 16:42:56,MWB,MZ
2022-05-10 16:42:56,MWB,PL
2022-05-10 16:42:56,MCM,MWB
2022-05-10 16:42:56,MTP,MZ
2022-05-10 16:42:56,MGB,MZ
2022-05-10 16:42:56,MZ,PL
2022-05-10 16:42:56,DB,MGB
2022-05-10 16:42:56,MCM,MGB
2022-05-10 16:42:56,MGB,MWB
2022-05-10 16:42:56,MCM,PL
2022-05-10 16:42:56,LL,MGB
2022-05-10 16:42:56,LL,MTP
2022-05-10 16:42:56,IG,MTP
2022-05-10 16:42:57,MCM,MTP
2022-05-10 16:42:57,DB,PL
2022-05-10 16:42:57,MTP,PL
2022-05-10 16:42:57,MWB,PL
2022-05-10 16:42:57,IG,MGB
2022-05-10 16:42:57,LL,MCM
2022-05-10 16:42:57,LL,MGB
2022-05-10 16:42:57,MTP,MZ
2022-05-10 16:42:57,MTP,MWB
2022-05-10 16:42:57,IG,MTP
2022-05-10 16:42:57,DB,MGB
2022-05-10 16:42:57,LL,PL
2022-05-10 16:42:57,MCM,PL
2022-05-10 16:42:57,MZ,PL
2022-05-10 16:42:57,MGB,MZ
2022-05-10 16:42:57,MCM,MGB
2022-05-10 16:42:57,MWB,MZ
2022-05-10 16:42:57,MCM,MZ
2022-05-10 16:42:57,MGB,PL
2022-05-10 16:42:57,LL,MTP
2022-05-10 16:42:57,DB,MCM
2022-05-10 16:42:57,LL,MZ
2022-05-10 16:42:57,IG,MWB
2022-05-10 16:42:57,IG,LL
2022-05-10 16:42:57,IG,MZ
2022-05-10 16:42:57,MGB,MTP
2022-05-10 16:42:57,IG,MCM
2022-05-10 16:42:57,MCM,MWB
2022-05-10 16:42:57,MGB,MWB
2022-05-10 16:42:57,LL,MWB
2022-05-10 16:42:57,IG,PL
2022-05-10 16:42:58,LL,MZ
2022-05-10 16:42:58,MGB,MWB
2022-05-10 16:42:58,MCM,PL
2022-05-10 16:42:58,MTP,PL
2022-05-10 16:42:58,IG,MTP
2022-05-10 16:42:58,LL,MWB
2022-05-10 16:42:58,IG,LL
2022-05-10 16:42:58,MGB,MTP
2022-05-10 16:42:58,LL,MTP
2022-05-10 16:42:58,MWB,MZ
2022-05-10 16:42:58,IG,MWB
2022-05-10 16:42:58,IG,MGB
2022-05-10 16:42:58,LL,MGB
2022-05-10 16:42:58,LL,PL
2022-05-10 16:42:58,DB,MCM
2022-05-10 16:42:58,MCM,MGB
2022-05-10 16:42:58,MZ,PL
2022-05-10 16:42:58,MGB,MZ
2022-05-10 16:42:58,MCM,MZ
2022-05-10 16:42:58,MGB,PL
2022-05-10 16:42:58,IG,PL
2022-05-10 16:42:58,IG,MZ
2022-05-10 16:42:58,IG,MCM
2022-05-10 16:42:58,DB,MGB
2022-05-10 16:42:58,MWB,PL
2022-05-10 16:42:58,MTP,MWB
2022-05-10 16:42:58,MCM,MTP
2022-05-10 16:42:58,MCM,MWB
2022-05-10 16:42:58,LL,MCM
2022-05-10 16:42:58,MTP,MZ
2022-05-10 16:42:58,DB,PL
2022-05-10 16:42:59,LL,MZ
2022-05-10 16:42:59,DB,PL
2022-05-10 16:42:59,LL,MTP
2022-05-10 16:42:59,MGB,PL
2022-05-10 16:42:59,MGB,MWB
2022-05-10 16:42:59,MCM,MZ
2022-05-10 16:42:59,MGB,MZ
2022-05-10 16:42:59,MWB,MZ
2022-05-10 16:42:59,MCM,MGB
2022-05-10 16:42:59,IG,MWB
2022-05-10 16:42:59,IG,MGB
2022-05-10 16:42:59,MZ,PL
2022-05-10 16:42:59,IG,PL
2022-05-10 16:42:59,IG,MCM
2022-05-10 16:42:59,IG,MZ
2022-05-10 16:42:59,MGB,MTP
2022-05-10 16:42:59,MCM,MTP
2022-05-10 16:42:59,MTP,MWB
2022-05-10 16:42:59,MTP,PL
2022-05-10 16:42:59,LL,MCM
2022-05-10 16:42:59,IG,MTP
2022-05-10 16:42:59,LL,MWB
2022-05-10 16:42:59,LL,MGB
2022-05-10 16:42:59,DB,MGB
2022-05-10 16:42:59,LL,PL
2022-05-10 16:42:59,IG,LL
2022-05-10 16:42:59,MCM,MWB
2022-05-10 16:42:59,DB,MCM
2022-05-10 16:42:59,MCM,PL
2022-05-10 16:42:59,MTP,MZ
2022-05-10 16:42:59,MWB,PL
2022-05-10 16:43:00,MGB,MWB
2022-05-10 16:43:00,DB,MGB
2022-05-10 16:43:00,IG,MWB
2022-05-10 16:43:00,MTP,MZ
2022-05-10 16:43:00,LL,MZ
2022-05-10 16:43:00,MGB,PL
2022-05-10 16:43:00,MCM,MZ
2022-05-10 16:43:00,MTP,PL
2022-05-10 16:43:00,IG,MCM
2022-05-10 16:43:00,LL,PL
2022-05-10 16:43:00,IG,MTP
2022-05-10 16:43:00,MGB,MZ
2022-05-10 16:43:00,MCM,MWB
2022-05-10 16:43:00,MZ,PL
2022-05-10 16:43:00,MWB,PL
2022-05-10 16:43:00,MCM,PL
2022-05-10 16:43:00,LL,MGB
2022-05-10 16:43:00,LL,MWB
2022-05-10 16:43:00,MCM,MGB
2022-05-10 16:43:00,IG,PL
2022-05-10 16:43:00,IG,MZ
2022-05-10 16:43:00,MGB,MTP
2022-05-10 16:43:00,DB,MCM
2022-05-10 16:43:00,LL,MCM
2022-05-10 16:43:00,IG,MGB
2022-05-10 16:43:00,IG,LL
2022-05-10 16:43:00,DB,PL
2022-05-10 16:43:00,MTP,MWB
2022-05-10 16:43:00,MWB,MZ
2022-05-10 16:43:00,MCM,MTP
2022-05-10 16:43:00,LL,MTP
2022-05-10 16:43:01,LL,MCM
2022-05-10 16:43:01,MGB,MWB
2022-05-10 16:43:01,LL,MZ
2022-05-10 16:43:01,IG,MCM
2022-05-10 16:43:01,MTP,MWB
2022-05-10 16:43:01,DB,MCM
2022-05-10 16:43:01,LL,PL
2022-05-10 16:43:01,MWB,PL
2022-05-10 16:43:01,DB,MGB
2022-05-10 16:43:01,MCM,MGB
2022-05-10 16:43:01,MCM,MTP
2022-05-10 16:43:01,MCM,MWB
2022-05-10 16:43:01,IG,MGB
2022-05-10 16:43:01,LL,MGB
2022-05-10 16:43:01,MWB,MZ
2022-05-10 16:43:01,LL,MTP
2022-05-10 16:43:01,DB,PL
2022-05-10 16:43:01,IG,LL
2022-05-10 16:43:01,MGB,MTP
2022-05-10 16:43:01,IG,MZ
2022-05-10 16:43:01,LL,MWB
2022-05-10 16:43:01,IG,PL
2022-05-10 16:43:01,MCM,PL
2022-05-10 16:43:01,IG,MTP
2022-05-10 16:43:01,MGB,PL
2022-05-10 16:43:01,MZ,PL
2022-05-10 16:43:01,MTP,MZ
2022-05-10 16:43:01,MTP,PL
2022-05-10 16:43:01,MCM,MZ
2022-05-10 16:43:01,IG,MWB
2022-05-10 16:43:01,MGB,MZ
2022-05-10 16:43:02,MTP,PL
2022-05-10 16:43:02,MCM,MGB
2022-05-10 16:43:02,IG,LL
2022-05-10 16:43:02,LL,MZ
2022-05-10 16:43:02,LL,PL
2022-05-10 16:43:02,IG,MTP
2022-05-10 16:43:02,DB,MCM
2022-05-10 16:43:02,LL,MTP
2022-05-10 16:43:02,LL,MGB
2022-05-10 16:43:02,MGB,MWB
2022-05-10 16:43:02,IG,MWB
2022-05-10 16:43:02,MTP,MZ
2022-05-10 16:43:02,LL,MWB
2022-05-10 16:43:02,MWB,MZ
2022-05-10 16:43:02,LL,MCM
2022-05-10 16:43:02,MCM,MZ
2022-05-10 16:43:02,MZ,PL
2022-05-10 16:43:02,MGB,PL
2022-05-10 16:43:02,IG,PL
2022-05-10 16:43:02,MCM,PL
2022-05-10 16:43:02,IG,MCM
2022-05-10 16:43:02,IG,MZ
2022-05-10 16:43:02,MGB,MZ
2022-05-10 16:43:02,MGB,MTP
2022-05-10 16:43:02,MWB,PL
2022-05-10 16:43:02,MCM,MWB
2022-05-10 16:43:02,DB,MGB
2022-05-10 16:43:02,DB,PL
2022-05-10 16:43:02,MTP,MWB
2022-05-10 16:43:02,MCM,MTP
2022-05-10 16:43:02,IG,MGB
2022-05-10 16:43:03,LL,MTP
2022-05-10 16:43:03,IG,MZ
2022-05-10 16:43:03,DB,PL
2022-05-10 16:43:03,MCM,PL
2022-05-10 16:43:03,LL,MWB
2022-05-10 16:43:03,IG,MGB
2022-05-10 16:43:03,IG,MTP
2022-05-10 16:43:03,MZ,PL
2022-05-10 16:43:03,IG,MWB
2022-05-10 16:43:03,MGB,MTP
2022-05-10 16:43:03,IG,LL
2022-05-10 16:43:03,MCM,MZ
2022-05-10 16:43:03,LL,MZ
2022-05-10 16:43:03,MTP,MZ
2022-05-10 16:43:03,DB,MCM
2022-05-10 16:43:03,MCM,MTP
2022-05-10 16:43:03,MCM,MGB
2022-05-10 16:43:03,DB,MGB
2022-05-10 16:43:03,MWB,MZ
2022-05-10 16:43:03,LL,PL
2022-05-10 16:43:03,MWB,PL
2022-05-10 16:43:03,MTP,PL
2022-05-10 16:43:03,MTP,MWB
2022-05-10 16:43:03,IG,MCM
2022-05-10 16:43:03,IG,PL
2022-05-10 16:43:03,MGB,MWB
2022-05-10 16:43:03,MGB,PL
2022-05-10 16:43:03,LL,MGB
2022-05-10 16:43:03,LL,MCM
2022-05-10 16:43:03,MGB,MZ
2022-05-10 16:43:03,MCM,MWB
2022-05-10 16:43:04,IG,MTP
2022-05-10 16:43:04,IG,MCM
2022-05-10 16:43:04,DB,PL
2022-05-10 16:43:04,IG,MGB
2022-05-10 16:43:04,IG,LL
2022-05-10 16:43:04,MCM,MTP
2022-05-10 16:43:04,IG,MWB
2022-05-10 16:43:04,MGB,MTP
2022-05-10 16:43:04,MCM,MWB
2022-05-10 16:43:04,DB,MGB
2022-05-10 16:43:04,MGB,MZ
2022-05-10 16:43:04,LL,MTP
2022-05-10 16:43:04,LL,MCM
2022-05-10 16:43:04,MWB,MZ
2022-05-10 16:43:04,MTP,PL
2022-05-10 16:43:04,MTP,MZ
2022-05-10 16:43:04,LL,MWB
2022-05-10 16:43:04,MCM,PL
2022-05-10 16:43:04,MGB,MWB
2022-05-10 16:43:04,MCM,MGB
2022-05-10 16:43:04,MGB,PL
2022-05-10 16:43:04,IG,PL
2022-05-10 16:43:04,MWB,PL
2022-05-10 16:43:04,MZ,PL
2022-05-10 16:43:04,MTP,MWB
2022-05-10 16:43:04,LL,MZ
2022-05-10 16:43:04,IG,MZ
2022-05-10 16:43:04,DB,MCM
2022-05-10 16:43:04,LL,PL
2022-05-10 16:43:04,LL,MGB
2022-05-10 16:43:04,MCM,MZ
2022-05-10 16:43:05,MWB,MZ
2022-05-10 16:43:05,LL,MCM
2022-05-10 16:43:05,IG,MGB
2022-05-10 16:43:05,IG,PL
2022-05-10 16:43:05,MWB,PL
2022-05-10 16:43:05,MCM,MWB
2022-05-10 16:43:05,MGB,MWB
2022-05-10 16:43:05,IG,MWB
2022-05-10 16:43:05,MTP,PL
2022-05-10 16:43:05,LL,PL
2022-05-10 16:43:05,LL,MZ
2022-05-10 16:43:05,MTP,MWB
2022-05-10 16:43:05,IG,MTP
2022-05-10 16:43:05,MGB,PL
2022-05-10 16:43:05,MCM,MGB
2022-05-10 16:43:05,IG,LL
2022-05-10 16:43:05,LL,MWB
2022-05-10 16:43:05,MGB,MZ
2022-05-10 16:43:05,LL,MTP
2022-05-10 16:43:05,MCM,MTP
2022-05-10 16:43:05,DB,MCM
2022-05-10 16:43:05,DB,MGB
2022-05-10 16:43:05,LL,MGB
2022-05-10 16:43:05,MTP,MZ
2022-05-10 16:43:05,MCM,MZ
2022-05-10 16:43:05,IG,MCM
2022-05-10 16:43:05,MZ,PL
2022-05-10 16:43:05,IG,MZ
2022-05-10 16:43:05,MGB,MTP
2022-05-10 16:43:05,MCM,PL
2022-05-10 16:43:05,DB,PL
2022-05-10 16:43:06,LL,MGB
2022-05-10 16:43:06,MTP,PL
2022-05-10 16:43:06,MGB,MZ
2022-05-10 16:43:06,MCM,MZ
2022-05-10 16:43:06,IG,MZ
2022-05-10 16:43:06,MWB,MZ
2022-05-10 16:43:06,MGB,MTP
2022-05-10 16:43:06,MGB,PL
2022-05-10 16:43:06,MCM,MGB
2022-05-10 16:43:06,MTP,MZ
2022-05-10 16:43:06,LL,MWB
2022-05-10 16:43:06,MWB,PL
2022-05-10 16:43:06,MZ,PL
2022-05-10 16:43:06,LL,MCM
2022-05-10 16:43:06,IG,PL
2022-05-10 16:43:06,DB,MGB
2022-05-10 16:43:06,IG,MTP
2022-05-10 16:43:06,MCM,MWB
2022-05-10 16:43:06,IG,MGB
2022-05-10 16:43:06,MTP,MWB
2022-05-10 16:43:06,IG,MCM
2022-05-10 16:43:06,MCM,MTP
2022-05-10 16:43:06,LL,MZ
2022-05-10 16:43:06,MGB,MWB
2022-05-10 16:43:06,DB,PL
2022-05-10 16:43:06,LL,MTP
2022-05-10 16:43:06,IG,MWB
2022-05-10 16:43:06,DB,MCM
2022-05-10 16:43:06,MCM,PL
2022-05-10 16:43:06,IG,LL
2022-05-10 16:43:06,LL,PL
2022-05-10 16:43:07,LL,MWB
2022-05-10 16:43:07,MTP,MZ
2022-05-10 16:43:07,DB,MCM
2022-05-10 16:43:07,IG,MGB
2022-05-10 16:43:07,DB,MGB
2022-05-10 16:43:07,LL,MTP
2022-05-10 16:43:07,MWB,MZ
2022-05-10 16:43:07,MGB,MWB
2022-05-10 16:43:07,MCM,PL
2022-05-10 16:43:07,LL,MCM
2022-05-10 16:43:07,MGB,MZ
2022-05-10 16:43:07,LL,PL
2022-05-10 16:43:07,MTP,PL
2022-05-10 16:43:07,MTP,MWB
2022-05-10 16:43:07,MCM,MWB
2022-05-10 16:43:07,DB,PL
2022-05-10 16:43:07,LL,MGB
2022-05-10 16:43:07,MCM,MZ
2022-05-10 16:43:07,IG,MZ
2022-05-10 16:43:07,IG,MTP
2022-05-10 16:43:07,IG,LL
2022-05-10 16:43:07,LL,MZ
2022-05-10 16:43:07,IG,MWB
2022-05-10 16:43:07,MGB,PL
2022-05-10 16:43:07,MCM,MGB
2022-05-10 16:43:07,MCM,MTP
2022-05-10 16:43:07,MWB,PL
2022-05-10 16:43:07,MZ,PL
2022-05-10 16:43:07,IG,PL
2022-05-10 16:43:07,IG,MCM
2022-05-10 16:43:07,MGB,MTP
2022-05-10 16:43:08,LL,MGB
2022-05-10 16:43:08,MWB,MZ
2022-05-10 16:43:08,MTP,PL
2022-05-10 16:43:08,MCM,MWB
2022-05-10 16:43:08,MGB,MTP
2022-05-10 16:43:08,IG,MZ
2022-05-10 16:43:08,LL,MCM
2022-05-10 16:43:08,IG,LL
2022-05-10 16:43:08,DB,MCM
2022-05-10 16:43:08,DB,MGB
2022-05-10 16:43:08,MGB,PL
2022-05-10 16:43:08,IG,MCM
2022-05-10 16:43:08,DB,PL
2022-05-10 16:43:08,LL,MZ
2022-05-10 16:43:08,IG,MWB
2022-05-10 16:43:08,LL,PL
2022-05-10 16:43:08,MTP,MWB
2022-05-10 16:43:08,MCM,MZ
2022-05-10 16:43:08,IG,MTP
2022-05-10 16:43:08,MWB,PL
2022-05-10 16:43:08,IG,PL
2022-05-10 16:43:08,MCM,MGB
2022-05-10 16:43:08,LL,MWB
2022-05-10 16:43:08,MGB,MWB
2022-05-10 16:43:08,MCM,MTP
2022-05-10 16:43:08,MTP,MZ
2022-05-10 16:43:08,MCM,PL
2022-05-10 16:43:08,LL,MTP
2022-05-10 16:43:08,MGB,MZ
2022-05-10 16:43:08,MZ,PL
2022-05-10 16:43:08,IG,MGB
2022-05-10 16:43:09,DB,MGB
2022-05-10 16:43:09,MGB,MWB
2022-05-10 16:43:09,IG,MCM
2022-05-10 16:43:09,LL,MZ
2022-05-10 16:43:09,MCM,PL
2022-05-10 16:43:09,IG,LL
2022-05-10 16:43:09,MTP,PL
2022-05-10 16:43:09,IG,MWB
2022-05-10 16:43:09,MTP,MWB
2022-05-10 16:43:09,LL,PL
2022-05-10 16:43:09,LL,MTP
2022-05-10 16:43:09,MGB,MTP
2022-05-10 16:43:09,IG,MTP
2022-05-10 16:43:09,MGB,PL
2022-05-10 16:43:09,MCM,MTP
2022-05-10 16:43:09,MGB,MZ
2022-05-10 16:43:09,MTP,MZ
2022-05-10 16:43:09,MCM,MGB
2022-05-10 16:43:09,LL,MWB
2022-05-10 16:43:09,LL,MGB
2022-05-10 16:43:09,DB,MCM
2022-05-10 16:43:09,IG,MZ
2022-05-10 16:43:09,LL,MCM
2022-05-10 16:43:09,MCM,MWB
2022-05-10 16:43:09,MWB,PL
2022-05-10 16:43:09,IG,PL
2022-05-10 16:43:09,MWB,MZ
2022-05-10 16:43:09,DB,PL
2022-05-10 16:43:09,MZ,PL
2022-05-10 16:43:09,MCM,MZ
2022-05-10 16:43:09,IG,MGB
2022-05-10 16:43:10,MTP,PL
2022-05-10 16:43:10,MGB,MTP
2022-05-10 16:43:10,MGB,PL
2022-05-10 16:43:10,MWB,PL
2022-05-10 16:43:10,LL,MCM
2022-05-10 16:43:10,LL,MGB
2022-05-10 16:43:10,LL,MTP
2022-05-10 16:43:10,IG,PL
2022-05-10 16:43:10,MGB,MZ
2022-05-10 16:43:10,DB,MGB
2022-05-10 16:43:10,MZ,PL
2022-05-10 16:43:10,IG,MTP
2022-05-10 16:43:10,MCM,MWB
2022-05-10 16:43:10,MWB,MZ
2022-05-10 16:43:10,MCM,MGB
2022-05-10 16:43:10,MCM,MTP
2022-05-10 16:43:10,MTP,MZ
2022-05-10 16:43:10,DB,MCM
2022-05-10 16:43:10,IG,MGB
2022-05-10 16:43:10,LL,MWB
2022-05-10 16:43:10,MGB,MWB
2022-05-10 16:43:10,MCM,PL
2022-05-10 16:43:10,DB,PL
2022-05-10 16:43:10,IG,LL
2022-05-10 16:43:10,LL,MZ
2022-05-10 16:43:10,MTP,MWB
2022-05-10 16:43:10,MCM,MZ
2022-05-10 16:43:10,IG,MWB
2022-05-10 16:43:10,IG,MCM
2022-05-10 16:43:10,IG,MZ
2022-05-10 16:43:10,LL,PL
2022-05-10 16:43:11,IG,MCM
2022-05-10 16:43:11,IG,PL
2022-05-10 16:43:11,IG,MZ
2022-05-10 16:43:11,MWB,MZ
2022-05-10 16:43:11,LL,MTP
2022-05-10 16:43:11,MTP,MZ
2022-05-10 16:43:11,LL,MZ
2022-05-10 16:43:11,DB,MCM
2022-05-10 16:43:11,MCM,MGB
2022-05-10 16:43:11,DB,PL
2022-05-10 16:43:11,IG,MGB
2022-05-10 16:43:11,MCM,PL
2022-05-10 16:43:11,MCM,MTP
2022-05-10 16:43:11,MCM,MWB
2022-05-10 16:43:11,MGB,MZ
2022-05-10 16:43:11,IG,LL
2022-05-10 16:43:11,LL,MGB
2022-05-10 16:43:11,MGB,PL
2022-05-10 16:43:11,LL,MCM
2022-05-10 16:43:11,MZ,PL
2022-05-10 16:43:11,MGB,MWB
2022-05-10 16:43:11,MGB,MTP
2022-05-10 16:43:11,MTP,MWB
2022-05-10 16:43:11,MCM,MZ
2022-05-10 16:43:11,MWB,PL
2022-05-10 16:43:11,IG,MTP
2022-05-10 16:43:11,LL,PL
2022-05-10 16:43:11,LL,MWB
2022-05-10 16:43:11,MTP,PL
2022-05-10 16:43:11,IG,MWB
2022-05-10 16:43:11,DB,MGB
2022-05-10 16:43:12,MWB,PL
2022-05-10 16:43:12,MGB,PL
2022-05-10 16:43:12,IG,MZ
2022-05-10 16:43:12,LL,MTP
2022-05-10 16:43:12,IG,MTP
2022-05-10 16:43:12,DB,PL
2022-05-10 16:43:12,MGB,MZ
2022-05-10 16:43:12,MTP,MWB
2022-05-10 16:43:12,LL,MZ
2022-05-10 16:43:12,MCM,MGB
2022-05-10 16:43:12,MTP,MZ
2022-05-10 16:43:12,MCM,PL
2022-05-10 16:43:12,MCM,MZ
2022-05-10 16:43:12,LL,MWB
2022-05-10 16:43:12,IG,PL
2022-05-10 16:43:12,IG,MWB
2022-05-10 16:43:12,IG,MCM
2022-05-10 16:43:12,LL,PL
2022-05-10 16:43:12,MTP,PL
2022-05-10 16:43:12,MWB,MZ
2022-05-10 16:43:12,LL,MGB
2022-05-10 16:43:12,MCM,MTP
2022-05-10 16:43:12,MGB,MTP
2022-05-10 16:43:12,MGB,MWB
2022-05-10 16:43:12,IG,LL
2022-05-10 16:43:12,MCM,MWB
2022-05-10 16:43:12,LL,MCM
2022-05-10 16:43:12,MZ,PL
2022-05-10 16:43:12,IG,MGB
2022-05-10 16:43:12,DB,MCM
2022-05-10 16:43:13,LL,PL
2022-05-10 16:43:13,MTP,PL
2022-05-10 16:43:13,DB,PL
2022-05-10 16:43:13,MWB,MZ
2022-05-10 16:43:13,MGB,MTP
2022-05-10 16:43:13,MTP,MZ
2022-05-10 16:43:13,MZ,PL
2022-05-10 16:43:13,MCM,PL
2022-05-10 16:43:13,MGB,PL
2022-05-10 16:43:13,IG,PL
2022-05-10 16:43:13,MWB,PL
2022-05-10 16:43:13,LL,MCM
2022-05-10 16:43:13,IG,MWB
2022-05-10 16:43:13,LL,MWB
2022-05-10 16:43:13,IG,MTP
2022-05-10 16:43:13,MCM,MGB
2022-05-10 16:43:13,DB,MCM
2022-05-10 16:43:13,LL,MGB
2022-05-10 16:43:13,IG,MZ
2022-05-10 16:43:13,MGB,MWB
2022-05-10 16:43:13,LL,MZ
2022-05-10 16:43:13,IG,MCM
2022-05-10 16:43:13,IG,LL
2022-05-10 16:43:13,LL,MTP
2022-05-10 16:43:13,MGB,MZ
2022-05-10 16:43:13,MCM,MZ
2022-05-10 16:43:13,MCM,MWB
2022-05-10 16:43:13,IG,MGB
2022-05-10 16:43:13,MTP,MWB
2022-05-10 16:43:13,MCM,MTP
2022-05-10 16:43:14,MWB,PL
2022-05-10 16:43:14,MTP,PL
2022-05-10 16:43:14,LL,MCM
2022-05-10 16:43:14,IG,MCM
2022-05-10 16:43:14,IG,MWB
2022-05-10 16:43:14,MTP,MWB
2022-05-10 16:43:14,IG,MTP
2022-05-10 16:43:14,LL,MZ
2022-05-10 16:43:14,MZ,PL
2022-05-10 16:43:14,MGB,MTP
2022-05-10 16:43:14,IG,LL
2022-05-10 16:43:14,MCM,MZ
2022-05-10 16:43:14,LL,PL
2022-05-10 16:43:14,IG,MGB
2022-05-10 16:43:14,MGB,MWB
2022-05-10 16:43:14,MGB,PL
2022-05-10 16:43:14,IG,MZ
2022-05-10 16:43:14,MCM,MGB
2022-05-10 16:43:14,MCM,PL
2022-05-10 16:43:14,MTP,MZ
2022-05-10 16:43:14,MCM,MTP
2022-05-10 16:43:14,DB,PL
2022-05-10 16:43:14,DB,MCM
2022-05-10 16:43:14,LL,MTP
2022-05-10 16:43:14,IG,PL
2022-05-10 16:43:14,LL,MGB
2022-05-10 16:43:14,MCM,MWB
2022-05-10 16:43:14,MWB,MZ
2022-05-10 16:43:14,LL,MWB
2022-05-10 16:43:14,MGB,MZ
2022-05-10 16:43:15,MTP,MZ
2022-05-10 16:43:15,MCM,MGB
2022-05-10 16:43:15,IG,MGB
2022-05-10 16:43:15,MGB,MZ
2022-05-10 16:43:15,IG,LL
2022-05-10 16:43:15,MCM,MZ
2022-05-10 16:43:15,MGB,MWB
2022-05-10 16:43:15,LL,MWB
2022-05-10 16:43:15,MGB,MTP
2022-05-10 16:43:15,LL,MZ
2022-05-10 16:43:15,IG,MZ
2022-05-10 16:43:15,IG,MCM
2022-05-10 16:43:15,LL,MTP
2022-05-10 16:43:15,MZ,PL
2022-05-10 16:43:15,MTP,PL
2022-05-10 16:43:15,MCM,MWB
2022-05-10 16:43:15,DB,MCM
2022-05-10 16:43:15,LL,PL
2022-05-10 16:43:15,MTP,MWB
2022-05-10 16:43:15,MGB,PL
2022-05-10 16:43:15,IG,MWB
2022-05-10 16:43:15,MWB,MZ
2022-05-10 16:43:15,IG,MTP
2022-05-10 16:43:15,LL,MGB
2022-05-10 16:43:15,MWB,PL
2022-05-10 16:43:15,MCM,MTP
2022-05-10 16:43:15,IG,PL
2022-05-10 16:43:15,LL,MCM
2022-05-10 16:43:15,DB,PL
2022-05-10 16:43:15,MCM,PL
2022-05-10 16:43:16,LL,PL
2022-05-10 16:43:16,MGB,MTP
2022-05-10 16:43:16,DB,PL
2022-05-10 16:43:16,LL,MZ
2022-05-10 16:43:16,IG,MCM
2022-05-10 16:43:16,LL,MCM
2022-05-10 16:43:16,LL,MTP
2022-05-10 16:43:16,DB,MCM
2022-05-10 16:43:16,MCM,MTP
2022-05-10 16:43:16,LL,MGB
2022-05-10 16:43:16,MWB,MZ
2022-05-10 16:43:16,MTP,PL
2022-05-10 16:43:16,IG,MWB
2022-05-10 16:43:16,IG,MZ
2022-05-10 16:43:16,MGB,PL
2022-05-10 16:43:16,MCM,MWB
2022-05-10 16:43:16,IG,MTP
2022-05-10 16:43:16,MCM,PL
2022-05-10 16:43:16,MCM,MZ
2022-05-10 16:43:16,IG,LL
2022-05-10 16:43:16,MGB,MZ
2022-05-10 16:43:16,MWB,PL
2022-05-10 16:43:16,MGB,MWB
2022-05-10 16:43:16,IG,PL
2022-05-10 16:43:16,IG,MGB
2022-05-10 16:43:16,MTP,MZ
2022-05-10 16:43:16,MZ,PL
2022-05-10 16:43:16,MTP,MWB
2022-05-10 16:43:16,MCM,MGB
2022-05-10 16:43:16,LL,MWB
2022-05-10 16:43:17,MGB,MWB
2022-05-10 16:43:17,MCM,MTP
2022-05-10 16:43:17,MCM,MGB
2022-05-10 16:43:17,LL,PL
2022-05-10 16:43:17,IG,MGB
2022-05-10 16:43:17,MCM,MWB
2022-05-10 16:43:17,MGB,MZ
2022-05-10 16:43:17,DB,PL
2022-05-10 16:43:17,MGB,MTP
2022-05-10 16:43:17,MCM,MZ
2022-05-10 16:43:17,IG,MCM
2022-05-10 16:43:17,MGB,PL
2022-05-10 16:43:17,MCM,PL
2022-05-10 16:43:17,IG,MTP
2022-05-10 16:43:17,DB,MCM
2022-05-10 16:43:17,LL,MZ
2022-05-10 16:43:17,MZ,PL
2022-05-10 16:43:17,IG,PL
2022-05-10 16:43:17,LL,MTP
2022-05-10 16:43:17,IG,LL
2022-05-10 16:43:17,MWB,PL
2022-05-10 16:43:17,MTP,MWB
2022-05-10 16:43:17,LL,MGB
2022-05-10 16:43:17,MTP,PL
2022-05-10 16:43:17,LL,MCM
2022-05-10 16:43:17,MWB,MZ
2022-05-10 16:43:17,MTP,MZ
2022-05-10 16:43:17,LL,MWB
2022-05-10 16:43:17,IG,MWB
2022-05-10 16:43:17,IG,MZ
2022-05-10 16:43:18,MGB,MTP
2022-05-10 16:43:18,MWB,PL
2022-05-10 16:43:18,MZ,PL
2022-05-10 16:43:18,MGB,MZ
2022-05-10 16:43:18,IG,MGB
2022-05-10 16:43:18,MWB,MZ
2022-05-10 16:43:18,MGB,PL
2022-05-10 16:43:18,IG,MTP
2022-05-10 16:43:18,MCM,MGB
2022-05-10 16:43:18,MCM,MZ
2022-05-10 16:43:18,IG,MZ
2022-05-10 16:43:18,MTP,MZ
2022-05-10 16:43:18,LL,MWB
2022-05-10 16:43:18,IG,LL
2022-05-10 16:43:18,IG,PL
2022-05-10 16:43:18,MTP,PL
2022-05-10 16:43:18,DB,PL
2022-05-10 16:43:18,IG,MWB
2022-05-10 16:43:18,MGB,MWB
2022-05-10 16:43:18,MCM,MWB
2022-05-10 16:43:18,MCM,PL
2022-05-10 16:43:18,IG,MCM
2022-05-10 16:43:18,LL,MGB
2022-05-10 16:43:18,MCM,MTP
2022-05-10 16:43:18,LL,MZ
2022-05-10 16:43:18,MTP,MWB
2022-05-10 16:43:18,LL,MCM
2022-05-10 16:43:18,LL,PL
2022-05-10 16:43:18,LL,MTP
2022-05-10 16:43:18,DB,MCM
2022-05-10 16:43:19,IG,LL
2022-05-10 16:43:19,DB,PL
2022-05-10 16:43:19,MCM,MZ
2022-05-10 16:43:19,MGB,MWB
2022-05-10 16:43:19,MGB,MZ
2022-05-10 16:43:19,MWB,MZ
2022-05-10 16:43:19,IG,MGB
2022-05-10 16:43:19,MCM,MWB
2022-05-10 16:43:19,MCM,MGB
2022-05-10 16:43:19,LL,MGB
2022-05-10 16:43:19,MWB,PL
2022-05-10 16:43:19,LL,MWB
2022-05-10 16:43:19,LL,MCM
2022-05-10 16:43:19,DB,MCM
2022-05-10 16:43:19,LL,MTP
2022-05-10 16:43:19,IG,PL
2022-05-10 16:43:19,MTP,MZ
2022-05-10 16:43:19,LL,MZ
2022-05-10 16:43:19,LL,PL
2022-05-10 16:43:19,MZ,PL
2022-05-10 16:43:19,MTP,MWB
2022-05-10 16:43:19,MGB,PL
2022-05-10 16:43:19,IG,MTP
2022-05-10 16:43:19,MCM,PL
2022-05-10 16:43:19,IG,MZ
2022-05-10 16:43:19,MTP,PL
2022-05-10 16:43:19,MGB,MTP
2022-05-10 16:43:19,IG,MWB
2022-05-10 16:43:19,MCM,MTP
2022-05-10 16:43:19,IG,MCM
2022-05-10 16:43:20,IG,MCM
2022-05-10 16:43:20,IG,PL
2022-05-10 16:43:20,MWB,MZ
2022-05-10 16:43:20,DB,PL
2022-05-10 16:43:20,MCM,PL
2022-05-10 16:43:20,IG,MGB
2022-05-10 16:43:20,LL,MCM
2022-05-10 16:43:20,MTP,MWB
2022-05-10 16:43:20,IG,MWB
2022-05-10 16:43:20,MGB,MWB
2022-05-10 16:43:20,MGB,MTP
2022-05-10 16:43:20,LL,PL
2022-05-10 16:43:20,LL,MZ
2022-05-10 16:43:20,MCM,MWB
2022-05-10 16:43:20,LL,MGB
2022-05-10 16:43:20,DB,MCM
2022-05-10 16:43:20,LL,MWB
2022-05-10 16:43:20,LL,MTP
2022-05-10 16:43:20,IG,MTP
2022-05-10 16:43:20,MCM,MZ
2022-05-10 16:43:20,MGB,MZ
2022-05-10 16:43:20,MTP,PL
2022-05-10 16:43:20,MCM,MTP
2022-05-10 16:43:20,MGB,PL
2022-05-10 16:43:20,IG,LL
2022-05-10 16:43:20,MWB,PL
2022-05-10 16:43:20,IG,MZ
2022-05-10 16:43:20,MCM,MGB
2022-05-10 16:43:20,MZ,PL
2022-05-10 16:43:20,MTP,MZ
2022-05-10 16:43:21,IG,MCM
2022-05-10 16:43:21,IG,MTP
2022-05-10 16:43:21,IG,LL
2022-05-10 16:43:21,LL,MGB
2022-05-10 16:43:21,LL,PL
2022-05-10 16:43:21,IG,MZ
2022-05-10 16:43:21,MGB,MTP
2022-05-10 16:43:21,MWB,MZ
2022-05-10 16:43:21,IG,MWB
2022-05-10 16:43:21,MGB,MWB
2022-05-10 16:43:21,MCM,MTP
2022-05-10 16:43:21,MCM,MZ
2022-05-10 16:43:21,MTP,MZ
2022-05-10 16:43:21,LL,MZ
2022-05-10 16:43:21,MCM,MGB
2022-05-10 16:43:21,MWB,PL
2022-05-10 16:43:21,DB,MCM
2022-05-10 16:43:21,MGB,PL
2022-05-10 16:43:21,MGB,MZ
2022-05-10 16:43:21,IG,PL
2022-05-10 16:43:21,IG,MGB
2022-05-10 16:43:21,DB,PL
2022-05-10 16:43:21,MTP,MWB
2022-05-10 16:43:21,MTP,PL
2022-05-10 16:43:21,MCM,MWB
2022-05-10 16:43:21,LL,MCM
2022-05-10 16:43:21,LL,MWB
2022-05-10 16:43:21,LL,MTP
2022-05-10 16:43:21,MCM,PL
2022-05-10 16:43:21,MZ,PL
2022-05-10 16:43:22,LL,MCM
2022-05-10 16:43:22,IG,LL
2022-05-10 16:43:22,MCM,MTP
2022-05-10 16:43:22,IG,MGB
2022-05-10 16:43:22,MTP,PL
2022-05-10 16:43:22,MGB,PL
2022-05-10 16:43:22,MGB,MZ
2022-05-10 16:43:22,MWB,MZ
2022-05-10 16:43:22,IG,MWB
2022-05-10 16:43:22,LL,MZ
2022-05-10 16:43:22,MTP,MWB
2022-05-10 16:43:22,MCM,PL
2022-05-10 16:43:22,LL,PL
2022-05-10 16:43:22,MZ,PL
2022-05-10 16:43:22,IG,MCM
2022-05-10 16:43:22,IG,MTP
2022-05-10 16:43:22,IG,MZ
2022-05-10 16:43:22,MCM,MZ
2022-05-10 16:43:22,MGB,MWB
2022-05-10 16:43:22,MTP,MZ
2022-05-10 16:43:22,MCM,MGB
2022-05-10 16:43:22,LL,MWB
2022-05-10 16:43:22,MWB,PL
2022-05-10 16:43:22,MGB,MTP
2022-05-10 16:43:22,LL,MTP
2022-05-10 16:43:22,DB,PL
2022-05-10 16:43:22,IG,PL
2022-05-10 16:43:22,LL,MGB
2022-05-10 16:43:22,MCM,MWB
2022-05-10 16:43:22,DB,MCM
2022-05-10 16:43:23,MWB,PL
2022-05-10 16:43:23,MWB,MZ
2022-05-10 16:43:23,IG,MWB
2022-05-10 16:43:23,MCM,MWB
2022-05-10 16:43:23,LL,MCM
2022-05-10 16:43:23,MZ,PL
2022-05-10 16:43:23,IG,MZ
2022-05-10 16:43:23,IG,PL
2022-05-10 16:43:23,DB,PL
2022-05-10 16:43:23,MCM,MZ
2022-05-10 16:43:23,MCM,PL
2022-05-10 16:43:23,MGB,MTP
2022-05-10 16:43:23,IG,MGB
2022-05-10 16:43:23,MGB,MWB
2022-05-10 16:43:23,IG,MTP
2022-05-10 16:43:23,MCM,MTP
2022-05-10 16:43:23,MGB,MZ
2022-05-10 16:43:23,IG,MCM
2022-05-10 16:43:23,MCM,MGB
2022-05-10 16:43:23,LL,MGB
2022-05-10 16:43:23,IG,LL
2022-05-10 16:43:23,LL,PL
2022-05-10 16:43:23,LL,MZ
2022-05-10 16:43:23,MTP,PL
2022-05-10 16:43:23,LL,MTP
2022-05-10 16:43:23,LL,MWB
2022-05-10 16:43:23,MTP,MZ
2022-05-10 16:43:23,MGB,PL
2022-05-10 16:43:23,MTP,MWB
2022-05-10 16:43:23,DB,MCM
2022-05-10 16:43:24,MWB,PL
2022-05-10 16:43:24,MGB,MTP
2022-05-10 16:43:24,LL,MTP
2022-05-10 16:43:24,DB,PL
2022-05-10 16:43:24,DB,MCM
2022-05-10 16:43:24,MCM,MGB
2022-05-10 16:43:24,MTP,MZ
2022-05-10 16:43:24,MCM,MZ
2022-05-10 16:43:24,LL,MWB
2022-05-10 16:43:24,IG,MTP
2022-05-10 16:43:24,IG,MCM
2022-05-10 16:43:24,LL,PL
2022-05-10 16:43:24,MZ,PL
2022-05-10 16:43:24,MCM,PL
2022-05-10 16:43:24,IG,MWB
2022-05-10 16:43:24,LL,MZ
2022-05-10 16:43:24,MGB,PL
2022-05-10 16:43:24,IG,MZ
2022-05-10 16:43:24,IG,PL
2022-05-10 16:43:24,MGB,MZ
2022-05-10 16:43:24,IG,LL
2022-05-10 16:43:24,MTP,PL
2022-05-10 16:43:24,LL,MCM
2022-05-10 16:43:24,MCM,MTP
2022-05-10 16:43:24,IG,MGB
2022-05-10 16:43:24,MGB,MWB
2022-05-10 16:43:24,MWB,MZ
2022-05-10 16:43:24,LL,MGB
2022-05-10 16:43:24,MTP,MWB
2022-05-10 16:43:24,MCM,MWB
2022-05-10 16:43:25,IG,PL
2022-05-10 16:43:25,MTP,MWB
2022-05-10 16:43:25,IG,MZ
2022-05-10 16:43:25,MCM,MWB
2022-05-10 16:43:25,MCM,PL
2022-05-10 16:43:25,MZ,PL
2022-05-10 16:43:25,IG,LL
2022-05-10 16:43:25,MWB,PL
2022-05-10 16:43:25,LL,MWB
2022-05-10 16:43:25,LL,MCM
2022-05-10 16:43:25,MCM,MZ
2022-05-10 16:43:25,LL,PL
2022-05-10 16:43:25,IG,MTP
2022-05-10 16:43:25,IG,MGB
2022-05-10 16:43:25,MCM,MTP
2022-05-10 16:43:25,MGB,MWB
2022-05-10 16:43:25,MWB,MZ
2022-05-10 16:43:25,IG,MCM
2022-05-10 16:43:25,LL,MZ
2022-05-10 16:43:25,DB,PL
2022-05-10 16:43:25,MGB,MZ
2022-05-10 16:43:25,MGB,MTP
2022-05-10 16:43:25,MGB,PL
2022-05-10 16:43:25,IG,MWB
2022-05-10 16:43:25,MTP,MZ
2022-05-10 16:43:25,MTP,PL
2022-05-10 16:43:25,MCM,MGB
2022-05-10 16:43:25,LL,MTP
2022-05-10 16:43:25,DB,MCM
2022-05-10 16:43:25,LL,MGB
2022-05-10 16:43:26,MGB,MTP
2022-05-10 16:43:26,LL,PL
2022-05-10 16:43:26,MGB,PL
2022-05-10 16:43:26,IG,PL
2022-05-10 16:43:26,MCM,MTP
2022-05-10 16:43:26,MCM,PL
2022-05-10 16:43:26,LL,MCM
2022-05-10 16:43:26,IG,MWB
2022-05-10 16:43:26,MTP,MWB
2022-05-10 16:43:26,MTP,PL
2022-05-10 16:43:26,MZ,PL
2022-05-10 16:43:26,LL,MZ
2022-05-10 16:43:26,DB,PL
2022-05-10 16:43:26,LL,MWB
2022-05-10 16:43:26,MWB,MZ
2022-05-10 16:43:26,MCM,MWB
2022-05-10 16:43:26,IG,MTP
2022-05-10 16:43:26,LL,MGB
2022-05-10 16:43:26,MCM,MZ
2022-05-10 16:43:26,IG,MGB
2022-05-10 16:43:26,MTP,MZ
2022-05-10 16:43:26,DB,MCM
2022-05-10 16:43:26,IG,LL
2022-05-10 16:43:26,MGB,MWB
2022-05-10 16:43:26,MGB,MZ
2022-05-10 16:43:26,IG,MZ
2022-05-10 16:43:26,LL,MTP
2022-05-10 16:43:26,MWB,PL
2022-05-10 16:43:26,IG,MCM
2022-05-10 16:43:26,MCM,MGB
2022-05-10 16:43:27,DB,MCM
2022-05-10 16:43:27,MGB,MTP
2022-05-10 16:43:27,MTP,MZ
2022-05-10 16:43:27,MWB,MZ
2022-05-10 16:43:27,IG,MCM
2022-05-10 16:43:27,MZ,PL
2022-05-10 16:43:27,MWB,PL
2022-05-10 16:43:27,MTP,PL
2022-05-10 16:43:27,IG,LL
2022-05-10 16:43:27,MTP,MWB
2022-05-10 16:43:27,MGB,MZ
2022-05-10 16:43:27,DB,PL
2022-05-10 16:43:27,MGB,MWB
2022-05-10 16:43:27,MGB,PL
2022-05-10 16:43:27,MCM,PL
2022-05-10 16:43:27,MCM,MGB
2022-05-10 16:43:27,IG,MGB
2022-05-10 16:43:27,MCM,MTP
2022-05-10 16:43:27,IG,MZ
2022-05-10 16:43:27,LL,PL
2022-05-10 16:43:27,LL,MTP
2022-05-10 16:43:27,LL,MZ
2022-05-10 16:43:27,LL,MCM
2022-05-10 16:43:27,IG,MWB
2022-05-10 16:43:27,IG,PL
2022-05-10 16:43:27,IG,MTP
2022-05-10 16:43:27,MCM,MWB
2022-05-10 16:43:27,LL,MWB
2022-05-10 16:43:27,LL,MGB
2022-05-10 16:43:27,MCM,MZ
2022-05-10 16:43:28,MCM,MZ
2022-05-10 16:43:28,MWB,PL
2022-05-10 16:43:28,IG,LL
2022-05-10 16:43:28,IG,MZ
2022-05-10 16:43:28,MGB,PL
2022-05-10 16:43:28,IG,MTP
2022-05-10 16:43:28,MGB,MWB
2022-05-10 16:43:28,IG,MGB
2022-05-10 16:43:28,LL,MGB
2022-05-10 16:43:28,MCM,MTP
2022-05-10 16:43:28,LL,PL
2022-05-10 16:43:28,LL,MCM
2022-05-10 16:43:28,MTP,PL
2022-05-10 16:43:28,MWB,MZ
2022-05-10 16:43:28,MGB,MTP
2022-05-10 16:43:28,MCM,MWB
2022-05-10 16:43:28,IG,PL
2022-05-10 16:43:28,DB,PL
2022-05-10 16:43:28,LL,MZ
2022-05-10 16:43:28,IG,MCM
2022-05-10 16:43:28,MCM,PL
2022-05-10 16:43:28,MCM,MGB
2022-05-10 16:43:28,MTP,MZ
2022-05-10 16:43:28,MGB,MZ
2022-05-10 16:43:28,IG,MWB
2022-05-10 16:43:28,LL,MTP
2022-05-10 16:43:28,DB,MCM
2022-05-10 16:43:28,MZ,PL
2022-05-10 16:43:28,LL,MWB
2022-05-10 16:43:28,MTP,MWB
2022-05-10 16:43:28,DB,MGB
2022-05-10 16:43:29,MGB,MTP
2022-05-10 16:43:29,DB,PL
2022-05-10 16:43:29,IG,MGB
2022-05-10 16:43:29,MTP,MWB
2022-05-10 16:43:29,MCM,MTP
2022-05-10 16:43:29,MGB,MZ
2022-05-10 16:43:29,LL,PL
2022-05-10 16:43:29,LL,MCM
2022-05-10 16:43:29,MCM,PL
2022-05-10 16:43:29,MCM,MWB
2022-05-10 16:43:29,IG,MCM
2022-05-10 16:43:29,MTP,PL
2022-05-10 16:43:29,MWB,MZ
2022-05-10 16:43:29,LL,MTP
2022-05-10 16:43:29,LL,MWB
2022-05-10 16:43:29,LL,MGB
2022-05-10 16:43:29,MZ,PL
2022-05-10 16:43:29,IG,MWB
2022-05-10 16:43:29,LL,MZ
2022-05-10 16:43:29,DB,MGB
2022-05-10 16:43:29,IG,LL
2022-05-10 16:43:29,MCM,MZ
2022-05-10 16:43:29,DB,MCM
2022-05-10 16:43:29,MWB,PL
2022-05-10 16:43:29,MTP,MZ
2022-05-10 16:43:29,IG,PL
2022-05-10 16:43:29,IG,MTP
2022-05-10 16:43:29,MGB,PL
2022-05-10 16:43:29,IG,MZ
2022-05-10 16:43:29,MGB,MWB
2022-05-10 16:43:29,MCM,MGB
2022-05-10 16:43:30,DB,MGB
2022-05-10 16:43:30,LL,MGB
2022-05-10 16:43:30,IG,LL
2022-05-10 16:43:30,IG,MCM
2022-05-10 16:43:30,MTP,MWB
2022-05-10 16:43:30,MGB,MWB
2022-05-10 16:43:30,MGB,MTP
2022-05-10 16:43:30,MCM,MTP
2022-05-10 16:43:30,MGB,PL
2022-05-10 16:43:30,DB,MCM
2022-05-10 16:43:30,MTP,MZ
2022-05-10 16:43:30,IG,MGB
2022-05-10 16:43:30,IG,MTP
2022-05-10 16:43:30,MGB,MZ
2022-05-10 16:43:30,LL,MCM
2022-05-10 16:43:30,MCM,MGB
2022-05-10 16:43:30,LL,MTP
2022-05-10 16:43:30,MTP,PL
2022-05-10 16:43:30,LL,MWB
2022-05-10 16:43:30,MZ,PL
2022-05-10 16:43:30,MCM,PL
2022-05-10 16:43:30,MWB,MZ
2022-05-10 16:43:30,DB,PL
2022-05-10 16:43:30,IG,MWB
2022-05-10 16:43:30,LL,MZ
2022-05-10 16:43:30,MCM,MZ
2022-05-10 16:43:30,LL,PL
2022-05-10 16:43:30,IG,PL
2022-05-10 16:43:30,MWB,PL
2022-05-10 16:43:30,IG,MZ
2022-05-10 16:43:30,MCM,MWB
2022-05-10 16:43:31,MCM,MTP
2022-05-10 16:43:31,LL,PL
2022-05-10 16:43:31,LL,MCM
2022-05-10 16:43:31,DB,MCM
2022-05-10 16:43:31,LL,MZ
2022-05-10 16:43:31,MGB,PL
2022-05-10 16:43:31,LL,MGB
2022-05-10 16:43:31,DB,PL
2022-05-10 16:43:31,IG,MGB
2022-05-10 16:43:31,IG,PL
2022-05-10 16:43:31,IG,LL
2022-05-10 16:43:31,MCM,MZ
2022-05-10 16:43:31,MWB,PL
2022-05-10 16:43:31,IG,MTP
2022-05-10 16:43:31,DB,MGB
2022-05-10 16:43:31,MGB,MWB
2022-05-10 16:43:31,IG,MZ
2022-05-10 16:43:31,MGB,MZ
2022-05-10 16:43:31,LL,MTP
2022-05-10 16:43:31,MCM,MWB
2022-05-10 16:43:31,MTP,MZ
2022-05-10 16:43:31,MZ,PL
2022-05-10 16:43:31,MGB,MTP
2022-05-10 16:43:31,LL,MWB
2022-05-10 16:43:31,MCM,PL
2022-05-10 16:43:31,IG,MCM
2022-05-10 16:43:31,IG,MWB
2022-05-10 16:43:31,MCM,MGB
2022-05-10 16:43:31,MTP,MWB
2022-05-10 16:43:31,MTP,PL
2022-05-10 16:43:31,MWB,MZ
2022-05-10 16:43:32,LL,MTP
2022-05-10 16:43:32,LL,MWB
2022-05-10 16:43:32,MWB,PL
2022-05-10 16:43:32,IG,MTP
2022-05-10 16:43:32,MGB,MWB
2022-05-10 16:43:32,MTP,MWB
2022-05-10 16:43:32,MTP,MZ
2022-05-10 16:43:32,MGB,PL
2022-05-10 16:43:32,IG,LL
2022-05-10 16:43:32,MZ,PL
2022-05-10 16:43:32,MGB,MZ
2022-05-10 16:43:32,LL,MGB
2022-05-10 16:43:32,DB,MGB
2022-05-10 16:43:32,MCM,PL
2022-05-10 16:43:32,MCM,MGB
2022-05-10 16:43:32,LL,MZ
2022-05-10 16:43:32,IG,MWB
2022-05-10 16:43:32,MCM,MZ
2022-05-10 16:43:32,DB,MCM
2022-05-10 16:43:32,IG,PL
2022-05-10 16:43:32,MCM,MTP
2022-05-10 16:43:32,DB,PL
2022-05-10 16:43:32,LL,MCM
2022-05-10 16:43:32,IG,MZ
2022-05-10 16:43:32,IG,MGB
2022-05-10 16:43:32,MWB,MZ
2022-05-10 16:43:32,IG,MCM
2022-05-10 16:43:32,MGB,MTP
2022-05-10 16:43:32,MTP,PL
2022-05-10 16:43:32,MCM,MWB
2022-05-10 16:43:32,LL,PL
2022-05-10 16:43:33,MCM,MWB
2022-05-10 16:43:33,MCM,MTP
2022-05-10 16:43:33,LL,MCM
2022-05-10 16:43:33,MZ,PL
2022-05-10 16:43:33,IG,PL
2022-05-10 16:43:33,DB,MCM
2022-05-10 16:43:33,MTP,MWB
2022-05-10 16:43:33,LL,MWB
2022-05-10 16:43:33,MTP,MZ
2022-05-10 16:43:33,MWB,MZ
2022-05-10 16:43:33,LL,MTP
2022-05-10 16:43:33,IG,MWB
2022-05-10 16:43:33,LL,PL
2022-05-10 16:43:33,MCM,MGB
2022-05-10 16:43:33,DB,MGB
2022-05-10 16:43:33,MTP,PL
2022-05-10 16:43:33,LL,MZ
2022-05-10 16:43:33,MCM,PL
2022-05-10 16:43:33,MGB,MTP
2022-05-10 16:43:33,MGB,MZ
2022-05-10 16:43:33,MGB,PL
2022-05-10 16:43:33,IG,MZ
2022-05-10 16:43:33,IG,MCM
2022-05-10 16:43:33,MCM,MZ
2022-05-10 16:43:33,MWB,PL
2022-05-10 16:43:33,IG,MGB
2022-05-10 16:43:33,IG,MTP
2022-05-10 16:43:33,DB,PL
2022-05-10 16:43:33,IG,LL
2022-05-10 16:43:33,MGB,MWB
2022-05-10 16:43:33,LL,MGB
2022-05-10 16:43:34,IG,PL
2022-05-10 16:43:34,MCM,MGB
2022-05-10 16:43:34,IG,MGB
2022-05-10 16:43:34,LL,MZ
2022-05-10 16:43:34,MTP,PL
2022-05-10 16:43:34,LL,MCM
2022-05-10 16:43:34,MCM,PL
2022-05-10 16:43:34,MGB,MTP
2022-05-10 16:43:34,IG,MCM
2022-05-10 16:43:34,MGB,MZ
2022-05-10 16:43:34,MZ,PL
2022-05-10 16:43:34,MCM,MWB
2022-05-10 16:43:34,MGB,MWB
2022-05-10 16:43:34,MCM,MTP
2022-05-10 16:43:34,IG,MTP
2022-05-10 16:43:34,LL,MTP
2022-05-10 16:43:34,MTP,MWB
2022-05-10 16:43:34,LL,PL
2022-05-10 16:43:34,IG,MZ
2022-05-10 16:43:34,LL,MWB
2022-05-10 16:43:34,IG,LL
2022-05-10 16:43:34,DB,MGB
2022-05-10 16:43:34,LL,MGB
2022-05-10 16:43:34,DB,PL
2022-05-10 16:43:34,MGB,PL
2022-05-10 16:43:34,MWB,PL
2022-05-10 16:43:34,MWB,MZ
2022-05-10 16:43:34,DB,MCM
2022-05-10 16:43:34,IG,MWB
2022-05-10 16:43:34,MCM,MZ
2022-05-10 16:43:34,MTP,MZ
2022-05-10 16:43:35,LL,MTP
2022-05-10 16:43:35,LL,PL
2022-05-10 16:43:35,IG,MTP
2022-05-10 16:43:35,IG,PL
2022-05-10 16:43:35,MTP,MWB
2022-05-10 16:43:35,MGB,PL
2022-05-10 16:43:35,MCM,PL
2022-05-10 16:43:35,DB,PL
2022-05-10 16:43:35,IG,MZ
2022-05-10 16:43:35,IG,LL
2022-05-10 16:43:35,MZ,PL
2022-05-10 16:43:35,MCM,MGB
2022-05-10 16:43:35,LL,MZ
2022-05-10 16:43:35,MWB,PL
2022-05-10 16:43:35,MGB,MWB
2022-05-10 16:43:35,IG,MGB
2022-05-10 16:43:35,MCM,MTP
2022-05-10 16:43:35,MCM,MZ
2022-05-10 16:43:35,LL,MCM
2022-05-10 16:43:35,MGB,MTP
2022-05-10 16:43:35,LL,MWB
2022-05-10 16:43:35,IG,MCM
2022-05-10 16:43:35,MTP,PL
2022-05-10 16:43:35,DB,MCM
2022-05-10 16:43:35,LL,MGB
2022-05-10 16:43:35,MTP,MZ
2022-05-10 16:43:35,MWB,MZ
2022-05-10 16:43:35,MCM,MWB
2022-05-10 16:43:35,IG,MWB
2022-05-10 16:43:35,MGB,MZ
2022-05-10 16:43:35,DB,MGB
2022-05-10 16:43:36,IG,MCM
2022-05-10 16:43:36,MGB,PL
2022-05-10 16:43:36,LL,PL
2022-05-10 16:43:36,LL,MWB
2022-05-10 16:43:36,IG,MGB
2022-05-10 16:43:36,IG,PL
2022-05-10 16:43:36,IG,MZ
2022-05-10 16:43:36,DB,PL
2022-05-10 16:43:36,MTP,PL
2022-05-10 16:43:36,MCM,MTP
2022-05-10 16:43:36,MGB,MTP
2022-05-10 16:43:36,MTP,MWB
2022-05-10 16:43:36,LL,MCM
2022-05-10 16:43:36,MCM,MWB
2022-05-10 16:43:36,MCM,MZ
2022-05-10 16:43:36,IG,MTP
2022-05-10 16:43:36,LL,MZ
2022-05-10 16:43:36,MGB,MWB
2022-05-10 16:43:36,MWB,MZ
2022-05-10 16:43:36,IG,LL
2022-05-10 16:43:36,DB,MGB
2022-05-10 16:43:36,LL,MGB
2022-05-10 16:43:36,DB,MCM
2022-05-10 16:43:36,IG,MWB
2022-05-10 16:43:36,MCM,PL
2022-05-10 16:43:36,MZ,PL
2022-05-10 16:43:36,MTP,MZ
2022-05-10 16:43:36,MCM,MGB
2022-05-10 16:43:36,MGB,MZ
2022-05-10 16:43:36,LL,MTP
2022-05-10 16:43:36,MWB,PL
2022-05-10 16:43:37,MWB,PL
2022-05-10 16:43:37,IG,MWB
2022-05-10 16:43:37,MZ,PL
2022-05-10 16:43:37,IG,MZ
2022-05-10 16:43:37,MTP,MWB
2022-05-10 16:43:37,IG,PL
2022-05-10 16:43:37,MTP,PL
2022-05-10 16:43:37,LL,MCM
2022-05-10 16:43:37,IG,MTP
2022-05-10 16:43:37,IG,LL
2022-05-10 16:43:37,LL,MGB
2022-05-10 16:43:37,MGB,PL
2022-05-10 16:43:37,LL,MWB
2022-05-10 16:43:37,DB,MCM
2022-05-10 16:43:37,MTP,MZ
2022-05-10 16:43:37,LL,MTP
2022-05-10 16:43:37,MWB,MZ
2022-05-10 16:43:37,LL,MZ
2022-05-10 16:43:37,MCM,MTP
2022-05-10 16:43:37,MCM,MWB
2022-05-10 16:43:37,MCM,PL
2022-05-10 16:43:37,MGB,MWB
2022-05-10 16:43:37,IG,MGB
2022-05-10 16:43:37,DB,PL
2022-05-10 16:43:37,MGB,MZ
2022-05-10 16:43:37,MCM,MGB
2022-05-10 16:43:37,DB,MGB
2022-05-10 16:43:37,MCM,MZ
2022-05-10 16:43:37,MGB,MTP
2022-05-10 16:43:37,LL,PL
2022-05-10 16:43:37,IG,MCM
2022-05-10 16:43:38,MWB,PL
2022-05-10 16:43:38,MZ,PL
2022-05-10 16:43:38,IG,LL
2022-05-10 16:43:38,MCM,MWB
2022-05-10 16:43:38,DB,MGB
2022-05-10 16:43:38,LL,MGB
2022-05-10 16:43:38,DB,MCM
2022-05-10 16:43:38,LL,MWB
2022-05-10 16:43:38,MTP,MZ
2022-05-10 16:43:38,LL,PL
2022-05-10 16:43:38,MCM,MGB
2022-05-10 16:43:38,MGB,MZ
2022-05-10 16:43:38,LL,MTP
2022-05-10 16:43:38,IG,MWB
2022-05-10 16:43:38,MCM,PL
2022-05-10 16:43:38,MCM,MZ
2022-05-10 16:43:38,DB,PL
2022-05-10 16:43:38,MTP,MWB
2022-05-10 16:43:38,IG,PL
2022-05-10 16:43:38,MCM,MTP
2022-05-10 16:43:38,LL,MZ
2022-05-10 16:43:38,IG,MGB
2022-05-10 16:43:38,MTP,PL
2022-05-10 16:43:38,LL,MCM
2022-05-10 16:43:38,IG,MCM
2022-05-10 16:43:38,MGB,MTP
2022-05-10 16:43:38,MGB,PL
2022-05-10 16:43:38,MWB,MZ
2022-05-10 16:43:38,IG,MTP
2022-05-10 16:43:38,MGB,MWB
2022-05-10 16:43:38,IG,MZ
2022-05-10 16:43:39,IG,MWB
2022-05-10 16:43:39,LL,MTP
2022-05-10 16:43:39,MWB,MZ
2022-05-10 16:43:39,MGB,MZ
2022-05-10 16:43:39,IG,PL
2022-05-10 16:43:39,MTP,PL
2022-05-10 16:43:39,DB,PL
2022-05-10 16:43:39,MCM,MTP
2022-05-10 16:43:39,MGB,MWB
2022-05-10 16:43:39,DB,MCM
2022-05-10 16:43:39,MTP,MZ
2022-05-10 16:43:39,MGB,MTP
2022-05-10 16:43:39,MWB,PL
2022-05-10 16:43:39,MCM,MZ
2022-05-10 16:43:39,IG,MGB
2022-05-10 16:43:39,LL,MGB
2022-05-10 16:43:39,LL,MCM
2022-05-10 16:43:39,IG,MZ
2022-05-10 16:43:39,DB,MGB
2022-05-10 16:43:39,IG,LL
2022-05-10 16:43:39,IG,MTP
2022-05-10 16:43:39,MTP,MWB
2022-05-10 16:43:39,MCM,MGB
2022-05-10 16:43:39,MCM,MWB
2022-05-10 16:43:39,LL,MZ
2022-05-10 16:43:39,IG,MCM
2022-05-10 16:43:39,MCM,PL
2022-05-10 16:43:39,LL,PL
2022-05-10 16:43:39,MZ,PL
2022-05-10 16:43:39,MGB,PL
2022-05-10 16:43:39,LL,MWB
2022-05-10 16:43:40,MGB,MTP
2022-05-10 16:43:40,IG,MWB
2022-05-10 16:43:40,IG,LL
2022-05-10 16:43:40,IG,MCM
2022-05-10 16:43:40,MZ,PL
2022-05-10 16:43:40,MGB,MZ
2022-05-10 16:43:40,MCM,MWB
2022-05-10 16:43:40,IG,MGB
2022-05-10 16:43:40,LL,PL
2022-05-10 16:43:40,MCM,MGB
2022-05-10 16:43:40,IG,MZ
2022-05-10 16:43:40,MTP,MZ
2022-05-10 16:43:40,IG,MTP
2022-05-10 16:43:40,MGB,MWB
2022-05-10 16:43:40,LL,MTP
2022-05-10 16:43:40,MGB,PL
2022-05-10 16:43:40,IG,PL
2022-05-10 16:43:40,LL,MGB
2022-05-10 16:43:40,MCM,MZ
2022-05-10 16:43:40,MCM,MTP
2022-05-10 16:43:40,MWB,MZ
2022-05-10 16:43:40,MWB,PL
2022-05-10 16:43:40,LL,MZ
2022-05-10 16:43:40,DB,MGB
2022-05-10 16:43:40,DB,PL
2022-05-10 16:43:40,MTP,MWB
2022-05-10 16:43:40,MCM,PL
2022-05-10 16:43:40,LL,MCM
2022-05-10 16:43:40,DB,MCM
2022-05-10 16:43:40,MTP,PL
2022-05-10 16:43:40,LL,MWB
2022-05-10 16:43:41,MTP,MZ
2022-05-10 16:43:41,IG,MGB
2022-05-10 16:43:41,MGB,PL
2022-05-10 16:43:41,DB,MCM
2022-05-10 16:43:41,MZ,PL
2022-05-10 16:43:41,MGB,MWB
2022-05-10 16:43:41,MWB,PL
2022-05-10 16:43:41,DB,MGB
2022-05-10 16:43:41,IG,LL
2022-05-10 16:43:41,MCM,MWB
2022-05-10 16:43:41,MCM,PL
2022-05-10 16:43:41,LL,MGB
2022-05-10 16:43:41,LL,MCM
2022-05-10 16:43:41,MCM,MGB
2022-05-10 16:43:41,MGB,MZ
2022-05-10 16:43:41,MCM,MTP
2022-05-10 16:43:41,LL,MTP
2022-05-10 16:43:41,IG,MCM
2022-05-10 16:43:41,MTP,PL
2022-05-10 16:43:41,MCM,MZ
2022-05-10 16:43:41,MWB,MZ
2022-05-10 16:43:41,IG,MTP
2022-05-10 16:43:41,IG,PL
2022-05-10 16:43:41,LL,PL
2022-05-10 16:43:41,IG,MWB
2022-05-10 16:43:41,DB,PL
2022-05-10 16:43:41,IG,MZ
2022-05-10 16:43:41,MTP,MWB
2022-05-10 16:43:41,LL,MWB
2022-05-10 16:43:41,LL,MZ
2022-05-10 16:43:41,MGB,MTP
2022-05-10 16:43:42,IG,MTP
2022-05-10 16:43:42,MCM,MTP
2022-05-10 16:43:42,IG,PL
2022-05-10 16:43:42,LL,MZ
2022-05-10 16:43:42,LL,MWB
2022-05-10 16:43:42,DB,MGB
2022-05-10 16:43:42,MCM,MWB
2022-05-10 16:43:42,MWB,MZ
2022-05-10 16:43:42,MTP,PL
2022-05-10 16:43:42,IG,LL
2022-05-10 16:43:42,MGB,MTP
2022-05-10 16:43:42,IG,MZ
2022-05-10 16:43:42,IG,MCM
2022-05-10 16:43:42,MZ,PL
2022-05-10 16:43:42,MGB,MWB
2022-05-10 16:43:42,MGB,PL
2022-05-10 16:43:42,IG,MGB
2022-05-10 16:43:42,LL,MCM
2022-05-10 16:43:42,LL,MGB
2022-05-10 16:43:42,MCM,PL
2022-05-10 16:43:42,DB,PL
2022-05-10 16:43:42,DB,MCM
2022-05-10 16:43:42,MGB,MZ
2022-05-10 16:43:42,LL,PL
2022-05-10 16:43:42,IG,MWB
2022-05-10 16:43:42,MCM,MGB
2022-05-10 16:43:42,MCM,MZ
2022-05-10 16:43:42,MTP,MZ
2022-05-10 16:43:42,MTP,MWB
2022-05-10 16:43:42,MWB,PL
2022-05-10 16:43:42,LL,MTP
2022-05-10 16:43:43,MZ,PL
2022-05-10 16:43:43,MTP,MZ
2022-05-10 16:43:43,IG,MCM
2022-05-10 16:43:43,IG,MWB
2022-05-10 16:43:43,MCM,MGB
2022-05-10 16:43:43,MGB,MWB
2022-05-10 16:43:43,MGB,MZ
2022-05-10 16:43:43,IG,MZ
2022-05-10 16:43:43,IG,LL
2022-05-10 16:43:43,MGB,MTP
2022-05-10 16:43:43,DB,MCM
2022-05-10 16:43:43,MGB,PL
2022-05-10 16:43:43,MCM,MWB
2022-05-10 16:43:43,IG,MTP
2022-05-10 16:43:43,MCM,MZ
2022-05-10 16:43:43,LL,PL
2022-05-10 16:43:43,MCM,MTP
2022-05-10 16:43:43,LL,MGB
2022-05-10 16:43:43,DB,PL
2022-05-10 16:43:43,LL,MWB
2022-05-10 16:43:43,MTP,MWB
2022-05-10 16:43:43,MCM,PL
2022-05-10 16:43:43,MWB,PL
2022-05-10 16:43:43,LL,MCM
2022-05-10 16:43:43,LL,MZ
2022-05-10 16:43:43,DB,MGB
2022-05-10 16:43:43,IG,PL
2022-05-10 16:43:43,IG,MGB
2022-05-10 16:43:43,MWB,MZ
2022-05-10 16:43:43,LL,MTP
2022-05-10 16:43:43,MTP,PL
2022-05-10 16:43:44,IG,PL
2022-05-10 16:43:44,LL,PL
2022-05-10 16:43:44,DB,PL
2022-05-10 16:43:44,MCM,MZ
2022-05-10 16:43:44,LL,MTP
2022-05-10 16:43:44,MCM,MGB
2022-05-10 16:43:44,MTP,MWB
2022-05-10 16:43:44,MTP,PL
2022-05-10 16:43:44,IG,MTP
2022-05-10 16:43:44,MCM,PL
2022-05-10 16:43:44,MCM,MTP
2022-05-10 16:43:44,MWB,MZ
2022-05-10 16:43:44,IG,MCM
2022-05-10 16:43:44,MGB,MTP
2022-05-10 16:43:44,IG,MZ
2022-05-10 16:43:44,LL,MZ
2022-05-10 16:43:44,MGB,MZ
2022-05-10 16:43:44,MZ,PL
2022-05-10 16:43:44,LL,MGB
2022-05-10 16:43:44,LL,MCM
2022-05-10 16:43:44,MTP,MZ
2022-05-10 16:43:44,IG,LL
2022-05-10 16:43:44,DB,MCM
2022-05-10 16:43:44,MWB,PL
2022-05-10 16:43:44,LL,MWB
2022-05-10 16:43:44,MGB,PL
2022-05-10 16:43:44,DB,MGB
2022-05-10 16:43:44,IG,MGB
2022-05-10 16:43:44,IG,MWB
2022-05-10 16:43:44,MGB,MWB
2022-05-10 16:43:44,MCM,MWB
2022-05-10 16:43:45,MCM,PL
2022-05-10 16:43:45,MZ,PL
2022-05-10 16:43:45,LL,MZ
2022-05-10 16:43:45,DB,PL
2022-05-10 16:43:45,LL,MCM
2022-05-10 16:43:45,LL,MWB
2022-05-10 16:43:45,MCM,MTP
2022-05-10 16:43:45,LL,MTP
2022-05-10 16:43:45,MCM,MWB
2022-05-10 16:43:45,MTP,PL
2022-05-10 16:43:45,MTP,MWB
2022-05-10 16:43:45,IG,PL
2022-05-10 16:43:45,DB,MGB
2022-05-10 16:43:45,LL,PL
2022-05-10 16:43:45,MCM,MZ
2022-05-10 16:43:45,MWB,PL
2022-05-10 16:43:45,IG,MGB
2022-05-10 16:43:45,MWB,MZ
2022-05-10 16:43:45,MTP,MZ
2022-05-10 16:43:45,MGB,MZ
2022-05-10 16:43:45,IG,MWB
2022-05-10 16:43:45,IG,LL
2022-05-10 16:43:45,IG,MCM
2022-05-10 16:43:45,MCM,MGB
2022-05-10 16:43:45,MGB,MWB
2022-05-10 16:43:45,MGB,MTP
2022-05-10 16:43:45,IG,MZ
2022-05-10 16:43:45,DB,MCM
2022-05-10 16:43:45,MGB,PL
2022-05-10 16:43:45,IG,MTP
2022-05-10 16:43:45,LL,MGB
2022-05-10 16:43:46,MGB,PL
2022-05-10 16:43:46,MCM,PL
2022-05-10 16:43:46,IG,MCM
2022-05-10 16:43:46,LL,MWB
2022-05-10 16:43:46,MTP,MWB
2022-05-10 16:43:46,LL,PL
2022-05-10 16:43:46,MGB,MWB
2022-05-10 16:43:46,IG,MGB
2022-05-10 16:43:46,DB,PL
2022-05-10 16:43:46,MTP,MZ
2022-05-10 16:43:46,LL,MGB
2022-05-10 16:43:46,MCM,MTP
2022-05-10 16:43:46,IG,MWB
2022-05-10 16:43:46,DB,MGB
2022-05-10 16:43:46,MTP,PL
2022-05-10 16:43:46,IG,LL
2022-05-10 16:43:46,MCM,MZ
2022-05-10 16:43:46,MZ,PL
2022-05-10 16:43:46,MCM,MGB
2022-05-10 16:43:46,LL,MZ
2022-05-10 16:43:46,MGB,MTP
2022-05-10 16:43:46,LL,MCM
2022-05-10 16:43:46,DB,MCM
2022-05-10 16:43:46,MWB,PL
2022-05-10 16:43:46,MGB,MZ
2022-05-10 16:43:46,IG,MTP
2022-05-10 16:43:46,MWB,MZ
2022-05-10 16:43:46,MCM,MWB
2022-05-10 16:43:46,LL,MTP
2022-05-10 16:43:46,IG,PL
2022-05-10 16:43:46,IG,MZ
2022-05-10 16:43:47,IG,MZ
2022-05-10 16:43:47,MWB,MZ
2022-05-10 16:43:47,MWB,PL
2022-05-10 16:43:47,MCM,MWB
2022-05-10 16:43:47,MCM,PL
2022-05-10 16:43:47,MZ,PL
2022-05-10 16:43:47,IG,MWB
2022-05-10 16:43:47,MCM,MZ
2022-05-10 16:43:47,MGB,MWB
2022-05-10 16:43:47,MGB,MTP
2022-05-10 16:43:47,MGB,MZ
2022-05-10 16:43:47,LL,MTP
2022-05-10 16:43:47,LL,MGB
2022-05-10 16:43:47,MTP,PL
2022-05-10 16:43:47,DB,MCM
2022-05-10 16:43:47,MTP,MWB
2022-05-10 16:43:47,MCM,MGB
2022-05-10 16:43:47,DB,PL
2022-05-10 16:43:47,LL,PL
2022-05-10 16:43:47,MTP,MZ
2022-05-10 16:43:47,DB,MGB
2022-05-10 16:43:47,LL,MWB
2022-05-10 16:43:47,IG,LL
2022-05-10 16:43:47,IG,MGB
2022-05-10 16:43:47,IG,PL
2022-05-10 16:43:47,MCM,MTP
2022-05-10 16:43:47,MGB,PL
2022-05-10 16:43:47,LL,MZ
2022-05-10 16:43:47,LL,MCM
2022-05-10 16:43:47,IG,MCM
2022-05-10 16:43:47,IG,MTP
2022-05-10 16:43:48,IG,MGB
2022-05-10 16:43:48,DB,MCM
2022-05-10 16:43:48,LL,MGB
2022-05-10 16:43:48,MWB,PL
2022-05-10 16:43:48,DB,PL
2022-05-10 16:43:48,MTP,MZ
2022-05-10 16:43:48,LL,MTP
2022-05-10 16:43:48,MCM,PL
2022-05-10 16:43:48,MTP,MWB
2022-05-10 16:43:48,MGB,MZ
2022-05-10 16:43:48,LL,PL
2022-05-10 16:43:48,IG,MCM
2022-05-10 16:43:48,MCM,MZ
2022-05-10 16:43:48,LL,MWB
2022-05-10 16:43:48,MGB,PL
2022-05-10 16:43:48,LL,MZ
2022-05-10 16:43:48,MZ,PL
2022-05-10 16:43:48,IG,MWB
2022-05-10 16:43:48,MCM,MWB
2022-05-10 16:43:48,MCM,MGB
2022-05-10 16:43:48,MTP,PL
2022-05-10 16:43:48,IG,MTP
2022-05-10 16:43:48,IG,MZ
2022-05-10 16:43:48,MGB,MWB
2022-05-10 16:43:48,MGB,MTP
2022-05-10 16:43:48,DB,MGB
2022-05-10 16:43:48,IG,LL
2022-05-10 16:43:48,MWB,MZ
2022-05-10 16:43:48,MCM,MTP
2022-05-10 16:43:48,LL,MCM
2022-05-10 16:43:48,IG,PL
2022-05-10 16:43:49,MCM,PL
2022-05-10 16:43:49,LL,MCM
2022-05-10 16:43:49,LL,MTP
2022-05-10 16:43:49,MTP,MWB
2022-05-10 16:43:49,MZ,PL
2022-05-10 16:43:49,DB,PL
2022-05-10 16:43:49,IG,MZ
2022-05-10 16:43:49,MGB,MZ
2022-05-10 16:43:49,LL,PL
2022-05-10 16:43:49,IG,MCM
2022-05-10 16:43:49,MCM,MTP
2022-05-10 16:43:49,LL,MZ
2022-05-10 16:43:49,MTP,PL
2022-05-10 16:43:49,IG,PL
2022-05-10 16:43:49,LL,MWB
2022-05-10 16:43:49,MGB,PL
2022-05-10 16:43:49,MWB,MZ
2022-05-10 16:43:49,MGB,MTP
2022-05-10 16:43:49,MCM,MWB
2022-05-10 16:43:49,DB,MGB
2022-05-10 16:43:49,LL,MGB
2022-05-10 16:43:49,IG,LL
2022-05-10 16:43:49,IG,MGB
2022-05-10 16:43:49,MCM,MGB
2022-05-10 16:43:49,MGB,MWB
2022-05-10 16:43:49,MWB,PL
2022-05-10 16:43:49,IG,MWB
2022-05-10 16:43:49,MCM,MZ
2022-05-10 16:43:49,IG,MTP
2022-05-10 16:43:49,MTP,MZ
2022-05-10 16:43:49,DB,MCM
2022-05-10 16:43:50,IG,MWB
2022-05-10 16:43:50,MZ,PL
2022-05-10 16:43:50,MCM,MWB
2022-05-10 16:43:50,LL,MCM
2022-05-10 16:43:50,MCM,MTP
2022-05-10 16:43:50,IG,LL
2022-05-10 16:43:50,LL,PL
2022-05-10 16:43:50,LL,MWB
2022-05-10 16:43:50,MCM,PL
2022-05-10 16:43:50,IG,MTP
2022-05-10 16:43:50,MGB,PL
2022-05-10 16:43:50,IG,MGB
2022-05-10 16:43:50,IG,PL
2022-05-10 16:43:50,MTP,PL
2022-05-10 16:43:50,MCM,MZ
2022-05-10 16:43:50,LL,MGB
2022-05-10 16:43:50,MGB,MWB
2022-05-10 16:43:50,IG,MCM
2022-05-10 16:43:50,LL,MTP
2022-05-10 16:43:50,MTP,MZ
2022-05-10 16:43:50,MWB,MZ
2022-05-10 16:43:50,MTP,MWB
2022-05-10 16:43:50,MGB,MZ
2022-05-10 16:43:50,MWB,PL
2022-05-10 16:43:50,IG,MZ
2022-05-10 16:43:50,MCM,MGB
2022-05-10 16:43:50,MGB,MTP
2022-05-10 16:43:50,LL,MZ
2022-05-10 16:43:50,DB,MCM
2022-05-10 16:43:50,DB,MGB
2022-05-10 16:43:50,DB,PL
2022-05-10 16:43:51,IG,PL
2022-05-10 16:43:51,MCM,MZ
2022-05-10 16:43:51,MZ,PL
2022-05-10 16:43:51,DB,PL
2022-05-10 16:43:51,IG,LL
2022-05-10 16:43:51,DB,MCM
2022-05-10 16:43:51,LL,MGB
2022-05-10 16:43:51,MCM,MWB
2022-05-10 16:43:51,LL,MZ
2022-05-10 16:43:51,IG,MZ
2022-05-10 16:43:51,DB,MGB
2022-05-10 16:43:51,MTP,MZ
2022-05-10 16:43:51,MTP,MWB
2022-05-10 16:43:51,IG,MCM
2022-05-10 16:43:51,IG,MWB
2022-05-10 16:43:51,MGB,MWB
2022-05-10 16:43:51,MCM,MTP
2022-05-10 16:43:51,LL,MTP
2022-05-10 16:43:51,MWB,PL
2022-05-10 16:43:51,MCM,PL
2022-05-10 16:43:51,IG,MGB
2022-05-10 16:43:51,LL,MCM
2022-05-10 16:43:51,MGB,MTP
2022-05-10 16:43:51,LL,PL
2022-05-10 16:43:51,MTP,PL
2022-05-10 16:43:51,MGB,PL
2022-05-10 16:43:51,LL,MWB
2022-05-10 16:43:51,MWB,MZ
2022-05-10 16:43:51,IG,MTP
2022-05-10 16:43:51,MCM,MGB
2022-05-10 16:43:51,MGB,MZ
2022-05-10 16:43:52,LL,MGB
2022-05-10 16:43:52,IG,MZ
2022-05-10 16:43:52,IG,MCM
2022-05-10 16:43:52,IG,MWB
2022-05-10 16:43:52,IG,MTP
2022-05-10 16:43:52,IG,MGB
2022-05-10 16:43:52,MTP,PL
2022-05-10 16:43:52,LL,MCM
2022-05-10 16:43:52,IG,PL
2022-05-10 16:43:52,LL,MWB
2022-05-10 16:43:52,MZ,PL
2022-05-10 16:43:52,MCM,MWB
2022-05-10 16:43:52,MTP,MZ
2022-05-10 16:43:52,MGB,MZ
2022-05-10 16:43:52,MGB,MTP
2022-05-10 16:43:52,LL,MTP
2022-05-10 16:43:52,MWB,PL
2022-05-10 16:43:52,LL,PL
2022-05-10 16:43:52,MGB,PL
2022-05-10 16:43:52,MCM,MGB
2022-05-10 16:43:52,MCM,PL
2022-05-10 16:43:52,MTP,MWB
2022-05-10 16:43:52,MGB,MWB
2022-05-10 16:43:52,MWB,MZ
2022-05-10 16:43:52,IG,LL
2022-05-10 16:43:52,DB,PL
2022-05-10 16:43:52,DB,MCM
2022-05-10 16:43:52,MCM,MTP
2022-05-10 16:43:52,DB,MGB
2022-05-10 16:43:52,MCM,MZ
2022-05-10 16:43:52,LL,MZ
2022-05-10 16:43:53,MCM,MZ
2022-05-10 16:43:53,MZ,PL
2022-05-10 16:43:53,LL,PL
2022-05-10 16:43:53,MWB,MZ
2022-05-10 16:43:53,DB,MGB
2022-05-10 16:43:53,IG,MTP
2022-05-10 16:43:53,IG,LL
2022-05-10 16:43:53,LL,MGB
2022-05-10 16:43:53,MGB,MZ
2022-05-10 16:43:53,IG,MGB
2022-05-10 16:43:53,MGB,MTP
2022-05-10 16:43:53,LL,MTP
2022-05-10 16:43:53,MWB,PL
2022-05-10 16:43:53,MGB,PL
2022-05-10 16:43:53,MCM,MGB
2022-05-10 16:43:53,MCM,PL
2022-05-10 16:43:53,DB,PL
2022-05-10 16:43:53,MCM,MTP
2022-05-10 16:43:53,MGB,MWB
2022-05-10 16:43:53,IG,MZ
2022-05-10 16:43:53,LL,MCM
2022-05-10 16:43:53,DB,MCM
2022-05-10 16:43:53,LL,MZ
2022-05-10 16:43:53,MTP,MZ
2022-05-10 16:43:53,IG,MCM
2022-05-10 16:43:53,MCM,MWB
2022-05-10 16:43:53,MTP,MWB
2022-05-10 16:43:53,MTP,PL
2022-05-10 16:43:53,IG,MWB
2022-05-10 16:43:53,IG,PL
2022-05-10 16:43:53,LL,MWB
2022-05-10 16:43:54,LL,MZ
2022-05-10 16:43:54,DB,PL
2022-05-10 16:43:54,MTP,PL
2022-05-10 16:43:54,MGB,PL
2022-05-10 16:43:54,MWB,MZ
2022-05-10 16:43:54,IG,MGB
2022-05-10 16:43:54,IG,LL
2022-05-10 16:43:54,MGB,MTP
2022-05-10 16:43:54,LL,MTP
2022-05-10 16:43:54,MWB,PL
2022-05-10 16:43:54,MCM,MGB
2022-05-10 16:43:54,MCM,PL
2022-05-10 16:43:54,MCM,MTP
2022-05-10 16:43:54,MGB,MWB
2022-05-10 16:43:54,DB,MCM
2022-05-10 16:43:54,LL,MCM
2022-05-10 16:43:54,MTP,MZ
2022-05-10 16:43:54,MCM,MWB
2022-05-10 16:43:54,LL,MWB
2022-05-10 16:43:54,IG,MCM
2022-05-10 16:43:54,MTP,MWB
2022-05-10 16:43:54,IG,MZ
2022-05-10 16:43:54,LL,PL
2022-05-10 16:43:54,MCM,MZ
2022-05-10 16:43:54,IG,PL
2022-05-10 16:43:54,MGB,MZ
2022-05-10 16:43:54,IG,MTP
2022-05-10 16:43:54,MZ,PL
2022-05-10 16:43:54,IG,MWB
2022-05-10 16:43:54,LL,MGB
2022-05-10 16:43:54,DB,MGB
2022-05-10 16:43:55,LL,PL
2022-05-10 16:43:55,MCM,MGB
2022-05-10 16:43:55,IG,MCM
2022-05-10 16:43:55,LL,MGB
2022-05-10 16:43:55,LL,MCM
2022-05-10 16:43:55,LL,MZ
2022-05-10 16:43:55,IG,MZ
2022-05-10 16:43:55,DB,MGB
2022-05-10 16:43:55,MWB,MZ
2022-05-10 16:43:55,MGB,MWB
2022-05-10 16:43:55,MGB,PL
2022-05-10 16:43:55,IG,PL
2022-05-10 16:43:55,IG,MWB
2022-05-10 16:43:55,MCM,MZ
2022-05-10 16:43:55,LL,MWB
2022-05-10 16:43:55,MTP,MWB
2022-05-10 16:43:55,MCM,MWB
2022-05-10 16:43:55,IG,LL
2022-05-10 16:43:55,MTP,MZ
2022-05-10 16:43:55,IG,MTP
2022-05-10 16:43:55,DB,MCM
2022-05-10 16:43:55,IG,MGB
2022-05-10 16:43:55,MGB,MTP
2022-05-10 16:43:55,MZ,PL
2022-05-10 16:43:55,MCM,PL
2022-05-10 16:43:55,MGB,MZ
2022-05-10 16:43:55,LL,MTP
2022-05-10 16:43:55,DB,PL
2022-05-10 16:43:55,MWB,PL
2022-05-10 16:43:55,MCM,MTP
2022-05-10 16:43:55,MTP,PL
2022-05-10 16:43:56,MCM,MTP
2022-05-10 16:43:56,IG,MTP
2022-05-10 16:43:56,IG,PL
2022-05-10 16:43:56,IG,MZ
2022-05-10 16:43:56,IG,MWB
2022-05-10 16:43:56,DB,MGB
2022-05-10 16:43:56,LL,MTP
2022-05-10 16:43:56,IG,MCM
2022-05-10 16:43:56,MTP,MWB
2022-05-10 16:43:56,DB,MCM
2022-05-10 16:43:56,MCM,PL
2022-05-10 16:43:56,MCM,MGB
2022-05-10 16:43:56,MCM,MWB
2022-05-10 16:43:56,MWB,PL
2022-05-10 16:43:56,MTP,MZ
2022-05-10 16:43:56,MGB,MWB
2022-05-10 16:43:56,LL,MCM
2022-05-10 16:43:56,MGB,PL
2022-05-10 16:43:56,MGB,MTP
2022-05-10 16:43:56,IG,MGB
2022-05-10 16:43:56,LL,MGB
2022-05-10 16:43:56,MGB,MZ
2022-05-10 16:43:56,DB,PL
2022-05-10 16:43:56,MWB,MZ
2022-05-10 16:43:56,LL,MZ
2022-05-10 16:43:56,IG,LL
2022-05-10 16:43:56,LL,PL
2022-05-10 16:43:56,MTP,PL
2022-05-10 16:43:56,MZ,PL
2022-05-10 16:43:56,LL,MWB
2022-05-10 16:43:56,MCM,MZ
2022-05-10 16:43:57,DB,MCM
2022-05-10 16:43:57,LL,MZ
2022-05-10 16:43:57,MWB,PL
2022-05-10 16:43:57,MCM,MTP
2022-05-10 16:43:57,MGB,MZ
2022-05-10 16:43:57,MCM,MGB
2022-05-10 16:43:57,LL,MCM
2022-05-10 16:43:57,MGB,MTP
2022-05-10 16:43:57,DB,MGB
2022-05-10 16:43:57,DB,PL
2022-05-10 16:43:57,LL,MTP
2022-05-10 16:43:57,MTP,PL
2022-05-10 16:43:57,IG,MGB
2022-05-10 16:43:57,MZ,PL
2022-05-10 16:43:57,MWB,MZ
2022-05-10 16:43:57,IG,PL
2022-05-10 16:43:57,IG,MTP
2022-05-10 16:43:57,LL,MGB
2022-05-10 16:43:57,MGB,PL
2022-05-10 16:43:57,IG,MWB
2022-05-10 16:43:57,IG,MZ
2022-05-10 16:43:57,MCM,PL
2022-05-10 16:43:57,LL,PL
2022-05-10 16:43:57,MTP,MWB
2022-05-10 16:43:57,IG,MCM
2022-05-10 16:43:57,MCM,MZ
2022-05-10 16:43:57,LL,MWB
2022-05-10 16:43:57,MCM,MWB
2022-05-10 16:43:57,IG,LL
2022-05-10 16:43:57,MTP,MZ
2022-05-10 16:43:57,MGB,MWB
2022-05-10 16:43:58,IG,LL
2022-05-10 16:43:58,LL,MCM
2022-05-10 16:43:58,MGB,MTP
2022-05-10 16:43:58,IG,PL
2022-05-10 16:43:58,MGB,MZ
2022-05-10 16:43:58,LL,MTP
2022-05-10 16:43:58,MCM,MZ
2022-05-10 16:43:58,DB,PL
2022-05-10 16:43:58,DB,MGB
2022-05-10 16:43:58,MZ,PL
2022-05-10 16:43:58,MGB,PL
2022-05-10 16:43:58,MCM,MTP
2022-05-10 16:43:58,LL,MZ
2022-05-10 16:43:58,IG,MWB
2022-05-10 16:43:58,IG,MGB
2022-05-10 16:43:58,MTP,MWB
2022-05-10 16:43:58,MWB,MZ
2022-05-10 16:43:58,LL,MGB
2022-05-10 16:43:58,IG,MZ
2022-05-10 16:43:58,MCM,MWB
2022-05-10 16:43:58,MTP,MZ
2022-05-10 16:43:58,IG,MCM
2022-05-10 16:43:58,LL,PL
2022-05-10 16:43:58,DB,MCM
2022-05-10 16:43:58,MGB,MWB
2022-05-10 16:43:58,MCM,MGB
2022-05-10 16:43:58,MCM,PL
2022-05-10 16:43:58,LL,MWB
2022-05-10 16:43:58,MWB,PL
2022-05-10 16:43:58,IG,MTP
2022-05-10 16:43:58,MTP,PL
2022-05-10 16:43:59,MZ,PL
2022-05-10 16:43:59,DB,MGB
2022-05-10 16:43:59,IG,MWB
2022-05-10 16:43:59,MCM,PL
2022-05-10 16:43:59,DB,MCM
2022-05-10 16:43:59,MTP,MZ
2022-05-10 16:43:59,MWB,PL
2022-05-10 16:43:59,IG,MTP
2022-05-10 16:43:59,MTP,MWB
2022-05-10 16:43:59,MGB,MZ
2022-05-10 16:43:59,LL,MWB
2022-05-10 16:43:59,MGB,MTP
2022-05-10 16:43:59,LL,MCM
2022-05-10 16:43:59,MCM,MGB
2022-05-10 16:43:59,MGB,MWB
2022-05-10 16:43:59,LL,PL
2022-05-10 16:43:59,IG,MCM
2022-05-10 16:43:59,IG,MZ
2022-05-10 16:43:59,MWB,MZ
2022-05-10 16:43:59,LL,MGB
2022-05-10 16:43:59,LL,MZ
2022-05-10 16:43:59,LL,MTP
2022-05-10 16:43:59,DB,PL
2022-05-10 16:43:59,MTP,PL
2022-05-10 16:43:59,IG,LL
2022-05-10 16:43:59,IG,MGB
2022-05-10 16:43:59,MCM,MZ
2022-05-10 16:43:59,MCM,MTP
2022-05-10 16:43:59,MGB,PL
2022-05-10 16:43:59,IG,PL
2022-05-10 16:43:59,MCM,MWB
2022-05-10 16:44:00,MGB,MWB
2022-05-10 16:44:00,MGB,PL
2022-05-10 16:44:00,MWB,PL
2022-05-10 16:44:00,IG,MCM
2022-05-10 16:44:00,LL,MZ
2022-05-10 16:44:00,MTP,PL
2022-05-10 16:44:00,DB,PL
2022-05-10 16:44:00,MCM,MZ
2022-05-10 16:44:00,MCM,MTP
2022-05-10 16:44:00,LL,MTP
2022-05-10 16:44:00,LL,MCM
2022-05-10 16:44:00,DB,MGB
2022-05-10 16:44:00,LL,MGB
2022-05-10 16:44:00,DB,MCM
2022-05-10 16:44:00,MWB,MZ
2022-05-10 16:44:00,MCM,MWB
2022-05-10 16:44:00,MGB,MTP
2022-05-10 16:44:00,IG,PL
2022-05-10 16:44:00,IG,MWB
2022-05-10 16:44:00,MCM,MGB
2022-05-10 16:44:00,IG,MZ
2022-05-10 16:44:00,MZ,PL
2022-05-10 16:44:00,DB,MZ
2022-05-10 16:44:00,IG,LL
2022-05-10 16:44:00,IG,MGB
2022-05-10 16:44:00,MGB,MZ
2022-05-10 16:44:00,MCM,PL
2022-05-10 16:44:00,IG,MTP
2022-05-10 16:44:00,MTP,MZ
2022-05-10 16:44:00,LL,PL
2022-05-10 16:44:00,LL,MWB
2022-05-10 16:44:00,MTP,MWB
2022-05-10 16:44:01,MTP,MWB
2022-05-10 16:44:01,DB,MCM
2022-05-10 16:44:01,MGB,MZ
2022-05-10 16:44:01,IG,MZ
2022-05-10 16:44:01,DB,MWB
2022-05-10 16:44:01,DB,MTP
2022-05-10 16:44:01,IG,PL
2022-05-10 16:44:01,MZ,PL
2022-05-10 16:44:01,IG,MGB
2022-05-10 16:44:01,LL,MZ
2022-05-10 16:44:01,MGB,MWB
2022-05-10 16:44:01,MTP,PL
2022-05-10 16:44:01,MCM,MGB
2022-05-10 16:44:01,LL,MTP
2022-05-10 16:44:01,MCM,MWB
2022-05-10 16:44:01,MCM,MTP
2022-05-10 16:44:01,DB,MGB
2022-05-10 16:44:01,DB,LL
2022-05-10 16:44:01,DB,MZ
2022-05-10 16:44:01,IG,MTP
2022-05-10 16:44:01,MTP,MZ
2022-05-10 16:44:01,LL,MWB
2022-05-10 16:44:01,MCM,PL
2022-05-10 16:44:01,IG,LL
2022-05-10 16:44:01,IG,MWB
2022-05-10 16:44:01,LL,PL
2022-05-10 16:44:01,MGB,MTP
2022-05-10 16:44:01,MGB,PL
2022-05-10 16:44:01,LL,MGB
2022-05-10 16:44:01,IG,MCM
2022-05-10 16:44:01,MWB,MZ
2022-05-10 16:44:01,LL,MCM
2022-05-10 16:44:01,MWB,PL
2022-05-10 16:44:01,DB,PL
2022-05-10 16:44:01,MCM,MZ
2022-05-10 16:44:02,DB,LL
2022-05-10 16:44:02,MGB,MWB
2022-05-10 16:44:02,IG,LL
2022-05-10 16:44:02,MZ,PL
2022-05-10 16:44:02,MCM,MZ
2022-05-10 16:44:02,MTP,MWB
2022-05-10 16:44:02,IG,MZ
2022-05-10 16:44:02,DB,MZ
2022-05-10 16:44:02,DB,MCM
2022-05-10 16:44:02,IG,MWB
2022-05-10 16:44:02,IG,MCM
2022-05-10 16:44:02,LL,MWB
2022-05-10 16:44:02,MCM,MTP
2022-05-10 16:44:02,MGB,MZ
2022-05-10 16:44:02,MCM,MGB
2022-05-10 16:44:02,LL,PL
2022-05-10 16:44:02,DB,MWB
2022-05-10 16:44:02,IG,PL
2022-05-10 16:44:02,LL,MCM
2022-05-10 16:44:02,MWB,MZ
2022-05-10 16:44:02,MTP,PL
2022-05-10 16:44:02,DB,MGB
2022-05-10 16:44:02,MWB,PL
2022-05-10 16:44:02,LL,MTP
2022-05-10 16:44:02,MGB,PL
2022-05-10 16:44:02,MGB,MTP
2022-05-10 16:44:02,LL,MGB
2022-05-10 16:44:02,LL,MZ
2022-05-10 16:44:02,DB,PL
2022-05-10 16:44:02,IG,MTP
2022-05-10 16:44:02,MCM,MWB
2022-05-10 16:44:02,IG,MGB
2022-05-10 16:44:02,DB,MTP
2022-05-10 16:44:02,MTP,MZ
2022-05-10 16:44:02,MCM,PL
2022-05-10 16:44:03,MCM,MZ
2022-05-10 16:44:03,MCM,MWB
2022-05-10 16:44:03,IG,MCM
2022-05-10 16:44:03,DB,PL
2022-05-10 16:44:03,IG,MTP
2022-05-10 16:44:03,MWB,PL
2022-05-10 16:44:03,MCM,PL
2022-05-10 16:44:03,MGB,MZ
2022-05-10 16:44:03,MGB,PL
2022-05-10 16:44:03,MTP,MZ
2022-05-10 16:44:03,MGB,MTP
2022-05-10 16:44:03,IG,LL
2022-05-10 16:44:03,LL,PL
2022-05-10 16:44:03,DB,MZ
2022-05-10 16:44:03,IG,MWB
2022-05-10 16:44:03,LL,MWB
2022-05-10 16:44:03,LL,MGB
2022-05-10 16:44:03,LL,MCM
2022-05-10 16:44:03,DB,LL
2022-05-10 16:44:03,DB,MTP
2022-05-10 16:44:03,IG,MGB
2022-05-10 16:44:03,MTP,MWB
2022-05-10 16:44:03,LL,MZ
2022-05-10 16:44:03,MCM,MGB
2022-05-10 16:44:03,IG,MZ
2022-05-10 16:44:03,IG,PL
2022-05-10 16:44:03,MGB,MWB
2022-05-10 16:44:03,LL,MTP
2022-05-10 16:44:03,DB,MWB
2022-05-10 16:44:03,DB,MGB
2022-05-10 16:44:03,MTP,PL
2022-05-10 16:44:03,MCM,MTP
2022-05-10 16:44:03,MWB,MZ
2022-05-10 16:44:03,DB,MCM
2022-05-10 16:44:03,MZ,PL
2022-05-10 16:44:04,DB,MWB
2022-05-10 16:44:04,MTP,MWB
2022-05-10 16:44:04,MCM,MGB
2022-05-10 16:44:04,DB,LL
2022-05-10 16:44:04,LL,MCM
2022-05-10 16:44:04,DB,MGB
2022-05-10 16:44:04,MWB,PL
2022-05-10 16:44:04,MCM,PL
2022-05-10 16:44:04,MCM,MZ
2022-05-10 16:44:04,MGB,MTP
2022-05-10 16:44:04,MGB,MWB
2022-05-10 16:44:04,IG,PL
2022-05-10 16:44:04,DB,MTP
2022-05-10 16:44:04,DB,MZ
2022-05-10 16:44:04,LL,MWB
2022-05-10 16:44:04,MWB,MZ
2022-05-10 16:44:04,LL,MZ
2022-05-10 16:44:04,MCM,MTP
2022-05-10 16:44:04,MTP,PL
2022-05-10 16:44:04,MZ,PL
2022-05-10 16:44:04,DB,MCM
2022-05-10 16:44:04,IG,MCM
2022-05-10 16:44:04,LL,PL
2022-05-10 16:44:04,DB,PL
2022-05-10 16:44:04,MGB,MZ
2022-05-10 16:44:04,MGB,PL
2022-05-10 16:44:04,MCM,MWB
2022-05-10 16:44:04,IG,LL
2022-05-10 16:44:04,LL,MGB
2022-05-10 16:44:04,IG,MWB
2022-05-10 16:44:04,IG,MZ
2022-05-10 16:44:04,MTP,MZ
2022-05-10 16:44:04,IG,MTP
2022-05-10 16:44:04,DB,IG
2022-05-10 16:44:04,IG,MGB
2022-05-10 16:44:04,LL,MTP
2022-05-10 16:44:05,IG,MGB
2022-05-10 16:44:05,LL,MGB
2022-05-10 16:44:05,DB,MTP
2022-05-10 16:44:05,DB,MGB
2022-05-10 16:44:05,LL,MZ
2022-05-10 16:44:05,IG,MZ
2022-05-10 16:44:05,LL,MTP
2022-05-10 16:44:05,MCM,MWB
2022-05-10 16:44:05,MGB,MZ
2022-05-10 16:44:05,MWB,MZ
2022-05-10 16:44:05,MTP,PL
2022-05-10 16:44:05,LL,MCM
2022-05-10 16:44:05,MWB,PL
2022-05-10 16:44:05,DB,PL
2022-05-10 16:44:05,MGB,PL
2022-05-10 16:44:05,IG,MWB
2022-05-10 16:44:05,MGB,MTP
2022-05-10 16:44:05,MCM,PL
2022-05-10 16:44:05,MTP,MZ
2022-05-10 16:44:05,DB,LL
2022-05-10 16:44:05,IG,MTP
2022-05-10 16:44:05,IG,PL
2022-05-10 16:44:05,MCM,MGB
2022-05-10 16:44:05,DB,MWB
2022-05-10 16:44:05,IG,MCM
2022-05-10 16:44:05,LL,MWB
2022-05-10 16:44:05,IG,LL
2022-05-10 16:44:05,DB,MZ
2022-05-10 16:44:05,MCM,MZ
2022-05-10 16:44:05,MCM,MTP
2022-05-10 16:44:05,MTP,MWB
2022-05-10 16:44:05,MGB,MWB
2022-05-10 16:44:05,DB,MCM
2022-05-10 16:44:05,LL,PL
2022-05-10 16:44:05,DB,IG
2022-05-10 16:44:05,MZ,PL
2022-05-10 16:44:06,MWB,PL
2022-05-10 16:44:06,DB,IG
2022-05-10 16:44:06,LL,MCM
2022-05-10 16:44:06,MCM,MZ
2022-05-10 16:44:06,DB,MZ
2022-05-10 16:44:06,DB,PL
2022-05-10 16:44:06,LL,PL
2022-05-10 16:44:06,MGB,PL
2022-05-10 16:44:06,MTP,PL
2022-05-10 16:44:06,IG,MWB
2022-05-10 16:44:06,MGB,MTP
2022-05-10 16:44:06,MCM,PL
2022-05-10 16:44:06,IG,LL
2022-05-10 16:44:06,MTP,MZ
2022-05-10 16:44:06,MCM,MWB
2022-05-10 16:44:06,DB,MWB
2022-05-10 16:44:06,DB,LL
2022-05-10 16:44:06,IG,MTP
2022-05-10 16:44:06,LL,MWB
2022-05-10 16:44:06,IG,MZ
2022-05-10 16:44:06,MWB,MZ
2022-05-10 16:44:06,MCM,MGB
2022-05-10 16:44:06,MGB,MWB
2022-05-10 16:44:06,DB,MGB
2022-05-10 16:44:06,IG,MCM
2022-05-10 16:44:06,LL,MTP
2022-05-10 16:44:06,MTP,MWB
2022-05-10 16:44:06,MZ,PL
2022-05-10 16:44:06,LL,MGB
2022-05-10 16:44:06,MCM,MTP
2022-05-10 16:44:06,DB,MTP
2022-05-10 16:44:06,DB,MCM
2022-05-10 16:44:06,MGB,MZ
2022-05-10 16:44:06,IG,MGB
2022-05-10 16:44:06,IG,PL
2022-05-10 16:44:06,LL,MZ
2022-05-10 16:44:07,LL,MGB
2022-05-10 16:44:07,DB,MWB
2022-05-10 16:44:07,LL,MZ
2022-05-10 16:44:07,DB,LL
2022-05-10 16:44:07,DB,MCM
2022-05-10 16:44:07,MCM,MGB
2022-05-10 16:44:07,MTP,MZ
2022-05-10 16:44:07,MGB,PL
2022-05-10 16:44:07,LL,MWB
2022-05-10 16:44:07,MCM,MWB
2022-05-10 16:44:07,IG,MCM
2022-05-10 16:44:07,MGB,MTP
2022-05-10 16:44:07,LL,PL
2022-05-10 16:44:07,MGB,MWB
2022-05-10 16:44:07,DB,PL
2022-05-10 16:44:07,DB,MZ
2022-05-10 16:44:07,MCM,MZ
2022-05-10 16:44:07,MTP,PL
2022-05-10 16:44:07,DB,MGB
2022-05-10 16:44:07,MWB,PL
2022-05-10 16:44:07,DB,IG
2022-05-10 16:44:07,MZ,PL
2022-05-10 16:44:07,IG,MZ
2022-05-10 16:44:07,MWB,MZ
2022-05-10 16:44:07,MCM,PL
2022-05-10 16:44:07,IG,MGB
2022-05-10 16:44:07,IG,MTP
2022-05-10 16:44:07,MCM,MTP
2022-05-10 16:44:07,DB,MTP
2022-05-10 16:44:07,LL,MTP
2022-05-10 16:44:07,MGB,MZ
2022-05-10 16:44:07,IG,PL
2022-05-10 16:44:07,MTP,MWB
2022-05-10 16:44:07,IG,MWB
2022-05-10 16:44:07,LL,MCM
2022-05-10 16:44:07,IG,LL
2022-05-10 16:44:08,IG,MTP
2022-05-10 16:44:08,LL,MGB
2022-05-10 16:44:08,MCM,MZ
2022-05-10 16:44:08,IG,MWB
2022-05-10 16:44:08,MGB,MZ
2022-05-10 16:44:08,IG,MZ
2022-05-10 16:44:08,MWB,PL
2022-05-10 16:44:08,DB,IG
2022-05-10 16:44:08,LL,MCM
2022-05-10 16:44:08,LL,PL
2022-05-10 16:44:08,MZ,PL
2022-05-10 16:44:08,IG,MCM
2022-05-10 16:44:08,MGB,MTP
2022-05-10 16:44:08,DB,MCM
2022-05-10 16:44:08,MTP,MZ
2022-05-10 16:44:08,MGB,PL
2022-05-10 16:44:08,IG,PL
2022-05-10 16:44:08,IG,LL
2022-05-10 16:44:08,MCM,MWB
2022-05-10 16:44:08,MCM,MTP
2022-05-10 16:44:08,DB,MWB
2022-05-10 16:44:08,DB,MTP
2022-05-10 16:44:08,DB,PL
2022-05-10 16:44:08,DB,MZ
2022-05-10 16:44:08,DB,MGB
2022-05-10 16:44:08,LL,MZ
2022-05-10 16:44:08,MTP,PL
2022-05-10 16:44:08,MTP,MWB
2022-05-10 16:44:08,LL,MWB
2022-05-10 16:44:08,MWB,MZ
2022-05-10 16:44:08,LL,MTP
2022-05-10 16:44:08,DB,LL
2022-05-10 16:44:08,MCM,PL
2022-05-10 16:44:08,MGB,MWB
2022-05-10 16:44:08,MCM,MGB
2022-05-10 16:44:08,IG,MGB
2022-05-10 16:44:09,MCM,MGB
2022-05-10 16:44:09,IG,MCM
2022-05-10 16:44:09,MZ,PL
2022-05-10 16:44:09,MGB,MWB
2022-05-10 16:44:09,MTP,MZ
2022-05-10 16:44:09,IG,MTP
2022-05-10 16:44:09,IG,LL
2022-05-10 16:44:09,DB,MZ
2022-05-10 16:44:09,IG,PL
2022-05-10 16:44:09,MTP,MWB
2022-05-10 16:44:09,DB,MGB
2022-05-10 16:44:09,LL,MWB
2022-05-10 16:44:09,MCM,MWB
2022-05-10 16:44:09,MWB,MZ
2022-05-10 16:44:09,MWB,PL
2022-05-10 16:44:09,MGB,PL
2022-05-10 16:44:09,MTP,PL
2022-05-10 16:44:09,DB,MTP
2022-05-10 16:44:09,LL,MCM
2022-05-10 16:44:09,MCM,MZ
2022-05-10 16:44:09,LL,PL
2022-05-10 16:44:09,IG,MGB
2022-05-10 16:44:09,DB,MWB
2022-05-10 16:44:09,IG,MZ
2022-05-10 16:44:09,MGB,MZ
2022-05-10 16:44:09,IG,MWB
2022-05-10 16:44:09,DB,PL
2022-05-10 16:44:09,LL,MGB
2022-05-10 16:44:09,MGB,MTP
2022-05-10 16:44:09,DB,MCM
2022-05-10 16:44:09,DB,IG
2022-05-10 16:44:09,MCM,MTP
2022-05-10 16:44:09,MCM,PL
2022-05-10 16:44:09,LL,MZ
2022-05-10 16:44:09,DB,LL
2022-05-10 16:44:09,LL,MTP
2022-05-10 16:44:10,DB,IG
2022-05-10 16:44:10,IG,MGB
2022-05-10 16:44:10,MCM,MZ
2022-05-10 16:44:10,IG,MZ
2022-05-10 16:44:10,IG,PL
2022-05-10 16:44:10,MGB,PL
2022-05-10 16:44:10,DB,MTP
2022-05-10 16:44:10,MCM,MWB
2022-05-10 16:44:10,DB,MGB
2022-05-10 16:44:10,MTP,MZ
2022-05-10 16:44:10,MWB,PL
2022-05-10 16:44:10,MTP,PL
2022-05-10 16:44:10,IG,LL
2022-05-10 16:44:10,MWB,MZ
2022-05-10 16:44:10,LL,MGB
2022-05-10 16:44:10,IG,MWB
2022-05-10 16:44:10,LL,MWB
2022-05-10 16:44:10,LL,MZ
2022-05-10 16:44:10,LL,MCM
2022-05-10 16:44:10,IG,MTP
2022-05-10 16:44:10,LL,MTP
2022-05-10 16:44:10,MCM,MTP
2022-05-10 16:44:10,MGB,MWB
2022-05-10 16:44:10,MGB,MZ
2022-05-10 16:44:10,DB,LL
2022-05-10 16:44:10,IG,MCM
2022-05-10 16:44:10,MCM,MGB
2022-05-10 16:44:10,MGB,MTP
2022-05-10 16:44:10,DB,PL
2022-05-10 16:44:10,MCM,PL
2022-05-10 16:44:10,MZ,PL
2022-05-10 16:44:10,DB,MZ
2022-05-10 16:44:10,DB,MCM
2022-05-10 16:44:10,MTP,MWB
2022-05-10 16:44:10,DB,MWB
2022-05-10 16:44:10,LL,PL
2022-05-10 16:44:11,DB,LL
2022-05-10 16:44:11,IG,MGB
2022-05-10 16:44:11,IG,MTP
2022-05-10 16:44:11,MGB,PL
2022-05-10 16:44:11,DB,MTP
2022-05-10 16:44:11,MGB,MWB
2022-05-10 16:44:11,MWB,MZ
2022-05-10 16:44:11,DB,PL
2022-05-10 16:44:11,LL,MZ
2022-05-10 16:44:11,MTP,MWB
2022-05-10 16:44:11,MCM,MGB
2022-05-10 16:44:11,DB,MZ
2022-05-10 16:44:11,DB,MGB
2022-05-10 16:44:11,LL,MWB
2022-05-10 16:44:11,IG,PL
2022-05-10 16:44:11,IG,LL
2022-05-10 16:44:11,LL,PL
2022-05-10 16:44:11,DB,MWB
2022-05-10 16:44:11,MGB,MTP
2022-05-10 16:44:11,LL,MCM
2022-05-10 16:44:11,LL,MTP
2022-05-10 16:44:11,IG,MCM
2022-05-10 16:44:11,IG,MZ
2022-05-10 16:44:11,MCM,MZ
2022-05-10 16:44:11,IG,MWB
2022-05-10 16:44:11,DB,MCM
2022-05-10 16:44:11,MGB,MZ
2022-05-10 16:44:11,MZ,PL
2022-05-10 16:44:11,MTP,MZ
2022-05-10 16:44:11,LL,MGB
2022-05-10 16:44:11,DB,IG
2022-05-10 16:44:11,MCM,MTP
2022-05-10 16:44:11,MCM,MWB
2022-05-10 16:44:11,MCM,PL
2022-05-10 16:44:11,MTP,PL
2022-05-10 16:44:11,MWB,PL
2022-05-10 16:44:12,MGB,MWB
2022-05-10 16:44:12,IG,MCM
2022-05-10 16:44:12,MCM,MTP
2022-05-10 16:44:12,LL,MZ
2022-05-10 16:44:12,LL,MTP
2022-05-10 16:44:12,DB,MZ
2022-05-10 16:44:12,MCM,MWB
2022-05-10 16:44:12,IG,MTP
2022-05-10 16:44:12,IG,LL
2022-05-10 16:44:12,LL,PL
2022-05-10 16:44:12,MGB,PL
2022-05-10 16:44:12,LL,MGB
2022-05-10 16:44:12,IG,MGB
2022-05-10 16:44:12,DB,IG
2022-05-10 16:44:12,LL,MWB
2022-05-10 16:44:12,DB,PL
2022-05-10 16:44:12,MGB,MZ
2022-05-10 16:44:12,IG,MWB
2022-05-10 16:44:12,MTP,MZ
2022-05-10 16:44:12,IG,MZ
2022-05-10 16:44:12,MTP,MWB
2022-05-10 16:44:12,DB,MCM
2022-05-10 16:44:12,MZ,PL
2022-05-10 16:44:12,MCM,MZ
2022-05-10 16:44:12,DB,MGB
2022-05-10 16:44:12,DB,MTP
2022-05-10 16:44:12,MWB,MZ
2022-05-10 16:44:12,DB,LL
2022-05-10 16:44:12,MGB,MTP
2022-05-10 16:44:12,MCM,MGB
2022-05-10 16:44:12,MTP,PL
2022-05-10 16:44:12,MWB,PL
2022-05-10 16:44:12,IG,PL
2022-05-10 16:44:12,MCM,PL
2022-05-10 16:44:12,LL,MCM
2022-05-10 16:44:12,DB,MWB
2022-05-10 16:44:13,MCM,PL
2022-05-10 16:44:13,LL,MZ
2022-05-10 16:44:13,MCM,MGB
2022-05-10 16:44:13,LL,PL
2022-05-10 16:44:13,MZ,PL
2022-05-10 16:44:13,IG,LL
2022-05-10 16:44:13,DB,MZ
2022-05-10 16:44:13,IG,MTP
2022-05-10 16:44:13,LL,MWB
2022-05-10 16:44:13,DB,MCM
2022-05-10 16:44:13,LL,MGB
2022-05-10 16:44:13,DB,MTP
2022-05-10 16:44:13,DB,IG
2022-05-10 16:44:13,MTP,MWB
2022-05-10 16:44:13,MTP,MZ
2022-05-10 16:44:13,MWB,PL
2022-05-10 16:44:13,MGB,PL
2022-05-10 16:44:13,IG,PL
2022-05-10 16:44:13,DB,MGB
2022-05-10 16:44:13,MCM,MWB
2022-05-10 16:44:13,IG,MZ
2022-05-10 16:44:13,LL,MCM
2022-05-10 16:44:13,MCM,MZ
2022-05-10 16:44:13,MGB,MZ
2022-05-10 16:44:13,MGB,MTP
2022-05-10 16:44:13,DB,MWB
2022-05-10 16:44:13,IG,MCM
2022-05-10 16:44:13,MTP,PL
2022-05-10 16:44:13,DB,LL
2022-05-10 16:44:13,MWB,MZ
2022-05-10 16:44:13,LL,MTP
2022-05-10 16:44:13,MCM,MTP
2022-05-10 16:44:13,DB,PL
2022-05-10 16:44:13,IG,MGB
2022-05-10 16:44:13,IG,MWB
2022-05-10 16:44:13,MGB,MWB
2022-05-10 16:44:14,DB,MGB
2022-05-10 16:44:14,MWB,MZ
2022-05-10 16:44:14,DB,MWB
2022-05-10 16:44:14,MGB,MZ
2022-05-10 16:44:14,IG,MWB
2022-05-10 16:44:14,DB,IG
2022-05-10 16:44:14,LL,MTP
2022-05-10 16:44:14,IG,PL
2022-05-10 16:44:14,MTP,MWB
2022-05-10 16:44:14,DB,PL
2022-05-10 16:44:14,MWB,PL
2022-05-10 16:44:14,MTP,MZ
2022-05-10 16:44:14,DB,MCM
2022-05-10 16:44:14,DB,MTP
2022-05-10 16:44:14,MTP,PL
2022-05-10 16:44:14,MCM,MTP
2022-05-10 16:44:14,IG,MTP
2022-05-10 16:44:14,LL,MCM
2022-05-10 16:44:14,IG,LL
2022-05-10 16:44:14,LL,MGB
2022-05-10 16:44:14,MGB,MWB
2022-05-10 16:44:14,MGB,PL
2022-05-10 16:44:14,DB,LL
2022-05-10 16:44:14,MZ,PL
2022-05-10 16:44:14,LL,MZ
2022-05-10 16:44:14,IG,MZ
2022-05-10 16:44:14,MGB,MTP
2022-05-10 16:44:14,MCM,MZ
2022-05-10 16:44:14,LL,MWB
2022-05-10 16:44:14,DB,MZ
2022-05-10 16:44:14,IG,MCM
2022-05-10 16:44:14,LL,PL
2022-05-10 16:44:14,MCM,MWB
2022-05-10 16:44:14,MCM,MGB
2022-05-10 16:44:14,IG,MGB
2022-05-10 16:44:14,MCM,PL
2022-05-10 16:44:15,DB,LL
2022-05-10 16:44:15,MGB,PL
2022-05-10 16:44:15,DB,IG
2022-05-10 16:44:15,MTP,MWB
2022-05-10 16:44:15,MWB,PL
2022-05-10 16:44:15,MWB,MZ
2022-05-10 16:44:15,MCM,MWB
2022-05-10 16:44:15,LL,MCM
2022-05-10 16:44:15,IG,MZ
2022-05-10 16:44:15,IG,MTP
2022-05-10 16:44:15,MCM,MTP
2022-05-10 16:44:15,IG,LL
2022-05-10 16:44:15,MGB,MTP
2022-05-10 16:44:15,DB,MCM
2022-05-10 16:44:15,LL,MWB
2022-05-10 16:44:15,IG,PL
2022-05-10 16:44:15,MCM,MZ
2022-05-10 16:44:15,MCM,MGB
2022-05-10 16:44:15,DB,MZ
2022-05-10 16:44:15,MCM,PL
2022-05-10 16:44:15,MTP,MZ
2022-05-10 16:44:15,LL,MGB
2022-05-10 16:44:15,MGB,MZ
2022-05-10 16:44:15,IG,MGB
2022-05-10 16:44:15,DB,MTP
2022-05-10 16:44:15,LL,PL
2022-05-10 16:44:15,MGB,MWB
2022-05-10 16:44:15,IG,MCM
2022-05-10 16:44:15,LL,MZ
2022-05-10 16:44:15,DB,MWB
2022-05-10 16:44:15,IG,MWB
2022-05-10 16:44:15,MTP,PL
2022-05-10 16:44:15,DB,PL
2022-05-10 16:44:15,MZ,PL
2022-05-10 16:44:15,DB,MGB
2022-05-10 16:44:15,LL,MTP
2022-05-10 16:44:16,LL,MGB
2022-05-10 16:44:16,LL,MCM
2022-05-10 16:44:16,DB,MWB
2022-05-10 16:44:16,LL,MTP
2022-05-10 16:44:16,IG,MWB
2022-05-10 16:44:16,DB,MZ
2022-05-10 16:44:16,LL,MWB
2022-05-10 16:44:16,MTP,MZ
2022-05-10 16:44:16,MCM,MTP
2022-05-10 16:44:16,MGB,PL
2022-05-10 16:44:16,IG,MCM
2022-05-10 16:44:16,DB,PL
2022-05-10 16:44:16,MGB,MTP
2022-05-10 16:44:16,MCM,PL
2022-05-10 16:44:16,MGB,MWB
2022-05-10 16:44:16,IG,MZ
2022-05-10 16:44:16,IG,PL
2022-05-10 16:44:16,MCM,MZ
2022-05-10 16:44:16,DB,MGB
2022-05-10 16:44:16,MTP,MWB
2022-05-10 16:44:16,MWB,MZ
2022-05-10 16:44:16,IG,MTP
2022-05-10 16:44:16,MZ,PL
2022-05-10 16:44:16,DB,MCM
2022-05-10 16:44:16,IG,MGB
2022-05-10 16:44:16,MWB,PL
2022-05-10 16:44:16,LL,MZ
2022-05-10 16:44:16,DB,MTP
2022-05-10 16:44:16,MTP,PL
2022-05-10 16:44:16,DB,LL
2022-05-10 16:44:16,IG,LL
2022-05-10 16:44:16,MCM,MWB
2022-05-10 16:44:16,MGB,MZ
2022-05-10 16:44:16,MCM,MGB
2022-05-10 16:44:16,LL,PL
2022-05-10 16:44:16,DB,IG
2022-05-10 16:44:17,DB,IG
2022-05-10 16:44:17,MCM,MZ
2022-05-10 16:44:17,MTP,MWB
2022-05-10 16:44:17,MGB,MZ
2022-05-10 16:44:17,IG,MTP
2022-05-10 16:44:17,MCM,MWB
2022-05-10 16:44:17,MZ,PL
2022-05-10 16:44:17,DB,MWB
2022-05-10 16:44:17,LL,MCM
2022-05-10 16:44:17,LL,PL
2022-05-10 16:44:17,IG,MCM
2022-05-10 16:44:17,IG,MWB
2022-05-10 16:44:17,MWB,PL
2022-05-10 16:44:17,LL,MTP
2022-05-10 16:44:17,DB,MZ
2022-05-10 16:44:17,LL,MZ
2022-05-10 16:44:17,MGB,MTP
2022-05-10 16:44:17,MCM,PL
2022-05-10 16:44:17,MWB,MZ
2022-05-10 16:44:17,IG,LL
2022-05-10 16:44:17,MTP,PL
2022-05-10 16:44:17,IG,MZ
2022-05-10 16:44:17,MCM,MGB
2022-05-10 16:44:17,DB,MTP
2022-05-10 16:44:17,DB,PL
2022-05-10 16:44:17,DB,MGB
2022-05-10 16:44:17,IG,MGB
2022-05-10 16:44:17,MGB,MWB
2022-05-10 16:44:17,LL,MGB
2022-05-10 16:44:17,MCM,MTP
2022-05-10 16:44:17,DB,MCM
2022-05-10 16:44:17,MGB,PL
2022-05-10 16:44:17,MTP,MZ
2022-05-10 16:44:17,DB,LL
2022-05-10 16:44:17,IG,PL
2022-05-10 16:44:17,LL,MWB
2022-05-10 16:44:18,MCM,MZ
2022-05-10 16:44:18,DB,MTP
2022-05-10 16:44:18,LL,MZ
2022-05-10 16:44:18,IG,PL
2022-05-10 16:44:18,LL,MCM
2022-05-10 16:44:18,IG,MCM
2022-05-10 16:44:18,MCM,PL
2022-05-10 16:44:18,MZ,PL
2022-05-10 16:44:18,LL,PL
2022-05-10 16:44:18,MCM,MGB
2022-05-10 16:44:18,DB,MWB
2022-05-10 16:44:18,MGB,MWB
2022-05-10 16:44:18,LL,MGB
2022-05-10 16:44:18,DB,MZ
2022-05-10 16:44:18,MTP,MWB
2022-05-10 16:44:18,MTP,PL
2022-05-10 16:44:18,MTP,MZ
2022-05-10 16:44:18,DB,PL
2022-05-10 16:44:18,IG,MGB
2022-05-10 16:44:18,DB,MGB
2022-05-10 16:44:18,MGB,MZ
2022-05-10 16:44:18,IG,MZ
2022-05-10 16:44:18,MGB,MTP
2022-05-10 16:44:18,IG,MWB
2022-05-10 16:44:18,DB,MCM
2022-05-10 16:44:18,MWB,PL
2022-05-10 16:44:18,IG,MTP
2022-05-10 16:44:18,LL,MWB
2022-05-10 16:44:18,MGB,PL
2022-05-10 16:44:18,LL,MTP
2022-05-10 16:44:18,MWB,MZ
2022-05-10 16:44:18,DB,LL
2022-05-10 16:44:18,IG,LL
2022-05-10 16:44:18,MCM,MTP
2022-05-10 16:44:18,MCM,MWB
2022-05-10 16:44:18,DB,IG
2022-05-10 16:44:19,MCM,MWB
2022-05-10 16:44:19,MGB,MWB
2022-05-10 16:44:19,MWB,PL
2022-05-10 16:44:19,LL,MWB
2022-05-10 16:44:19,MWB,MZ
2022-05-10 16:44:19,DB,MWB
2022-05-10 16:44:19,MCM,MTP
2022-05-10 16:44:19,IG,MWB
2022-05-10 16:44:19,LL,MTP
2022-05-10 16:44:19,DB,MZ
2022-05-10 16:44:19,DB,LL
2022-05-10 16:44:19,MTP,MWB
2022-05-10 16:44:19,MTP,PL
2022-05-10 16:44:19,LL,MCM
2022-05-10 16:44:19,MGB,MZ
2022-05-10 16:44:19,LL,MGB
2022-05-10 16:44:19,MCM,PL
2022-05-10 16:44:19,LL,PL
2022-05-10 16:44:19,MCM,MZ
2022-05-10 16:44:19,IG,MTP
2022-05-10 16:44:19,DB,MCM
2022-05-10 16:44:19,DB,MTP
2022-05-10 16:44:19,MGB,PL
2022-05-10 16:44:19,MZ,PL
2022-05-10 16:44:19,MGB,MTP
2022-05-10 16:44:19,LL,MZ
2022-05-10 16:44:19,DB,MGB
2022-05-10 16:44:19,DB,PL
2022-05-10 16:44:19,IG,MZ
2022-05-10 16:44:19,IG,LL
2022-05-10 16:44:19,IG,MCM
2022-05-10 16:44:19,MCM,MGB
2022-05-10 16:44:19,IG,MGB
2022-05-10 16:44:19,MTP,MZ
2022-05-10 16:44:19,DB,IG
2022-05-10 16:44:19,IG,PL
2022-05-10 16:44:20,MTP,PL
2022-05-10 16:44:20,LL,MCM
2022-05-10 16:44:20,MCM,MTP
2022-05-10 16:44:20,MGB,MTP
2022-05-10 16:44:20,IG,PL
2022-05-10 16:44:20,LL,MGB
2022-05-10 16:44:20,DB,PL
2022-05-10 16:44:20,IG,MCM
2022-05-10 16:44:20,IG,MGB
2022-05-10 16:44:20,IG,MTP
2022-05-10 16:44:20,IG,MWB
2022-05-10 16:44:20,MCM,PL
2022-05-10 16:44:20,LL,PL
2022-05-10 16:44:20,MTP,MWB
2022-05-10 16:44:20,MCM,MWB
2022-05-10 16:44:20,DB,LL
2022-05-10 16:44:20,LL,MWB
2022-05-10 16:44:20,IG,MZ
2022-05-10 16:44:20,DB,MWB
2022-05-10 16:44:20,MZ,PL
2022-05-10 16:44:20,MCM,MZ
2022-05-10 16:44:20,MGB,MZ
2022-05-10 16:44:20,DB,MZ
2022-05-10 16:44:20,MWB,PL
2022-05-10 16:44:20,MGB,PL
2022-05-10 16:44:20,IG,LL
2022-05-10 16:44:20,DB,IG
2022-05-10 16:44:20,DB,MCM
2022-05-10 16:44:20,MGB,MWB
2022-05-10 16:44:20,MTP,MZ
2022-05-10 16:44:20,LL,MTP
2022-05-10 16:44:20,DB,MTP
2022-05-10 16:44:20,LL,MZ
2022-05-10 16:44:20,MWB,MZ
2022-05-10 16:44:20,MCM,MGB
2022-05-10 16:44:20,DB,MGB
2022-05-10 16:44:21,IG,MTP
2022-05-10 16:44:21,DB,MCM
2022-05-10 16:44:21,LL,MCM
2022-05-10 16:44:21,DB,IG
2022-05-10 16:44:21,MWB,MZ
2022-05-10 16:44:21,DB,LL
2022-05-10 16:44:21,IG,PL
2022-05-10 16:44:21,MGB,MZ
2022-05-10 16:44:21,DB,MGB
2022-05-10 16:44:21,MWB,PL
2022-05-10 16:44:21,MCM,MGB
2022-05-10 16:44:21,MGB,PL
2022-05-10 16:44:21,IG,MGB
2022-05-10 16:44:21,IG,LL
2022-05-10 16:44:21,MGB,MWB
2022-05-10 16:44:21,MGB,MTP
2022-05-10 16:44:21,MCM,MWB
2022-05-10 16:44:21,LL,MZ
2022-05-10 16:44:21,MCM,MTP
2022-05-10 16:44:21,LL,MWB
2022-05-10 16:44:21,LL,MGB
2022-05-10 16:44:21,DB,PL
2022-05-10 16:44:21,IG,MCM
2022-05-10 16:44:21,IG,MWB
2022-05-10 16:44:21,MTP,MZ
2022-05-10 16:44:21,LL,PL
2022-05-10 16:44:21,MCM,MZ
2022-05-10 16:44:21,MZ,PL
2022-05-10 16:44:21,MTP,PL
2022-05-10 16:44:21,IG,MZ
2022-05-10 16:44:21,DB,MZ
2022-05-10 16:44:21,DB,MTP
2022-05-10 16:44:21,MTP,MWB
2022-05-10 16:44:21,MCM,PL
2022-05-10 16:44:21,DB,MWB
2022-05-10 16:44:21,LL,MTP
2022-05-10 16:44:22,DB,MGB
2022-05-10 16:44:22,DB,MTP
2022-05-10 16:44:22,MCM,MWB
2022-05-10 16:44:22,LL,PL
2022-05-10 16:44:22,DB,PL
2022-05-10 16:44:22,MGB,MZ
2022-05-10 16:44:22,MTP,MWB
2022-05-10 16:44:22,IG,PL
2022-05-10 16:44:22,MCM,MGB
2022-05-10 16:44:22,MWB,MZ
2022-05-10 16:44:22,MTP,PL
2022-05-10 16:44:22,MCM,PL
2022-05-10 16:44:22,IG,MGB
2022-05-10 16:44:22,MGB,PL
2022-05-10 16:44:22,DB,MZ
2022-05-10 16:44:22,LL,MTP
2022-05-10 16:44:22,LL,MWB
2022-05-10 16:44:22,MCM,MTP
2022-05-10 16:44:22,IG,MTP
2022-05-10 16:44:22,LL,MCM
2022-05-10 16:44:22,DB,MWB
2022-05-10 16:44:22,DB,IG
2022-05-10 16:44:22,LL,MGB
2022-05-10 16:44:22,DB,MCM
2022-05-10 16:44:22,IG,MZ
2022-05-10 16:44:22,DB,LL
2022-05-10 16:44:22,MGB,MTP
2022-05-10 16:44:22,MWB,PL
2022-05-10 16:44:22,MCM,MZ
2022-05-10 16:44:22,MGB,MWB
2022-05-10 16:44:22,IG,MWB
2022-05-10 16:44:22,IG,LL
2022-05-10 16:44:22,LL,MZ
2022-05-10 16:44:22,IG,MCM
2022-05-10 16:44:22,MTP,MZ
2022-05-10 16:44:22,MZ,PL
2022-05-10 16:44:23,MZ,PL
2022-05-10 16:44:23,LL,MCM
2022-05-10 16:44:23,MCM,MGB
2022-05-10 16:44:23,IG,MTP
2022-05-10 16:44:23,LL,MGB
2022-05-10 16:44:23,MGB,MZ
2022-05-10 16:44:23,MTP,PL
2022-05-10 16:44:23,DB,MWB
2022-05-10 16:44:23,MTP,MZ
2022-05-10 16:44:23,DB,MTP
2022-05-10 16:44:23,MWB,MZ
2022-05-10 16:44:23,MCM,MWB
2022-05-10 16:44:23,MGB,MWB
2022-05-10 16:44:23,DB,PL
2022-05-10 16:44:23,DB,IG
2022-05-10 16:44:23,IG,LL
2022-05-10 16:44:23,MTP,MWB
2022-05-10 16:44:23,MGB,MTP
2022-05-10 16:44:23,MCM,MTP
2022-05-10 16:44:23,DB,LL
2022-05-10 16:44:23,MWB,PL
2022-05-10 16:44:23,MGB,PL
2022-05-10 16:44:23,MCM,MZ
2022-05-10 16:44:23,IG,MWB
2022-05-10 16:44:23,DB,MZ
2022-05-10 16:44:23,DB,MCM
2022-05-10 16:44:23,IG,MCM
2022-05-10 16:44:23,LL,PL
2022-05-10 16:44:23,LL,MWB
2022-05-10 16:44:23,IG,MGB
2022-05-10 16:44:23,LL,MTP
2022-05-10 16:44:23,DB,MGB
2022-05-10 16:44:23,IG,PL
2022-05-10 16:44:23,MCM,PL
2022-05-10 16:44:23,IG,MZ
2022-05-10 16:44:23,LL,MZ
2022-05-10 16:44:24,DB,MWB
2022-05-10 16:44:24,MCM,MZ
2022-05-10 16:44:24,DB,MTP
2022-05-10 16:44:24,MGB,MZ
2022-05-10 16:44:24,IG,MZ
2022-05-10 16:44:24,LL,PL
2022-05-10 16:44:24,MTP,MZ
2022-05-10 16:44:24,IG,MCM
2022-05-10 16:44:24,MZ,PL
2022-05-10 16:44:24,LL,MTP
2022-05-10 16:44:24,MCM,PL
2022-05-10 16:44:24,MTP,MWB
2022-05-10 16:44:24,IG,MTP
2022-05-10 16:44:24,DB,MCM
2022-05-10 16:44:24,DB,MZ
2022-05-10 16:44:24,IG,PL
2022-05-10 16:44:24,MCM,MGB
2022-05-10 16:44:24,DB,MGB
2022-05-10 16:44:24,MTP,PL
2022-05-10 16:44:24,IG,MGB
2022-05-10 16:44:24,MWB,PL
2022-05-10 16:44:24,MWB,MZ
2022-05-10 16:44:24,MCM,MWB
2022-05-10 16:44:24,MGB,PL
2022-05-10 16:44:24,DB,PL
2022-05-10 16:44:24,IG,MWB
2022-05-10 16:44:24,MGB,MTP
2022-05-10 16:44:24,IG,LL
2022-05-10 16:44:24,DB,LL
2022-05-10 16:44:24,MCM,MTP
2022-05-10 16:44:24,LL,MZ
2022-05-10 16:44:24,DB,IG
2022-05-10 16:44:24,LL,MGB
2022-05-10 16:44:24,LL,MWB
2022-05-10 16:44:24,LL,MCM
2022-05-10 16:44:24,MGB,MWB
2022-05-10 16:44:25,MGB,MZ
2022-05-10 16:44:25,LL,MZ
2022-05-10 16:44:25,MZ,PL
2022-05-10 16:44:25,MTP,MZ
2022-05-10 16:44:25,DB,MWB
2022-05-10 16:44:25,LL,MWB
2022-05-10 16:44:25,DB,IG
2022-05-10 16:44:25,MTP,MWB
2022-05-10 16:44:25,IG,LL
2022-05-10 16:44:25,MGB,PL
2022-05-10 16:44:25,MCM,MZ
2022-05-10 16:44:25,DB,PL
2022-05-10 16:44:25,MCM,MGB
2022-05-10 16:44:25,DB,MCM
2022-05-10 16:44:25,MWB,MZ
2022-05-10 16:44:25,MCM,MWB
2022-05-10 16:44:25,MGB,MWB
2022-05-10 16:44:25,DB,LL
2022-05-10 16:44:25,DB,MGB
2022-05-10 16:44:25,IG,MWB
2022-05-10 16:44:25,LL,PL
2022-05-10 16:44:25,LL,MTP
2022-05-10 16:44:25,IG,MTP
2022-05-10 16:44:25,LL,MCM
2022-05-10 16:44:25,LL,MGB
2022-05-10 16:44:25,DB,MZ
2022-05-10 16:44:25,IG,PL
2022-05-10 16:44:25,IG,MGB
2022-05-10 16:44:25,MTP,PL
2022-05-10 16:44:25,MGB,MTP
2022-05-10 16:44:25,MCM,MTP
2022-05-10 16:44:25,IG,MCM
2022-05-10 16:44:25,MCM,PL
2022-05-10 16:44:25,MWB,PL
2022-05-10 16:44:25,DB,MTP
2022-05-10 16:44:25,IG,MZ
2022-05-10 16:44:26,MWB,PL
2022-05-10 16:44:26,DB,MTP
2022-05-10 16:44:26,MWB,MZ
2022-05-10 16:44:26,IG,MTP
2022-05-10 16:44:26,MGB,MWB
2022-05-10 16:44:26,MCM,MGB
2022-05-10 16:44:26,DB,IG
2022-05-10 16:44:26,DB,MWB
2022-05-10 16:44:26,MTP,MWB
2022-05-10 16:44:26,LL,MWB
2022-05-10 16:44:26,LL,MZ
2022-05-10 16:44:26,MCM,MWB
2022-05-10 16:44:26,IG,MZ
2022-05-10 16:44:26,DB,MGB
2022-05-10 16:44:26,LL,PL
2022-05-10 16:44:26,LL,MTP
2022-05-10 16:44:26,MCM,MZ
2022-05-10 16:44:26,IG,MCM
2022-05-10 16:44:26,DB,MCM
2022-05-10 16:44:26,IG,LL
2022-05-10 16:44:26,MCM,MTP
2022-05-10 16:44:26,MGB,MTP
2022-05-10 16:44:26,MGB,MZ
2022-05-10 16:44:26,DB,LL
2022-05-10 16:44:26,LL,MCM
2022-05-10 16:44:26,IG,MWB
2022-05-10 16:44:26,MTP,MZ
2022-05-10 16:44:26,MTP,PL
2022-05-10 16:44:26,MCM,PL
2022-05-10 16:44:26,MGB,PL
2022-05-10 16:44:26,DB,PL
2022-05-10 16:44:26,DB,MZ
2022-05-10 16:44:26,MZ,PL
2022-05-10 16:44:26,IG,PL
2022-05-10 16:44:26,IG,MGB
2022-05-10 16:44:26,LL,MGB
2022-05-10 16:44:27,LL,MTP
2022-05-10 16:44:27,MZ,PL
2022-05-10 16:44:27,LL,MZ
2022-05-10 16:44:27,DB,MZ
2022-05-10 16:44:27,DB,MWB
2022-05-10 16:44:27,MWB,PL
2022-05-10 16:44:27,DB,LL
2022-05-10 16:44:27,MCM,PL
2022-05-10 16:44:27,DB,MTP
2022-05-10 16:44:27,MGB,MTP
2022-05-10 16:44:27,MTP,PL
2022-05-10 16:44:27,LL,MCM
2022-05-10 16:44:27,MCM,MGB
2022-05-10 16:44:27,MCM,MWB
2022-05-10 16:44:27,MCM,MZ
2022-05-10 16:44:27,MGB,MWB
2022-05-10 16:44:27,MGB,MZ
2022-05-10 16:44:27,MTP,MZ
2022-05-10 16:44:27,LL,MGB
2022-05-10 16:44:27,IG,MWB
2022-05-10 16:44:27,IG,PL
2022-05-10 16:44:27,IG,MGB
2022-05-10 16:44:27,MCM,MTP
2022-05-10 16:44:27,IG,MCM
2022-05-10 16:44:27,LL,PL
2022-05-10 16:44:27,IG,MTP
2022-05-10 16:44:27,MWB,MZ
2022-05-10 16:44:27,IG,MZ
2022-05-10 16:44:27,MTP,MWB
2022-05-10 16:44:27,DB,IG
2022-05-10 16:44:27,IG,LL
2022-05-10 16:44:27,MGB,PL
2022-05-10 16:44:27,DB,MGB
2022-05-10 16:44:27,DB,MCM
2022-05-10 16:44:27,DB,PL
2022-05-10 16:44:27,LL,MWB
2022-05-10 16:44:28,MTP,PL
2022-05-10 16:44:28,DB,MZ
2022-05-10 16:44:28,MGB,MZ
2022-05-10 16:44:28,DB,PL
2022-05-10 16:44:28,MGB,PL
2022-05-10 16:44:28,LL,MZ
2022-05-10 16:44:28,IG,MCM
2022-05-10 16:44:28,DB,MGB
2022-05-10 16:44:28,DB,MCM
2022-05-10 16:44:28,IG,PL
2022-05-10 16:44:28,IG,MWB
2022-05-10 16:44:28,LL,MGB
2022-05-10 16:44:28,IG,MGB
2022-05-10 16:44:28,MGB,MWB
2022-05-10 16:44:28,IG,MTP
2022-05-10 16:44:28,DB,LL
2022-05-10 16:44:28,DB,IG
2022-05-10 16:44:28,MTP,MZ
2022-05-10 16:44:28,MZ,PL
2022-05-10 16:44:28,LL,MTP
2022-05-10 16:44:28,MTP,MWB
2022-05-10 16:44:28,IG,LL
2022-05-10 16:44:28,MCM,MGB
2022-05-10 16:44:28,MCM,MTP
2022-05-10 16:44:28,MWB,PL
2022-05-10 16:44:28,IG,MZ
2022-05-10 16:44:28,MCM,PL
2022-05-10 16:44:28,MGB,MTP
2022-05-10 16:44:28,DB,MTP
2022-05-10 16:44:28,MCM,MZ
2022-05-10 16:44:28,LL,MCM
2022-05-10 16:44:28,LL,MWB
2022-05-10 16:44:28,LL,PL
2022-05-10 16:44:28,MWB,MZ
2022-05-10 16:44:28,DB,MWB
2022-05-10 16:44:28,MCM,MWB
2022-05-10 16:44:29,LL,MWB
2022-05-10 16:44:29,LL,PL
2022-05-10 16:44:29,IG,MZ
2022-05-10 16:44:29,MTP,MWB
2022-05-10 16:44:29,IG,LL
2022-05-10 16:44:29,IG,MTP
2022-05-10 16:44:29,MGB,PL
2022-05-10 16:44:29,DB,MWB
2022-05-10 16:44:29,MCM,MWB
2022-05-10 16:44:29,LL,MCM
2022-05-10 16:44:29,MGB,MTP
2022-05-10 16:44:29,MTP,PL
2022-05-10 16:44:29,DB,MZ
2022-05-10 16:44:29,DB,MGB
2022-05-10 16:44:29,MCM,PL
2022-05-10 16:44:29,LL,MTP
2022-05-10 16:44:29,MZ,PL
2022-05-10 16:44:29,DB,LL
2022-05-10 16:44:29,MCM,MZ
2022-05-10 16:44:29,DB,PL
2022-05-10 16:44:29,DB,MCM
2022-05-10 16:44:29,MCM,MGB
2022-05-10 16:44:29,MGB,MWB
2022-05-10 16:44:29,DB,IG
2022-05-10 16:44:29,IG,MGB
2022-05-10 16:44:29,IG,MWB
2022-05-10 16:44:29,LL,MZ
2022-05-10 16:44:29,MWB,PL
2022-05-10 16:44:29,LL,MGB
2022-05-10 16:44:29,DB,MTP
2022-05-10 16:44:29,MWB,MZ
2022-05-10 16:44:29,MGB,MZ
2022-05-10 16:44:29,IG,PL
2022-05-10 16:44:29,IG,MCM
2022-05-10 16:44:29,MTP,MZ
2022-05-10 16:44:29,MCM,MTP
2022-05-10 16:44:30,MGB,MTP
2022-05-10 16:44:30,MGB,PL
2022-05-10 16:44:30,LL,MZ
2022-05-10 16:44:30,IG,MWB
2022-05-10 16:44:30,LL,MGB
2022-05-10 16:44:30,DB,PL
2022-05-10 16:44:30,DB,MGB
2022-05-10 16:44:30,MTP,PL
2022-05-10 16:44:30,DB,MTP
2022-05-10 16:44:30,MGB,MWB
2022-05-10 16:44:30,MCM,PL
2022-05-10 16:44:30,MCM,MGB
2022-05-10 16:44:30,DB,LL
2022-05-10 16:44:30,MTP,MZ
2022-05-10 16:44:30,MZ,PL
2022-05-10 16:44:30,DB,MCM
2022-05-10 16:44:30,LL,MTP
2022-05-10 16:44:30,IG,MTP
2022-05-10 16:44:30,LL,MWB
2022-05-10 16:44:30,DB,MZ
2022-05-10 16:44:30,MCM,MTP
2022-05-10 16:44:30,IG,MZ
2022-05-10 16:44:30,IG,LL
2022-05-10 16:44:30,MCM,MWB
2022-05-10 16:44:30,IG,MCM
2022-05-10 16:44:30,DB,MWB
2022-05-10 16:44:30,MWB,MZ
2022-05-10 16:44:30,LL,PL
2022-05-10 16:44:30,MCM,MZ
2022-05-10 16:44:30,IG,MGB
2022-05-10 16:44:30,DB,IG
2022-05-10 16:44:30,LL,MCM
2022-05-10 16:44:30,MTP,MWB
2022-05-10 16:44:30,MWB,PL
2022-05-10 16:44:30,IG,PL
2022-05-10 16:44:30,MGB,MZ
2022-05-10 16:44:31,LL,MTP
2022-05-10 16:44:31,DB,MZ
2022-05-10 16:44:31,DB,MTP
2022-05-10 16:44:31,MGB,MTP
2022-05-10 16:44:31,LL,MZ
2022-05-10 16:44:31,MCM,PL
2022-05-10 16:44:31,MCM,MWB
2022-05-10 16:44:31,MTP,PL
2022-05-10 16:44:31,MWB,MZ
2022-05-10 16:44:31,LL,MCM
2022-05-10 16:44:31,MCM,MGB
2022-05-10 16:44:31,MWB,PL
2022-05-10 16:44:31,MCM,MZ
2022-05-10 16:44:31,IG,MTP
2022-05-10 16:44:31,IG,MCM
2022-05-10 16:44:31,LL,PL
2022-05-10 16:44:31,MCM,MTP
2022-05-10 16:44:31,IG,MZ
2022-05-10 16:44:31,LL,MWB
2022-05-10 16:44:31,MGB,MZ
2022-05-10 16:44:31,IG,MGB
2022-05-10 16:44:31,DB,IG
2022-05-10 16:44:31,MTP,MWB
2022-05-10 16:44:31,IG,LL
2022-05-10 16:44:31,DB,MGB
2022-05-10 16:44:31,IG,PL
2022-05-10 16:44:31,MGB,PL
2022-05-10 16:44:31,DB,MWB
2022-05-10 16:44:31,DB,PL
2022-05-10 16:44:31,DB,MCM
2022-05-10 16:44:31,MZ,PL
2022-05-10 16:44:31,MGB,MWB
2022-05-10 16:44:31,LL,MGB
2022-05-10 16:44:31,MTP,MZ
2022-05-10 16:44:31,IG,MWB
2022-05-10 16:44:31,DB,LL
2022-05-10 16:44:32,IG,MWB
2022-05-10 16:44:32,DB,MWB
2022-05-10 16:44:32,DB,PL
2022-05-10 16:44:32,IG,MGB
2022-05-10 16:44:32,DB,LL
2022-05-10 16:44:32,MCM,PL
2022-05-10 16:44:32,MCM,MZ
2022-05-10 16:44:32,DB,MCM
2022-05-10 16:44:32,DB,MTP
2022-05-10 16:44:32,LL,MWB
2022-05-10 16:44:32,MWB,PL
2022-05-10 16:44:32,DB,MZ
2022-05-10 16:44:32,LL,MTP
2022-05-10 16:44:32,MWB,MZ
2022-05-10 16:44:32,LL,PL
2022-05-10 16:44:32,MGB,MTP
2022-05-10 16:44:32,DB,IG
2022-05-10 16:44:32,MCM,MWB
2022-05-10 16:44:32,DB,MGB
2022-05-10 16:44:32,MGB,MWB
2022-05-10 16:44:32,IG,MCM
2022-05-10 16:44:32,IG,MZ
2022-05-10 16:44:32,MTP,MWB
2022-05-10 16:44:32,LL,MZ
2022-05-10 16:44:32,MCM,MTP
2022-05-10 16:44:32,IG,LL
2022-05-10 16:44:32,MTP,PL
2022-05-10 16:44:32,LL,MCM
2022-05-10 16:44:32,MCM,MGB
2022-05-10 16:44:32,IG,MTP
2022-05-10 16:44:32,MGB,MZ
2022-05-10 16:44:32,MGB,PL
2022-05-10 16:44:32,LL,MGB
2022-05-10 16:44:32,MZ,PL
2022-05-10 16:44:32,IG,PL
2022-05-10 16:44:32,MTP,MZ
2022-05-10 16:44:33,IG,MWB
2022-05-10 16:44:33,MCM,MTP
2022-05-10 16:44:33,MGB,MTP
2022-05-10 16:44:33,MCM,PL
2022-05-10 16:44:33,DB,PL
2022-05-10 16:44:33,MGB,PL
2022-05-10 16:44:33,LL,MWB
2022-05-10 16:44:33,IG,MZ
2022-05-10 16:44:33,MWB,PL
2022-05-10 16:44:33,MWB,MZ
2022-05-10 16:44:33,MTP,MZ
2022-05-10 16:44:33,IG,PL
2022-05-10 16:44:33,LL,MGB
2022-05-10 16:44:33,IG,MTP
2022-05-10 16:44:33,LL,MTP
2022-05-10 16:44:33,LL,MCM
2022-05-10 16:44:33,IG,LL
2022-05-10 16:44:33,DB,MWB
2022-05-10 16:44:33,LL,MZ
2022-05-10 16:44:33,DB,MZ
2022-05-10 16:44:33,IG,MCM
2022-05-10 16:44:33,MCM,MWB
2022-05-10 16:44:33,MCM,MZ
2022-05-10 16:44:33,LL,PL
2022-05-10 16:44:33,DB,MTP
2022-05-10 16:44:33,DB,IG
2022-05-10 16:44:33,IG,MGB
2022-05-10 16:44:33,MTP,MWB
2022-05-10 16:44:33,MGB,MWB
2022-05-10 16:44:33,MCM,MGB
2022-05-10 16:44:33,DB,LL
2022-05-10 16:44:33,DB,MCM
2022-05-10 16:44:33,DB,MGB
2022-05-10 16:44:33,MGB,MZ
2022-05-10 16:44:33,MZ,PL
2022-05-10 16:44:33,MTP,PL
2022-05-10 16:44:34,MCM,MWB
2022-05-10 16:44:34,DB,MGB
2022-05-10 16:44:34,MWB,MZ
2022-05-10 16:44:34,MGB,MWB
2022-05-10 16:44:34,LL,PL
2022-05-10 16:44:34,IG,LL
2022-05-10 16:44:34,DB,LL
2022-05-10 16:44:34,MCM,PL
2022-05-10 16:44:34,MWB,PL
2022-05-10 16:44:34,IG,MCM
2022-05-10 16:44:34,DB,IG
2022-05-10 16:44:34,MCM,MTP
2022-05-10 16:44:34,DB,MTP
2022-05-10 16:44:34,DB,MWB
2022-05-10 16:44:34,MTP,PL
2022-05-10 16:44:34,LL,MCM
2022-05-10 16:44:34,LL,MTP
2022-05-10 16:44:34,IG,MTP
2022-05-10 16:44:34,LL,MGB
2022-05-10 16:44:34,DB,MCM
2022-05-10 16:44:34,IG,PL
2022-05-10 16:44:34,DB,MZ
2022-05-10 16:44:34,MTP,MZ
2022-05-10 16:44:34,IG,MGB
2022-05-10 16:44:34,MTP,MWB
2022-05-10 16:44:34,LL,MZ
2022-05-10 16:44:34,MCM,MZ
2022-05-10 16:44:34,MGB,MTP
2022-05-10 16:44:34,LL,MWB
2022-05-10 16:44:34,MGB,MZ
2022-05-10 16:44:34,DB,PL
2022-05-10 16:44:34,MGB,PL
2022-05-10 16:44:34,MZ,PL
2022-05-10 16:44:34,IG,MWB
2022-05-10 16:44:34,IG,MZ
2022-05-10 16:44:34,MCM,MGB
2022-05-10 16:44:35,MCM,MTP
2022-05-10 16:44:35,MCM,MWB
2022-05-10 16:44:35,IG,MCM
2022-05-10 16:44:35,DB,MTP
2022-05-10 16:44:35,MWB,PL
2022-05-10 16:44:35,IG,PL
2022-05-10 16:44:35,MGB,MWB
2022-05-10 16:44:35,MGB,MZ
2022-05-10 16:44:35,LL,MTP
2022-05-10 16:44:35,DB,MWB
2022-05-10 16:44:35,LL,MZ
2022-05-10 16:44:35,IG,MWB
2022-05-10 16:44:35,LL,MCM
2022-05-10 16:44:35,LL,MWB
2022-05-10 16:44:35,MTP,MWB
2022-05-10 16:44:35,DB,PL
2022-05-10 16:44:35,DB,MCM
2022-05-10 16:44:35,DB,MZ
2022-05-10 16:44:35,MCM,MGB
2022-05-10 16:44:35,MTP,MZ
2022-05-10 16:44:35,IG,MGB
2022-05-10 16:44:35,IG,MTP
2022-05-10 16:44:35,MGB,PL
2022-05-10 16:44:35,DB,MGB
2022-05-10 16:44:35,MCM,PL
2022-05-10 16:44:35,IG,LL
2022-05-10 16:44:35,MZ,PL
2022-05-10 16:44:35,MCM,MZ
2022-05-10 16:44:35,DB,IG
2022-05-10 16:44:35,MWB,MZ
2022-05-10 16:44:35,DB,LL
2022-05-10 16:44:35,MGB,MTP
2022-05-10 16:44:35,IG,MZ
2022-05-10 16:44:35,LL,PL
2022-05-10 16:44:35,MTP,PL
2022-05-10 16:44:35,LL,MGB
2022-05-10 16:44:36,DB,MCM
2022-05-10 16:44:36,IG,PL
2022-05-10 16:44:36,IG,LL
2022-05-10 16:44:36,LL,MCM
2022-05-10 16:44:36,LL,MWB
2022-05-10 16:44:36,MGB,MWB
2022-05-10 16:44:36,MTP,PL
2022-05-10 16:44:36,DB,PL
2022-05-10 16:44:36,MGB,PL
2022-05-10 16:44:36,MCM,MGB
2022-05-10 16:44:36,DB,MZ
2022-05-10 16:44:36,LL,MGB
2022-05-10 16:44:36,IG,MTP
2022-05-10 16:44:36,MTP,MZ
2022-05-10 16:44:36,MTP,MWB
2022-05-10 16:44:36,IG,MGB
2022-05-10 16:44:36,MZ,PL
2022-05-10 16:44:36,DB,IG
2022-05-10 16:44:36,IG,MZ
2022-05-10 16:44:36,MGB,MTP
2022-05-10 16:44:36,DB,MWB
2022-05-10 16:44:36,DB,MGB
2022-05-10 16:44:36,MCM,MWB
2022-05-10 16:44:36,MGB,MZ
2022-05-10 16:44:36,IG,MWB
2022-05-10 16:44:36,IG,MCM
2022-05-10 16:44:36,MWB,MZ
2022-05-10 16:44:36,DB,LL
2022-05-10 16:44:36,MCM,PL
2022-05-10 16:44:36,MCM,MTP
2022-05-10 16:44:36,LL,PL
2022-05-10 16:44:36,DB,MTP
2022-05-10 16:44:36,LL,MZ
2022-05-10 16:44:36,MWB,PL
2022-05-10 16:44:36,MCM,MZ
2022-05-10 16:44:36,LL,MTP
2022-05-10 16:44:37,IG,MGB
2022-05-10 16:44:37,DB,MTP
2022-05-10 16:44:37,DB,MGB
2022-05-10 16:44:37,MZ,PL
2022-05-10 16:44:37,DB,LL
2022-05-10 16:44:37,LL,MCM
2022-05-10 16:44:37,LL,MWB
2022-05-10 16:44:37,MCM,MGB
2022-05-10 16:44:37,MCM,MZ
2022-05-10 16:44:37,MGB,MWB
2022-05-10 16:44:37,IG,MZ
2022-05-10 16:44:37,LL,PL
2022-05-10 16:44:37,MGB,MTP
2022-05-10 16:44:37,IG,MCM
2022-05-10 16:44:37,DB,MWB
2022-05-10 16:44:37,MCM,MWB
2022-05-10 16:44:37,MCM,PL
2022-05-10 16:44:37,DB,IG
2022-05-10 16:44:37,MWB,MZ
2022-05-10 16:44:37,MGB,MZ
2022-05-10 16:44:37,DB,PL
2022-05-10 16:44:37,MGB,PL
2022-05-10 16:44:37,MCM,MTP
2022-05-10 16:44:37,IG,MWB
2022-05-10 16:44:37,LL,MGB
2022-05-10 16:44:37,IG,LL
2022-05-10 16:44:37,IG,PL
2022-05-10 16:44:37,MWB,PL
2022-05-10 16:44:37,LL,MTP
2022-05-10 16:44:37,DB,MCM
2022-05-10 16:44:37,LL,MZ
2022-05-10 16:44:37,DB,MZ
2022-05-10 16:44:37,MTP,PL
2022-05-10 16:44:37,MTP,MZ
2022-05-10 16:44:37,MTP,MWB
2022-05-10 16:44:37,IG,MTP
2022-05-10 16:44:38,DB,IG
2022-05-10 16:44:38,DB,MCM
2022-05-10 16:44:38,LL,MTP
2022-05-10 16:44:38,MWB,PL
2022-05-10 16:44:38,MCM,MZ
2022-05-10 16:44:38,IG,PL
2022-05-10 16:44:38,DB,LL
2022-05-10 16:44:38,DB,MTP
2022-05-10 16:44:38,IG,LL
2022-05-10 16:44:38,MTP,PL
2022-05-10 16:44:38,MWB,MZ
2022-05-10 16:44:38,LL,PL
2022-05-10 16:44:38,MTP,MWB
2022-05-10 16:44:38,MGB,MTP
2022-05-10 16:44:38,IG,MGB
2022-05-10 16:44:38,LL,MGB
2022-05-10 16:44:38,IG,MTP
2022-05-10 16:44:38,DB,PL
2022-05-10 16:44:38,MCM,MGB
2022-05-10 16:44:38,IG,MWB
2022-05-10 16:44:38,IG,MZ
2022-05-10 16:44:38,MTP,MZ
2022-05-10 16:44:38,MCM,PL
2022-05-10 16:44:38,LL,MWB
2022-05-10 16:44:38,MCM,MTP
2022-05-10 16:44:38,MGB,PL
2022-05-10 16:44:38,MGB,MZ
2022-05-10 16:44:38,IG,MCM
2022-05-10 16:44:38,DB,MGB
2022-05-10 16:44:38,MGB,MWB
2022-05-10 16:44:38,LL,MCM
2022-05-10 16:44:38,DB,MWB
2022-05-10 16:44:38,MCM,MWB
2022-05-10 16:44:38,MZ,PL
2022-05-10 16:44:38,LL,MZ
2022-05-10 16:44:38,DB,MZ
2022-05-10 16:44:39,IG,MTP
2022-05-10 16:44:39,DB,LL
2022-05-10 16:44:39,IG,MZ
2022-05-10 16:44:39,DB,MZ
2022-05-10 16:44:39,IG,MWB
2022-05-10 16:44:39,DB,MWB
2022-05-10 16:44:39,LL,MZ
2022-05-10 16:44:39,LL,PL
2022-05-10 16:44:39,MZ,PL
2022-05-10 16:44:39,IG,MCM
2022-05-10 16:44:39,DB,MTP
2022-05-10 16:44:39,MGB,MTP
2022-05-10 16:44:39,MGB,MWB
2022-05-10 16:44:39,DB,PL
2022-05-10 16:44:39,MTP,PL
2022-05-10 16:44:39,IG,MGB
2022-05-10 16:44:39,DB,MCM
2022-05-10 16:44:39,MWB,MZ
2022-05-10 16:44:39,LL,MGB
2022-05-10 16:44:39,DB,MGB
2022-05-10 16:44:39,IG,PL
2022-05-10 16:44:39,IG,LL
2022-05-10 16:44:39,LL,MTP
2022-05-10 16:44:39,MTP,MZ
2022-05-10 16:44:39,LL,MCM
2022-05-10 16:44:39,MWB,PL
2022-05-10 16:44:39,LL,MWB
2022-05-10 16:44:39,MCM,MGB
2022-05-10 16:44:39,MCM,MTP
2022-05-10 16:44:39,MGB,PL
2022-05-10 16:44:39,MGB,MZ
2022-05-10 16:44:39,MCM,MZ
2022-05-10 16:44:39,MCM,PL
2022-05-10 16:44:39,MTP,MWB
2022-05-10 16:44:39,DB,IG
2022-05-10 16:44:39,MCM,MWB
2022-05-10 16:44:40,MCM,MWB
2022-05-10 16:44:40,MTP,MZ
2022-05-10 16:44:40,DB,PL
2022-05-10 16:44:40,IG,MWB
2022-05-10 16:44:40,DB,MGB
2022-05-10 16:44:40,MCM,MGB
2022-05-10 16:44:40,DB,LL
2022-05-10 16:44:40,IG,MTP
2022-05-10 16:44:40,MCM,PL
2022-05-10 16:44:40,IG,MZ
2022-05-10 16:44:40,LL,MWB
2022-05-10 16:44:40,LL,MGB
2022-05-10 16:44:40,IG,MCM
2022-05-10 16:44:40,IG,MGB
2022-05-10 16:44:40,MTP,MWB
2022-05-10 16:44:40,MGB,MWB
2022-05-10 16:44:40,LL,MCM
2022-05-10 16:44:40,MGB,PL
2022-05-10 16:44:40,IG,LL
2022-05-10 16:44:40,MWB,PL
2022-05-10 16:44:40,MGB,MZ
2022-05-10 16:44:40,DB,IG
2022-05-10 16:44:40,LL,MTP
2022-05-10 16:44:40,MCM,MZ
2022-05-10 16:44:40,IG,PL
2022-05-10 16:44:40,LL,PL
2022-05-10 16:44:40,DB,MWB
2022-05-10 16:44:40,DB,MCM
2022-05-10 16:44:40,DB,MTP
2022-05-10 16:44:40,MCM,MTP
2022-05-10 16:44:40,MTP,PL
2022-05-10 16:44:40,LL,MZ
2022-05-10 16:44:40,MWB,MZ
2022-05-10 16:44:40,DB,MZ
2022-05-10 16:44:40,MGB,MTP
2022-05-10 16:44:40,MZ,PL
2022-05-10 16:44:41,MCM,MGB
2022-05-10 16:44:41,MTP,MWB
2022-05-10 16:44:41,DB,IG
2022-05-10 16:44:41,MCM,MTP
2022-05-10 16:44:41,MGB,MZ
2022-05-10 16:44:41,DB,PL
2022-05-10 16:44:41,MTP,PL
2022-05-10 16:44:41,DB,MGB
2022-05-10 16:44:41,MCM,MWB
2022-05-10 16:44:41,MTP,MZ
2022-05-10 16:44:41,IG,MTP
2022-05-10 16:44:41,DB,MCM
2022-05-10 16:44:41,LL,MZ
2022-05-10 16:44:41,DB,MWB
2022-05-10 16:44:41,MGB,PL
2022-05-10 16:44:41,IG,MCM
2022-05-10 16:44:41,MGB,MWB
2022-05-10 16:44:41,LL,MCM
2022-05-10 16:44:41,IG,LL
2022-05-10 16:44:41,MWB,PL
2022-05-10 16:44:41,IG,MGB
2022-05-10 16:44:41,MCM,MZ
2022-05-10 16:44:41,IG,MZ
2022-05-10 16:44:41,LL,MTP
2022-05-10 16:44:41,IG,PL
2022-05-10 16:44:41,MGB,MTP
2022-05-10 16:44:41,LL,MWB
2022-05-10 16:44:41,DB,MZ
2022-05-10 16:44:41,MCM,PL
2022-05-10 16:44:41,IG,MWB
2022-05-10 16:44:41,DB,LL
2022-05-10 16:44:41,LL,MGB
2022-05-10 16:44:41,LL,PL
2022-05-10 16:44:41,DB,MTP
2022-05-10 16:44:41,MWB,MZ
2022-05-10 16:44:41,MZ,PL
2022-05-10 16:44:42,LL,MTP
2022-05-10 16:44:42,DB,MTP
2022-05-10 16:44:42,MGB,MZ
2022-05-10 16:44:42,DB,MZ
2022-05-10 16:44:42,MGB,PL
2022-05-10 16:44:42,DB,MGB
2022-05-10 16:44:42,DB,LL
2022-05-10 16:44:42,LL,MGB
2022-05-10 16:44:42,LL,PL
2022-05-10 16:44:42,MTP,PL
2022-05-10 16:44:42,IG,PL
2022-05-10 16:44:42,MZ,PL
2022-05-10 16:44:42,MGB,MTP
2022-05-10 16:44:42,MCM,MZ
2022-05-10 16:44:42,MWB,PL
2022-05-10 16:44:42,IG,LL
2022-05-10 16:44:42,IG,MCM
2022-05-10 16:44:42,MCM,MWB
2022-05-10 16:44:42,DB,MWB
2022-05-10 16:44:42,LL,MZ
2022-05-10 16:44:42,IG,MTP
2022-05-10 16:44:42,DB,MCM
2022-05-10 16:44:42,MTP,MZ
2022-05-10 16:44:42,IG,MGB
2022-05-10 16:44:42,MWB,MZ
2022-05-10 16:44:42,LL,MCM
2022-05-10 16:44:42,MGB,MWB
2022-05-10 16:44:42,IG,MZ
2022-05-10 16:44:42,MTP,MWB
2022-05-10 16:44:42,IG,MWB
2022-05-10 16:44:42,MCM,PL
2022-05-10 16:44:42,DB,IG
2022-05-10 16:44:42,LL,MWB
2022-05-10 16:44:42,MCM,MTP
2022-05-10 16:44:42,DB,PL
2022-05-10 16:44:42,MCM,MGB
2022-05-10 16:44:43,DB,MCM
2022-05-10 16:44:43,MCM,MTP
2022-05-10 16:44:43,DB,MWB
2022-05-10 16:44:43,DB,LL
2022-05-10 16:44:43,LL,MCM
2022-05-10 16:44:43,IG,LL
2022-05-10 16:44:43,MGB,MZ
2022-05-10 16:44:43,DB,MZ
2022-05-10 16:44:43,MGB,MTP
2022-05-10 16:44:43,MCM,PL
2022-05-10 16:44:43,IG,MWB
2022-05-10 16:44:43,MCM,MGB
2022-05-10 16:44:43,MTP,MWB
2022-05-10 16:44:43,MCM,MWB
2022-05-10 16:44:43,MTP,MZ
2022-05-10 16:44:43,LL,MWB
2022-05-10 16:44:43,LL,PL
2022-05-10 16:44:43,MZ,PL
2022-05-10 16:44:43,MGB,PL
2022-05-10 16:44:43,DB,IG
2022-05-10 16:44:43,MCM,MZ
2022-05-10 16:44:43,IG,MCM
2022-05-10 16:44:43,IG,MTP
2022-05-10 16:44:43,DB,MGB
2022-05-10 16:44:43,IG,MGB
2022-05-10 16:44:43,LL,MZ
2022-05-10 16:44:43,DB,MTP
2022-05-10 16:44:43,MWB,PL
2022-05-10 16:44:43,IG,PL
2022-05-10 16:44:43,MWB,MZ
2022-05-10 16:44:43,IG,MZ
2022-05-10 16:44:43,LL,MGB
2022-05-10 16:44:43,LL,MTP
2022-05-10 16:44:43,MTP,PL
2022-05-10 16:44:43,DB,PL
2022-05-10 16:44:43,MGB,MWB
2022-05-10 16:44:44,MCM,MZ
2022-05-10 16:44:44,MGB,MTP
2022-05-10 16:44:44,MZ,PL
2022-05-10 16:44:44,MGB,MZ
2022-05-10 16:44:44,LL,MTP
2022-05-10 16:44:44,MTP,PL
2022-05-10 16:44:44,LL,PL
2022-05-10 16:44:44,LL,MCM
2022-05-10 16:44:44,LL,MWB
2022-05-10 16:44:44,MCM,PL
2022-05-10 16:44:44,DB,MZ
2022-05-10 16:44:44,DB,MWB
2022-05-10 16:44:44,IG,MCM
2022-05-10 16:44:44,IG,MTP
2022-05-10 16:44:44,MTP,MWB
2022-05-10 16:44:44,MTP,MZ
2022-05-10 16:44:44,MCM,MTP
2022-05-10 16:44:44,MCM,MWB
2022-05-10 16:44:44,IG,MGB
2022-05-10 16:44:44,DB,PL
2022-05-10 16:44:44,MCM,MGB
2022-05-10 16:44:44,LL,MZ
2022-05-10 16:44:44,IG,LL
2022-05-10 16:44:44,IG,PL
2022-05-10 16:44:44,MWB,PL
2022-05-10 16:44:44,LL,MGB
2022-05-10 16:44:44,IG,MWB
2022-05-10 16:44:44,MWB,MZ
2022-05-10 16:44:44,DB,MCM
2022-05-10 16:44:44,MGB,PL
2022-05-10 16:44:44,DB,MTP
2022-05-10 16:44:44,IG,MZ
2022-05-10 16:44:44,DB,MGB
2022-05-10 16:44:44,MGB,MWB
2022-05-10 16:44:44,DB,LL
2022-05-10 16:44:44,DB,IG
2022-05-10 16:44:45,IG,MZ
2022-05-10 16:44:45,LL,MCM
2022-05-10 16:44:45,MWB,PL
2022-05-10 16:44:45,IG,MTP
2022-05-10 16:44:45,MTP,MWB
2022-05-10 16:44:45,DB,LL
2022-05-10 16:44:45,DB,MWB
2022-05-10 16:44:45,MCM,MTP
2022-05-10 16:44:45,LL,MGB
2022-05-10 16:44:45,DB,PL
2022-05-10 16:44:45,MZ,PL
2022-05-10 16:44:45,DB,IG
2022-05-10 16:44:45,MGB,MTP
2022-05-10 16:44:45,MWB,MZ
2022-05-10 16:44:45,IG,MGB
2022-05-10 16:44:45,IG,PL
2022-05-10 16:44:45,IG,MWB
2022-05-10 16:44:45,LL,PL
2022-05-10 16:44:45,MTP,PL
2022-05-10 16:44:45,IG,MCM
2022-05-10 16:44:45,IG,LL
2022-05-10 16:44:45,MCM,MGB
2022-05-10 16:44:45,MGB,PL
2022-05-10 16:44:45,DB,MCM
2022-05-10 16:44:45,MCM,PL
2022-05-10 16:44:45,LL,MTP
2022-05-10 16:44:45,LL,MWB
2022-05-10 16:44:45,MCM,MWB
2022-05-10 16:44:45,MGB,MWB
2022-05-10 16:44:45,DB,MZ
2022-05-10 16:44:45,MCM,MZ
2022-05-10 16:44:45,MTP,MZ
2022-05-10 16:44:45,MGB,MZ
2022-05-10 16:44:45,DB,MGB
2022-05-10 16:44:45,LL,MZ
2022-05-10 16:44:45,DB,MTP
2022-05-10 16:44:46,MTP,MZ
2022-05-10 16:44:46,IG,LL
2022-05-10 16:44:46,IG,MWB
2022-05-10 16:44:46,MWB,MZ
2022-05-10 16:44:46,DB,MCM
2022-05-10 16:44:46,LL,MZ
2022-05-10 16:44:46,DB,LL
2022-05-10 16:44:46,DB,MGB
2022-05-10 16:44:46,MCM,MWB
2022-05-10 16:44:46,IG,MCM
2022-05-10 16:44:46,DB,MTP
2022-05-10 16:44:46,MWB,PL
2022-05-10 16:44:46,DB,MWB
2022-05-10 16:44:46,IG,MGB
2022-05-10 16:44:46,LL,MGB
2022-05-10 16:44:46,MGB,MZ
2022-05-10 16:44:46,MGB,MWB
2022-05-10 16:44:46,MCM,MZ
2022-05-10 16:44:46,MTP,PL
2022-05-10 16:44:46,LL,MCM
2022-05-10 16:44:46,DB,MZ
2022-05-10 16:44:46,LL,MTP
2022-05-10 16:44:46,IG,MTP
2022-05-10 16:44:46,LL,MWB
2022-05-10 16:44:46,MTP,MWB
2022-05-10 16:44:46,MCM,MTP
2022-05-10 16:44:46,IG,MZ
2022-05-10 16:44:46,DB,PL
2022-05-10 16:44:46,MZ,PL
2022-05-10 16:44:46,MCM,PL
2022-05-10 16:44:46,MGB,MTP
2022-05-10 16:44:46,IG,PL
2022-05-10 16:44:46,MGB,PL
2022-05-10 16:44:46,DB,IG
2022-05-10 16:44:46,LL,PL
2022-05-10 16:44:46,MCM,MGB
2022-05-10 16:44:47,DB,MTP
2022-05-10 16:44:47,MGB,PL
2022-05-10 16:44:47,DB,MZ
2022-05-10 16:44:47,MTP,MWB
2022-05-10 16:44:47,DB,MCM
2022-05-10 16:44:47,MGB,MWB
2022-05-10 16:44:47,IG,LL
2022-05-10 16:44:47,LL,MTP
2022-05-10 16:44:47,MWB,PL
2022-05-10 16:44:47,MTP,PL
2022-05-10 16:44:47,DB,PL
2022-05-10 16:44:47,MCM,MTP
2022-05-10 16:44:47,DB,LL
2022-05-10 16:44:47,MWB,MZ
2022-05-10 16:44:47,IG,MWB
2022-05-10 16:44:47,LL,MGB
2022-05-10 16:44:47,DB,IG
2022-05-10 16:44:47,MGB,MZ
2022-05-10 16:44:47,IG,PL
2022-05-10 16:44:47,LL,MZ
2022-05-10 16:44:47,DB,MWB
2022-05-10 16:44:47,IG,MGB
2022-05-10 16:44:47,MGB,MTP
2022-05-10 16:44:47,MCM,MZ
2022-05-10 16:44:47,LL,MCM
2022-05-10 16:44:47,MZ,PL
2022-05-10 16:44:47,MCM,MGB
2022-05-10 16:44:47,MTP,MZ
2022-05-10 16:44:47,IG,MTP
2022-05-10 16:44:47,DB,MGB
2022-05-10 16:44:47,IG,MCM
2022-05-10 16:44:47,MCM,MWB
2022-05-10 16:44:47,LL,PL
2022-05-10 16:44:47,LL,MWB
2022-05-10 16:44:47,IG,MZ
2022-05-10 16:44:47,MCM,PL
2022-05-10 16:44:48,MCM,MWB
2022-05-10 16:44:48,MWB,MZ
2022-05-10 16:44:48,LL,MWB
2022-05-10 16:44:48,LL,MTP
2022-05-10 16:44:48,MGB,MWB
2022-05-10 16:44:48,IG,MWB
2022-05-10 16:44:48,LL,MZ
2022-05-10 16:44:48,LL,MCM
2022-05-10 16:44:48,MCM,MZ
2022-05-10 16:44:48,MCM,PL
2022-05-10 16:44:48,MTP,PL
2022-05-10 16:44:48,LL,MGB
2022-05-10 16:44:48,DB,IG
2022-05-10 16:44:48,DB,PL
2022-05-10 16:44:48,MGB,MTP
2022-05-10 16:44:48,DB,MTP
2022-05-10 16:44:48,IG,PL
2022-05-10 16:44:48,MCM,MTP
2022-05-10 16:44:48,MZ,PL
2022-05-10 16:44:48,MCM,MGB
2022-05-10 16:44:48,IG,MGB
2022-05-10 16:44:48,DB,LL
2022-05-10 16:44:48,DB,MWB
2022-05-10 16:44:48,DB,MZ
2022-05-10 16:44:48,MWB,PL
2022-05-10 16:44:48,MGB,PL
2022-05-10 16:44:48,IG,LL
2022-05-10 16:44:48,IG,MTP
2022-05-10 16:44:48,IG,MCM
2022-05-10 16:44:48,IG,MZ
2022-05-10 16:44:48,MTP,MWB
2022-05-10 16:44:48,DB,MGB
2022-05-10 16:44:48,MTP,MZ
2022-05-10 16:44:48,MGB,MZ
2022-05-10 16:44:48,LL,PL
2022-05-10 16:44:48,DB,MCM
2022-05-10 16:44:49,LL,MWB
2022-05-10 16:44:49,MCM,MTP
2022-05-10 16:44:49,LL,PL
2022-05-10 16:44:49,MCM,PL
2022-05-10 16:44:49,IG,MTP
2022-05-10 16:44:49,DB,MZ
2022-05-10 16:44:49,MGB,MZ
2022-05-10 16:44:49,MGB,MWB
2022-05-10 16:44:49,MTP,MWB
2022-05-10 16:44:49,MTP,PL
2022-05-10 16:44:49,MGB,PL
2022-05-10 16:44:49,LL,MTP
2022-05-10 16:44:49,LL,MCM
2022-05-10 16:44:49,IG,MZ
2022-05-10 16:44:49,DB,PL
2022-05-10 16:44:49,MCM,MGB
2022-05-10 16:44:49,IG,PL
2022-05-10 16:44:49,MZ,PL
2022-05-10 16:44:49,DB,MTP
2022-05-10 16:44:49,LL,MZ
2022-05-10 16:44:49,DB,MCM
2022-05-10 16:44:49,IG,MGB
2022-05-10 16:44:49,MCM,MWB
2022-05-10 16:44:49,MWB,PL
2022-05-10 16:44:49,IG,LL
2022-05-10 16:44:49,IG,MCM
2022-05-10 16:44:49,MTP,MZ
2022-05-10 16:44:49,DB,MGB
2022-05-10 16:44:49,MWB,MZ
2022-05-10 16:44:49,DB,LL
2022-05-10 16:44:49,IG,MWB
2022-05-10 16:44:49,MCM,MZ
2022-05-10 16:44:49,DB,MWB
2022-05-10 16:44:49,MGB,MTP
2022-05-10 16:44:49,DB,IG
2022-05-10 16:44:49,LL,MGB
2022-05-10 16:44:50,DB,LL
2022-05-10 16:44:50,MWB,PL
2022-05-10 16:44:50,IG,MCM
2022-05-10 16:44:50,LL,MWB
2022-05-10 16:44:50,DB,MTP
2022-05-10 16:44:50,MTP,PL
2022-05-10 16:44:50,MCM,MWB
2022-05-10 16:44:50,IG,MGB
2022-05-10 16:44:50,DB,MWB
2022-05-10 16:44:50,MGB,PL
2022-05-10 16:44:50,DB,IG
2022-05-10 16:44:50,DB,MCM
2022-05-10 16:44:50,IG,MZ
2022-05-10 16:44:50,LL,MZ
2022-05-10 16:44:50,MGB,MWB
2022-05-10 16:44:50,MCM,PL
2022-05-10 16:44:50,DB,MZ
2022-05-10 16:44:50,IG,LL
2022-05-10 16:44:50,DB,MGB
2022-05-10 16:44:50,MGB,MTP
2022-05-10 16:44:50,MCM,MZ
2022-05-10 16:44:50,DB,PL
2022-05-10 16:44:50,IG,MWB
2022-05-10 16:44:50,LL,MTP
2022-05-10 16:44:50,LL,PL
2022-05-10 16:44:50,MWB,MZ
2022-05-10 16:44:50,MTP,MWB
2022-05-10 16:44:50,LL,MCM
2022-05-10 16:44:50,MZ,PL
2022-05-10 16:44:50,LL,MGB
2022-05-10 16:44:50,MGB,MZ
2022-05-10 16:44:50,MTP,MZ
2022-05-10 16:44:50,IG,PL
2022-05-10 16:44:50,MCM,MTP
2022-05-10 16:44:50,MCM,MGB
2022-05-10 16:44:50,IG,MTP
2022-05-10 16:44:51,IG,MTP
2022-05-10 16:44:51,MTP,MWB
2022-05-10 16:44:51,DB,MTP
2022-05-10 16:44:51,MZ,PL
2022-05-10 16:44:51,MGB,MTP
2022-05-10 16:44:51,LL,MCM
2022-05-10 16:44:51,LL,MTP
2022-05-10 16:44:51,LL,MWB
2022-05-10 16:44:51,IG,MCM
2022-05-10 16:44:51,LL,PL
2022-05-10 16:44:51,MCM,MZ
2022-05-10 16:44:51,MCM,MGB
2022-05-10 16:44:51,MGB,MWB
2022-05-10 16:44:51,IG,MZ
2022-05-10 16:44:51,MTP,MZ
2022-05-10 16:44:51,DB,PL
2022-05-10 16:44:51,LL,MGB
2022-05-10 16:44:51,IG,MGB
2022-05-10 16:44:51,DB,IG
2022-05-10 16:44:51,DB,MGB
2022-05-10 16:44:51,MCM,MWB
2022-05-10 16:44:51,MGB,PL
2022-05-10 16:44:51,MWB,PL
2022-05-10 16:44:51,MTP,PL
2022-05-10 16:44:51,MGB,MZ
2022-05-10 16:44:51,DB,MWB
2022-05-10 16:44:51,MCM,MTP
2022-05-10 16:44:51,IG,LL
2022-05-10 16:44:51,DB,MCM
2022-05-10 16:44:51,DB,LL
2022-05-10 16:44:51,MCM,PL
2022-05-10 16:44:51,IG,MWB
2022-05-10 16:44:51,IG,PL
2022-05-10 16:44:51,DB,MZ
2022-05-10 16:44:51,LL,MZ
2022-05-10 16:44:51,MWB,MZ
2022-05-10 16:44:52,IG,MZ
2022-05-10 16:44:52,MTP,MWB
2022-05-10 16:44:52,DB,PL
2022-05-10 16:44:52,IG,PL
2022-05-10 16:44:52,MCM,PL
2022-05-10 16:44:52,LL,PL
2022-05-10 16:44:52,IG,MCM
2022-05-10 16:44:52,LL,MTP
2022-05-10 16:44:52,LL,MZ
2022-05-10 16:44:52,MTP,PL
2022-05-10 16:44:52,IG,MTP
2022-05-10 16:44:52,MZ,PL
2022-05-10 16:44:52,MGB,PL
2022-05-10 16:44:52,MWB,MZ
2022-05-10 16:44:52,DB,MZ
2022-05-10 16:44:52,IG,MGB
2022-05-10 16:44:52,MGB,MTP
2022-05-10 16:44:52,MGB,MZ
2022-05-10 16:44:52,IG,MWB
2022-05-10 16:44:52,MCM,MTP
2022-05-10 16:44:52,DB,MCM
2022-05-10 16:44:52,IG,LL
2022-05-10 16:44:52,DB,LL
2022-05-10 16:44:52,MCM,MWB
2022-05-10 16:44:52,DB,MWB
2022-05-10 16:44:52,DB,MGB
2022-05-10 16:44:52,DB,MTP
2022-05-10 16:44:52,LL,MCM
2022-05-10 16:44:52,LL,MWB
2022-05-10 16:44:52,LL,MGB
2022-05-10 16:44:52,MCM,MGB
2022-05-10 16:44:52,MCM,MZ
2022-05-10 16:44:52,MTP,MZ
2022-05-10 16:44:52,MGB,MWB
2022-05-10 16:44:52,MWB,PL
2022-05-10 16:44:52,DB,IG
2022-05-10 16:44:53,IG,MCM
2022-05-10 16:44:53,MTP,MWB
2022-05-10 16:44:53,MGB,MZ
2022-05-10 16:44:53,IG,MZ
2022-05-10 16:44:53,MCM,MTP
2022-05-10 16:44:53,IG,MTP
2022-05-10 16:44:53,IG,LL
2022-05-10 16:44:53,LL,MCM
2022-05-10 16:44:53,LL,MZ
2022-05-10 16:44:53,MCM,MWB
2022-05-10 16:44:53,MGB,MWB
2022-05-10 16:44:53,MGB,MTP
2022-05-10 16:44:53,MZ,PL
2022-05-10 16:44:53,LL,PL
2022-05-10 16:44:53,MCM,MGB
2022-05-10 16:44:53,DB,IG
2022-05-10 16:44:53,DB,MGB
2022-05-10 16:44:53,MWB,MZ
2022-05-10 16:44:53,MWB,PL
2022-05-10 16:44:53,LL,MGB
2022-05-10 16:44:53,LL,MTP
2022-05-10 16:44:53,IG,MGB
2022-05-10 16:44:53,MCM,MZ
2022-05-10 16:44:53,MGB,PL
2022-05-10 16:44:53,DB,PL
2022-05-10 16:44:53,IG,PL
2022-05-10 16:44:53,IG,MWB
2022-05-10 16:44:53,DB,LL
2022-05-10 16:44:53,MTP,PL
2022-05-10 16:44:53,LL,MWB
2022-05-10 16:44:53,MCM,PL
2022-05-10 16:44:53,DB,MWB
2022-05-10 16:44:53,DB,MCM
2022-05-10 16:44:53,DB,MTP
2022-05-10 16:44:53,DB,MZ
2022-05-10 16:44:53,MTP,MZ
2022-05-10 16:44:54,MTP,MZ
2022-05-10 16:44:54,MWB,PL
2022-05-10 16:44:54,IG,MGB
2022-05-10 16:44:54,LL,MGB
2022-05-10 16:44:54,MGB,MWB
2022-05-10 16:44:54,IG,LL
2022-05-10 16:44:54,DB,MGB
2022-05-10 16:44:54,MCM,MZ
2022-05-10 16:44:54,MCM,MWB
2022-05-10 16:44:54,LL,MWB
2022-05-10 16:44:54,MCM,MGB
2022-05-10 16:44:54,DB,LL
2022-05-10 16:44:54,LL,MCM
2022-05-10 16:44:54,DB,MTP
2022-05-10 16:44:54,DB,IG
2022-05-10 16:44:54,DB,MCM
2022-05-10 16:44:54,MGB,MTP
2022-05-10 16:44:54,LL,MTP
2022-05-10 16:44:54,MGB,MZ
2022-05-10 16:44:54,MZ,PL
2022-05-10 16:44:54,MGB,PL
2022-05-10 16:44:54,DB,MZ
2022-05-10 16:44:54,IG,MZ
2022-05-10 16:44:54,MCM,PL
2022-05-10 16:44:54,MTP,MWB
2022-05-10 16:44:54,IG,MCM
2022-05-10 16:44:54,LL,MZ
2022-05-10 16:44:54,MTP,PL
2022-05-10 16:44:54,MCM,MTP
2022-05-10 16:44:54,DB,PL
2022-05-10 16:44:54,LL,PL
2022-05-10 16:44:54,IG,MWB
2022-05-10 16:44:54,IG,PL
2022-05-10 16:44:54,IG,MTP
2022-05-10 16:44:54,DB,MWB
2022-05-10 16:44:54,MWB,MZ
2022-05-10 16:44:55,MGB,MTP
2022-05-10 16:44:55,MTP,MWB
2022-05-10 16:44:55,DB,MCM
2022-05-10 16:44:55,MCM,MWB
2022-05-10 16:44:55,MGB,MZ
2022-05-10 16:44:55,IG,LL
2022-05-10 16:44:55,DB,MZ
2022-05-10 16:44:55,MCM,MTP
2022-05-10 16:44:55,IG,MWB
2022-05-10 16:44:55,DB,LL
2022-05-10 16:44:55,MWB,PL
2022-05-10 16:44:55,MWB,MZ
2022-05-10 16:44:55,DB,MTP
2022-05-10 16:44:55,LL,MGB
2022-05-10 16:44:55,MCM,PL
2022-05-10 16:44:55,MTP,PL
2022-05-10 16:44:55,LL,MZ
2022-05-10 16:44:55,MZ,PL
2022-05-10 16:44:55,MGB,PL
2022-05-10 16:44:55,IG,MCM
2022-05-10 16:44:55,LL,MTP
2022-05-10 16:44:55,DB,PL
2022-05-10 16:44:55,LL,PL
2022-05-10 16:44:55,DB,MWB
2022-05-10 16:44:55,IG,PL
2022-05-10 16:44:55,MTP,MZ
2022-05-10 16:44:55,IG,MZ
2022-05-10 16:44:55,DB,MGB
2022-05-10 16:44:55,DB,IG
2022-05-10 16:44:55,MGB,MWB
2022-05-10 16:44:55,IG,MGB
2022-05-10 16:44:55,MCM,MZ
2022-05-10 16:44:55,LL,MWB
2022-05-10 16:44:55,MCM,MGB
2022-05-10 16:44:55,LL,MCM
2022-05-10 16:44:55,IG,MTP
2022-05-10 16:44:56,LL,MTP
2022-05-10 16:44:56,DB,IG
2022-05-10 16:44:56,MGB,MZ
2022-05-10 16:44:56,MTP,PL
2022-05-10 16:44:56,DB,MZ
2022-05-10 16:44:56,IG,MCM
2022-05-10 16:44:56,MZ,PL
2022-05-10 16:44:56,MWB,MZ
2022-05-10 16:44:56,LL,MGB
2022-05-10 16:44:56,IG,MWB
2022-05-10 16:44:56,MCM,PL
2022-05-10 16:44:56,MTP,MWB
2022-05-10 16:44:56,IG,MTP
2022-05-10 16:44:56,MGB,PL
2022-05-10 16:44:56,DB,PL
2022-05-10 16:44:56,IG,PL
2022-05-10 16:44:56,MTP,MZ
2022-05-10 16:44:56,DB,MTP
2022-05-10 16:44:56,IG,MGB
2022-05-10 16:44:56,DB,LL
2022-05-10 16:44:56,MCM,MZ
2022-05-10 16:44:56,LL,MWB
2022-05-10 16:44:56,DB,MCM
2022-05-10 16:44:56,LL,PL
2022-05-10 16:44:56,LL,MZ
2022-05-10 16:44:56,IG,MZ
2022-05-10 16:44:56,MCM,MTP
2022-05-10 16:44:56,IG,LL
2022-05-10 16:44:56,MCM,MWB
2022-05-10 16:44:56,MGB,MTP
2022-05-10 16:44:56,MWB,PL
2022-05-10 16:44:56,LL,MCM
2022-05-10 16:44:56,MCM,MGB
2022-05-10 16:44:56,MGB,MWB
2022-05-10 16:44:56,DB,MWB
2022-05-10 16:44:56,DB,MGB
2022-05-10 16:44:57,MWB,MZ
2022-05-10 16:44:57,MCM,MTP
2022-05-10 16:44:57,LL,MWB
2022-05-10 16:44:57,IG,MZ
2022-05-10 16:44:57,DB,MGB
2022-05-10 16:44:57,MCM,MZ
2022-05-10 16:44:57,IG,MGB
2022-05-10 16:44:57,IG,LL
2022-05-10 16:44:57,MCM,MWB
2022-05-10 16:44:57,DB,MTP
2022-05-10 16:44:57,MTP,MZ
2022-05-10 16:44:57,IG,PL
2022-05-10 16:44:57,MGB,MTP
2022-05-10 16:44:57,IG,MCM
2022-05-10 16:44:57,MGB,MWB
2022-05-10 16:44:57,DB,PL
2022-05-10 16:44:57,LL,MTP
2022-05-10 16:44:57,MGB,MZ
2022-05-10 16:44:57,LL,PL
2022-05-10 16:44:57,MZ,PL
2022-05-10 16:44:57,LL,MCM
2022-05-10 16:44:57,MTP,PL
2022-05-10 16:44:57,MCM,MGB
2022-05-10 16:44:57,MCM,PL
2022-05-10 16:44:57,LL,MGB
2022-05-10 16:44:57,LL,MZ
2022-05-10 16:44:57,DB,IG
2022-05-10 16:44:57,DB,MWB
2022-05-10 16:44:57,MGB,PL
2022-05-10 16:44:57,MTP,MWB
2022-05-10 16:44:57,MWB,PL
2022-05-10 16:44:57,DB,LL
2022-05-10 16:44:57,DB,MCM
2022-05-10 16:44:57,DB,MZ
2022-05-10 16:44:57,IG,MTP
2022-05-10 16:44:57,IG,MWB
2022-05-10 16:44:58,DB,IG
2022-05-10 16:44:58,MCM,MZ
2022-05-10 16:44:58,DB,MGB
2022-05-10 16:44:58,MWB,MZ
2022-05-10 16:44:58,MGB,MWB
2022-05-10 16:44:58,LL,MTP
2022-05-10 16:44:58,IG,MTP
2022-05-10 16:44:58,LL,PL
2022-05-10 16:44:58,MGB,MZ
2022-05-10 16:44:58,DB,MZ
2022-05-10 16:44:58,IG,MCM
2022-05-10 16:44:58,LL,MGB
2022-05-10 16:44:58,IG,LL
2022-05-10 16:44:58,IG,MGB
2022-05-10 16:44:58,DB,MTP
2022-05-10 16:44:58,MZ,PL
2022-05-10 16:44:58,MCM,MWB
2022-05-10 16:44:58,MCM,PL
2022-05-10 16:44:58,MTP,PL
2022-05-10 16:44:58,DB,PL
2022-05-10 16:44:58,IG,MZ
2022-05-10 16:44:58,MGB,MTP
2022-05-10 16:44:58,DB,MWB
2022-05-10 16:44:58,DB,MCM
2022-05-10 16:44:58,IG,MWB
2022-05-10 16:44:58,MCM,MGB
2022-05-10 16:44:58,MGB,PL
2022-05-10 16:44:58,IG,PL
2022-05-10 16:44:58,MCM,MTP
2022-05-10 16:44:58,MTP,MZ
2022-05-10 16:44:58,DB,LL
2022-05-10 16:44:58,LL,MWB
2022-05-10 16:44:58,MWB,PL
2022-05-10 16:44:58,LL,MCM
2022-05-10 16:44:58,LL,MZ
2022-05-10 16:44:58,MTP,MWB
2022-05-10 16:44:59,MWB,MZ
2022-05-10 16:44:59,DB,MZ
2022-05-10 16:44:59,MTP,MZ
2022-05-10 16:44:59,LL,MZ
2022-05-10 16:44:59,MZ,PL
2022-05-10 16:44:59,LL,MCM
2022-05-10 16:44:59,LL,MTP
2022-05-10 16:44:59,MGB,MWB
2022-05-10 16:44:59,MGB,MTP
2022-05-10 16:44:59,IG,PL
2022-05-10 16:44:59,DB,MCM
2022-05-10 16:44:59,MTP,PL
2022-05-10 16:44:59,DB,IG
2022-05-10 16:44:59,IG,LL
2022-05-10 16:44:59,DB,MGB
2022-05-10 16:44:59,IG,MZ
2022-05-10 16:44:59,DB,MWB
2022-05-10 16:44:59,IG,MWB
2022-05-10 16:44:59,IG,MTP
2022-05-10 16:44:59,MCM,MTP
2022-05-10 16:44:59,DB,LL
2022-05-10 16:44:59,LL,MWB
2022-05-10 16:44:59,MGB,PL
2022-05-10 16:44:59,MTP,MWB
2022-05-10 16:44:59,MGB,MZ
2022-05-10 16:44:59,MCM,MZ
2022-05-10 16:44:59,MCM,PL
2022-05-10 16:44:59,MCM,MGB
2022-05-10 16:44:59,LL,MGB
2022-05-10 16:44:59,MCM,MWB
2022-05-10 16:44:59,MWB,PL
2022-05-10 16:44:59,LL,PL
2022-05-10 16:44:59,IG,MGB
2022-05-10 16:44:59,DB,PL
2022-05-10 16:44:59,DB,MTP
2022-05-10 16:44:59,IG,MCM
2022-05-10 16:45:00,IG,MWB
2022-05-10 16:45:00,MWB,MZ
2022-05-10 16:45:00,LL,MGB
2022-05-10 16:45:00,DB,IG
2022-05-10 16:45:00,DB,PL
2022-05-10 16:45:00,MGB,PL
2022-05-10 16:45:00,MCM,PL
2022-05-10 16:45:00,MCM,MGB
2022-05-10 16:45:00,LL,MTP
2022-05-10 16:45:00,MWB,PL
2022-05-10 16:45:00,LL,MCM
2022-05-10 16:45:00,DB,MTP
2022-05-10 16:45:00,IG,MZ
2022-05-10 16:45:00,DB,LL
2022-05-10 16:45:00,DB,MWB
2022-05-10 16:45:00,IG,MTP
2022-05-10 16:45:00,MCM,MTP
2022-05-10 16:45:00,LL,MWB
2022-05-10 16:45:00,DB,MGB
2022-05-10 16:45:00,MCM,MZ
2022-05-10 16:45:00,MGB,MZ
2022-05-10 16:45:00,LL,PL
2022-05-10 16:45:00,IG,MGB
2022-05-10 16:45:00,MCM,MWB
2022-05-10 16:45:00,IG,PL
2022-05-10 16:45:00,IG,MCM
2022-05-10 16:45:00,MTP,PL
2022-05-10 16:45:00,MTP,MWB
2022-05-10 16:45:00,MGB,MTP
2022-05-10 16:45:00,LL,MZ
2022-05-10 16:45:00,MGB,MWB
2022-05-10 16:45:00,MZ,PL
2022-05-10 16:45:00,DB,MZ
2022-05-10 16:45:00,IG,LL
2022-05-10 16:45:00,DB,MCM
2022-05-10 16:45:00,MTP,MZ
2022-05-10 16:45:01,LL,PL
2022-05-10 16:45:01,MWB,MZ
2022-05-10 16:45:01,IG,MCM
2022-05-10 16:45:01,DB,MGB
2022-05-10 16:45:01,MCM,PL
2022-05-10 16:45:01,MZ,PL
2022-05-10 16:45:01,MTP,PL
2022-05-10 16:45:01,MGB,MWB
2022-05-10 16:45:01,IG,MTP
2022-05-10 16:45:01,DB,IG
2022-05-10 16:45:01,DB,MZ
2022-05-10 16:45:01,LL,MZ
2022-05-10 16:45:01,IG,LL
2022-05-10 16:45:01,MCM,MWB
2022-05-10 16:45:01,MGB,MTP
2022-05-10 16:45:01,IG,PL
2022-05-10 16:45:01,DB,MTP
2022-05-10 16:45:01,MGB,MZ
2022-05-10 16:45:01,MTP,MZ
2022-05-10 16:45:01,LL,MTP
2022-05-10 16:45:01,DB,PL
2022-05-10 16:45:01,IG,MZ
2022-05-10 16:45:01,MCM,MZ
2022-05-10 16:45:01,MWB,PL
2022-05-10 16:45:01,LL,MCM
2022-05-10 16:45:01,LL,MWB
2022-05-10 16:45:01,MCM,MTP
2022-05-10 16:45:01,MTP,MWB
2022-05-10 16:45:01,DB,MCM
2022-05-10 16:45:01,LL,MGB
2022-05-10 16:45:01,DB,MWB
2022-05-10 16:45:01,DB,LL
2022-05-10 16:45:01,MCM,MGB
2022-05-10 16:45:01,IG,MWB
2022-05-10 16:45:01,MGB,PL
2022-05-10 16:45:01,IG,MGB
2022-05-10 16:45:02,DB,MTP
2022-05-10 16:45:02,IG,MTP
2022-05-10 16:45:02,DB,MCM
2022-05-10 16:45:02,IG,MCM
2022-05-10 16:45:02,IG,MWB
2022-05-10 16:45:02,MCM,MWB
2022-05-10 16:45:02,MGB,MZ
2022-05-10 16:45:02,LL,PL
2022-05-10 16:45:02,LL,MWB
2022-05-10 16:45:02,MTP,PL
2022-05-10 16:45:02,DB,MGB
2022-05-10 16:45:02,DB,MWB
2022-05-10 16:45:02,MCM,MTP
2022-05-10 16:45:02,IG,MGB
2022-05-10 16:45:02,MCM,MZ
2022-05-10 16:45:02,IG,MZ
2022-05-10 16:45:02,IG,LL
2022-05-10 16:45:02,MGB,PL
2022-05-10 16:45:02,MCM,MGB
2022-05-10 16:45:02,MCM,PL
2022-05-10 16:45:02,LL,MGB
2022-05-10 16:45:02,DB,IG
2022-05-10 16:45:02,LL,MCM
2022-05-10 16:45:02,MWB,MZ
2022-05-10 16:45:02,DB,PL
2022-05-10 16:45:02,MTP,MZ
2022-05-10 16:45:02,DB,MZ
2022-05-10 16:45:02,LL,MTP
2022-05-10 16:45:02,MGB,MTP
2022-05-10 16:45:02,MTP,MWB
2022-05-10 16:45:02,DB,LL
2022-05-10 16:45:02,LL,MZ
2022-05-10 16:45:02,MWB,PL
2022-05-10 16:45:02,MZ,PL
2022-05-10 16:45:02,MGB,MWB
2022-05-10 16:45:02,IG,PL
2022-05-10 16:45:03,MCM,MWB
2022-05-10 16:45:03,MCM,MTP
2022-05-10 16:45:03,MGB,MWB
2022-05-10 16:45:03,IG,MZ
2022-05-10 16:45:03,MCM,MGB
2022-05-10 16:45:03,DB,IG
2022-05-10 16:45:03,MTP,MWB
2022-05-10 16:45:03,LL,MCM
2022-05-10 16:45:03,MGB,MTP
2022-05-10 16:45:03,IG,MTP
2022-05-10 16:45:03,MGB,MZ
2022-05-10 16:45:03,DB,MGB
2022-05-10 16:45:03,IG,LL
2022-05-10 16:45:03,DB,LL
2022-05-10 16:45:03,LL,MTP
2022-05-10 16:45:03,LL,MGB
2022-05-10 16:45:03,DB,MTP
2022-05-10 16:45:03,DB,MCM
2022-05-10 16:45:03,IG,PL
2022-05-10 16:45:03,MZ,PL
2022-05-10 16:45:03,IG,MGB
2022-05-10 16:45:03,MTP,MZ
2022-05-10 16:45:03,MWB,MZ
2022-05-10 16:45:03,MCM,PL
2022-05-10 16:45:03,LL,MZ
2022-05-10 16:45:03,IG,MCM
2022-05-10 16:45:03,IG,MWB
2022-05-10 16:45:03,MCM,MZ
2022-05-10 16:45:03,MTP,PL
2022-05-10 16:45:03,MGB,PL
2022-05-10 16:45:03,LL,MWB
2022-05-10 16:45:03,DB,PL
2022-05-10 16:45:03,DB,MWB
2022-05-10 16:45:03,MWB,PL
2022-05-10 16:45:03,LL,PL
2022-05-10 16:45:03,DB,MZ
2022-05-10 16:45:04,IG,PL
2022-05-10 16:45:04,IG,MZ
2022-05-10 16:45:04,IG,MWB
2022-05-10 16:45:04,LL,MGB
2022-05-10 16:45:04,MTP,MWB
2022-05-10 16:45:04,MGB,MTP
2022-05-10 16:45:04,DB,MTP
2022-05-10 16:45:04,IG,LL
2022-05-10 16:45:04,MTP,MZ
2022-05-10 16:45:04,DB,MCM
2022-05-10 16:45:04,IG,MGB
2022-05-10 16:45:04,MCM,MWB
2022-05-10 16:45:04,MGB,MZ
2022-05-10 16:45:04,MCM,MZ
2022-05-10 16:45:04,LL,MWB
2022-05-10 16:45:04,DB,MWB
2022-05-10 16:45:04,DB,LL
2022-05-10 16:45:04,MCM,MTP
2022-05-10 16:45:04,MWB,PL
2022-05-10 16:45:04,LL,MCM
2022-05-10 16:45:04,LL,MTP
2022-05-10 16:45:04,IG,MTP
2022-05-10 16:45:04,DB,MGB
2022-05-10 16:45:04,MTP,PL
2022-05-10 16:45:04,LL,PL
2022-05-10 16:45:04,IG,MCM
2022-05-10 16:45:04,MGB,MWB
2022-05-10 16:45:04,MZ,PL
2022-05-10 16:45:04,LL,MZ
2022-05-10 16:45:04,DB,MZ
2022-05-10 16:45:04,MWB,MZ
2022-05-10 16:45:04,DB,IG
2022-05-10 16:45:04,DB,PL
2022-05-10 16:45:04,MGB,PL
2022-05-10 16:45:04,MCM,MGB
2022-05-10 16:45:04,MCM,PL
2022-05-10 16:45:05,MTP,MWB
2022-05-10 16:45:05,MGB,MWB
2022-05-10 16:45:05,IG,MGB
2022-05-10 16:45:05,IG,MCM
2022-05-10 16:45:05,MCM,MWB
2022-05-10 16:45:05,MGB,MZ
2022-05-10 16:45:05,DB,PL
2022-05-10 16:45:05,MCM,MZ
2022-05-10 16:45:05,DB,IG
2022-05-10 16:45:05,MWB,PL
2022-05-10 16:45:05,LL,MWB
2022-05-10 16:45:05,LL,MCM
2022-05-10 16:45:05,DB,MWB
2022-05-10 16:45:05,DB,MGB
2022-05-10 16:45:05,DB,LL
2022-05-10 16:45:05,IG,MZ
2022-05-10 16:45:05,MCM,MTP
2022-05-10 16:45:05,DB,MCM
2022-05-10 16:45:05,LL,PL
2022-05-10 16:45:05,MGB,PL
2022-05-10 16:45:05,LL,MZ
2022-05-10 16:45:05,LL,MTP
2022-05-10 16:45:05,MCM,PL
2022-05-10 16:45:05,IG,PL
2022-05-10 16:45:05,DB,MZ
2022-05-10 16:45:05,MWB,MZ
2022-05-10 16:45:05,MGB,MTP
2022-05-10 16:45:05,MZ,PL
2022-05-10 16:45:05,DB,MTP
2022-05-10 16:45:05,IG,LL
2022-05-10 16:45:05,MTP,PL
2022-05-10 16:45:05,LL,MGB
2022-05-10 16:45:05,MTP,MZ
2022-05-10 16:45:05,IG,MTP
2022-05-10 16:45:05,MCM,MGB
2022-05-10 16:45:05,IG,MWB
2022-05-10 16:45:06,MGB,PL
2022-05-10 16:45:06,LL,MGB
2022-05-10 16:45:06,MGB,MZ
2022-05-10 16:45:06,MTP,MZ
2022-05-10 16:45:06,DB,MWB
2022-05-10 16:45:06,IG,PL
2022-05-10 16:45:06,DB,MGB
2022-05-10 16:45:06,IG,MZ
2022-05-10 16:45:06,IG,MWB
2022-05-10 16:45:06,MCM,MZ
2022-05-10 16:45:06,LL,MCM
2022-05-10 16:45:06,MWB,PL
2022-05-10 16:45:06,MCM,MGB
2022-05-10 16:45:06,DB,IG
2022-05-10 16:45:06,LL,MTP
2022-05-10 16:45:06,MWB,MZ
2022-05-10 16:45:06,LL,MZ
2022-05-10 16:45:06,MZ,PL
2022-05-10 16:45:06,MCM,MWB
2022-05-10 16:45:06,MGB,MTP
2022-05-10 16:45:06,MTP,PL
2022-05-10 16:45:06,IG,MCM
2022-05-10 16:45:06,LL,PL
2022-05-10 16:45:06,DB,PL
2022-05-10 16:45:06,MGB,MWB
2022-05-10 16:45:06,LL,MWB
2022-05-10 16:45:06,DB,MZ
2022-05-10 16:45:06,IG,MTP
2022-05-10 16:45:06,DB,LL
2022-05-10 16:45:06,MCM,MTP
2022-05-10 16:45:06,IG,MGB
2022-05-10 16:45:06,DB,MCM
2022-05-10 16:45:06,DB,MTP
2022-05-10 16:45:06,MTP,MWB
2022-05-10 16:45:06,MCM,PL
2022-05-10 16:45:06,IG,LL
2022-05-10 16:45:07,MZ,PL
2022-05-10 16:45:07,LL,MCM
2022-05-10 16:45:07,MGB,MZ
2022-05-10 16:45:07,MCM,MGB
2022-05-10 16:45:07,IG,LL
2022-05-10 16:45:07,MCM,MWB
2022-05-10 16:45:07,MGB,MTP
2022-05-10 16:45:07,MWB,PL
2022-05-10 16:45:07,MTP,PL
2022-05-10 16:45:07,DB,MGB
2022-05-10 16:45:07,IG,MCM
2022-05-10 16:45:07,MCM,PL
2022-05-10 16:45:07,LL,PL
2022-05-10 16:45:07,LL,MGB
2022-05-10 16:45:07,MGB,MWB
2022-05-10 16:45:07,DB,PL
2022-05-10 16:45:07,MTP,MWB
2022-05-10 16:45:07,IG,MWB
2022-05-10 16:45:07,LL,MWB
2022-05-10 16:45:07,DB,MWB
2022-05-10 16:45:07,DB,MZ
2022-05-10 16:45:07,DB,MTP
2022-05-10 16:45:07,MTP,MZ
2022-05-10 16:45:07,MGB,PL
2022-05-10 16:45:07,IG,MTP
2022-05-10 16:45:07,MWB,MZ
2022-05-10 16:45:07,MCM,MTP
2022-05-10 16:45:07,LL,MTP
2022-05-10 16:45:07,IG,MGB
2022-05-10 16:45:07,DB,IG
2022-05-10 16:45:07,LL,MZ
2022-05-10 16:45:07,MCM,MZ
2022-05-10 16:45:07,IG,MZ
2022-05-10 16:45:07,DB,MCM
2022-05-10 16:45:07,DB,LL
2022-05-10 16:45:07,IG,PL
2022-05-10 16:45:08,IG,PL
2022-05-10 16:45:08,LL,MGB
2022-05-10 16:45:08,DB,IG
2022-05-10 16:45:08,LL,PL
2022-05-10 16:45:08,DB,MGB
2022-05-10 16:45:08,MTP,MZ
2022-05-10 16:45:08,IG,MWB
2022-05-10 16:45:08,IG,MCM
2022-05-10 16:45:08,DB,MZ
2022-05-10 16:45:08,LL,MWB
2022-05-10 16:45:08,DB,MTP
2022-05-10 16:45:08,MCM,MZ
2022-05-10 16:45:08,DB,MWB
2022-05-10 16:45:08,MCM,MTP
2022-05-10 16:45:08,MGB,MWB
2022-05-10 16:45:08,IG,MGB
2022-05-10 16:45:08,MCM,PL
2022-05-10 16:45:08,LL,MTP
2022-05-10 16:45:08,DB,PL
2022-05-10 16:45:08,IG,MTP
2022-05-10 16:45:08,LL,MCM
2022-05-10 16:45:08,MGB,PL
2022-05-10 16:45:08,LL,MZ
2022-05-10 16:45:08,DB,MCM
2022-05-10 16:45:08,MGB,MZ
2022-05-10 16:45:08,MZ,PL
2022-05-10 16:45:08,IG,LL
2022-05-10 16:45:08,MWB,MZ
2022-05-10 16:45:08,MCM,MGB
2022-05-10 16:45:08,MGB,MTP
2022-05-10 16:45:08,MTP,PL
2022-05-10 16:45:08,MTP,MWB
2022-05-10 16:45:08,DB,LL
2022-05-10 16:45:08,MWB,PL
2022-05-10 16:45:08,IG,MZ
2022-05-10 16:45:08,MCM,MWB
2022-05-10 16:45:09,MTP,PL
2022-05-10 16:45:09,MTP,MZ
2022-05-10 16:45:09,IG,MGB
2022-05-10 16:45:09,MCM,MTP
2022-05-10 16:45:09,IG,MZ
2022-05-10 16:45:09,MGB,MZ
2022-05-10 16:45:09,IG,LL
2022-05-10 16:45:09,DB,MZ
2022-05-10 16:45:09,MTP,MWB
2022-05-10 16:45:09,MCM,MZ
2022-05-10 16:45:09,LL,MTP
2022-05-10 16:45:09,DB,LL
2022-05-10 16:45:09,MWB,MZ
2022-05-10 16:45:09,LL,MZ
2022-05-10 16:45:09,IG,PL
2022-05-10 16:45:09,IG,MTP
2022-05-10 16:45:09,LL,MCM
2022-05-10 16:45:09,DB,MCM
2022-05-10 16:45:09,LL,MGB
2022-05-10 16:45:09,MGB,PL
2022-05-10 16:45:09,MGB,MWB
2022-05-10 16:45:09,DB,IG
2022-05-10 16:45:09,DB,PL
2022-05-10 16:45:09,MCM,MWB
2022-05-10 16:45:09,MGB,MTP
2022-05-10 16:45:09,MWB,PL
2022-05-10 16:45:09,IG,MCM
2022-05-10 16:45:09,LL,PL
2022-05-10 16:45:09,DB,MGB
2022-05-10 16:45:09,MCM,PL
2022-05-10 16:45:09,DB,MTP
2022-05-10 16:45:09,IG,MWB
2022-05-10 16:45:09,LL,MWB
2022-05-10 16:45:09,DB,MWB
2022-05-10 16:45:09,MZ,PL
2022-05-10 16:45:09,MCM,MGB
2022-05-10 16:45:10,DB,MWB
2022-05-10 16:45:10,MCM,MGB
2022-05-10 16:45:10,DB,MCM
2022-05-10 16:45:10,LL,MCM
2022-05-10 16:45:10,MGB,MWB
2022-05-10 16:45:10,DB,LL
2022-05-10 16:45:10,IG,LL
2022-05-10 16:45:10,DB,PL
2022-05-10 16:45:10,DB,MGB
2022-05-10 16:45:10,IG,MWB
2022-05-10 16:45:10,IG,MZ
2022-05-10 16:45:10,MGB,MTP
2022-05-10 16:45:10,DB,MZ
2022-05-10 16:45:10,IG,MCM
2022-05-10 16:45:10,MGB,MZ
2022-05-10 16:45:10,LL,MTP
2022-05-10 16:45:10,DB,IG
2022-05-10 16:45:10,IG,MTP
2022-05-10 16:45:10,MCM,MWB
2022-05-10 16:45:10,MWB,MZ
2022-05-10 16:45:10,MTP,PL
2022-05-10 16:45:10,LL,MGB
2022-05-10 16:45:10,LL,MZ
2022-05-10 16:45:10,LL,PL
2022-05-10 16:45:10,MCM,MZ
2022-05-10 16:45:10,DB,MTP
2022-05-10 16:45:10,IG,PL
2022-05-10 16:45:10,MWB,PL
2022-05-10 16:45:10,MTP,MZ
2022-05-10 16:45:10,IG,MGB
2022-05-10 16:45:10,MZ,PL
2022-05-10 16:45:10,MCM,PL
2022-05-10 16:45:10,MTP,MWB
2022-05-10 16:45:10,MCM,MTP
2022-05-10 16:45:10,MGB,PL
2022-05-10 16:45:10,LL,MWB
2022-05-10 16:45:11,MZ,PL
2022-05-10 16:45:11,LL,MGB
2022-05-10 16:45:11,LL,MCM
2022-05-10 16:45:11,DB,LL
2022-05-10 16:45:11,DB,PL
2022-05-10 16:45:11,DB,IG
2022-05-10 16:45:11,MGB,MWB
2022-05-10 16:45:11,MWB,MZ
2022-05-10 16:45:11,MCM,MGB
2022-05-10 16:45:11,MCM,MZ
2022-05-10 16:45:11,DB,MTP
2022-05-10 16:45:11,IG,PL
2022-05-10 16:45:11,MCM,PL
2022-05-10 16:45:11,DB,MCM
2022-05-10 16:45:11,LL,MTP
2022-05-10 16:45:11,MCM,MWB
2022-05-10 16:45:11,MTP,MWB
2022-05-10 16:45:11,IG,MCM
2022-05-10 16:45:11,IG,MZ
2022-05-10 16:45:11,MCM,MTP
2022-05-10 16:45:11,MTP,MZ
2022-05-10 16:45:11,IG,LL
2022-05-10 16:45:11,MTP,PL
2022-05-10 16:45:11,DB,MGB
2022-05-10 16:45:11,IG,MGB
2022-05-10 16:45:11,DB,MZ
2022-05-10 16:45:11,DB,MWB
2022-05-10 16:45:11,IG,MTP
2022-05-10 16:45:11,MGB,PL
2022-05-10 16:45:11,LL,PL
2022-05-10 16:45:11,MGB,MTP
2022-05-10 16:45:11,MWB,PL
2022-05-10 16:45:11,IG,MWB
2022-05-10 16:45:11,LL,MZ
2022-05-10 16:45:11,MGB,MZ
2022-05-10 16:45:11,LL,MWB
2022-05-10 16:45:12,MGB,MWB
2022-05-10 16:45:12,MWB,MZ
2022-05-10 16:45:12,IG,MZ
2022-05-10 16:45:12,DB,LL
2022-05-10 16:45:12,MTP,PL
2022-05-10 16:45:12,IG,MCM
2022-05-10 16:45:12,LL,MZ
2022-05-10 16:45:12,MCM,PL
2022-05-10 16:45:12,LL,PL
2022-05-10 16:45:12,MGB,PL
2022-05-10 16:45:12,DB,MGB
2022-05-10 16:45:12,LL,MWB
2022-05-10 16:45:12,DB,MWB
2022-05-10 16:45:12,IG,MGB
2022-05-10 16:45:12,MCM,MZ
2022-05-10 16:45:12,LL,MCM
2022-05-10 16:45:12,IG,PL
2022-05-10 16:45:12,IG,LL
2022-05-10 16:45:12,MGB,MZ
2022-05-10 16:45:12,IG,MTP
2022-05-10 16:45:12,MCM,MWB
2022-05-10 16:45:12,MTP,MWB
2022-05-10 16:45:12,LL,MGB
2022-05-10 16:45:12,MCM,MTP
2022-05-10 16:45:12,DB,PL
2022-05-10 16:45:12,MZ,PL
2022-05-10 16:45:12,DB,MZ
2022-05-10 16:45:12,MWB,PL
2022-05-10 16:45:12,IG,MWB
2022-05-10 16:45:12,MGB,MTP
2022-05-10 16:45:12,LL,MTP
2022-05-10 16:45:12,DB,MTP
2022-05-10 16:45:12,MCM,MGB
2022-05-10 16:45:12,DB,MCM
2022-05-10 16:45:12,MTP,MZ
2022-05-10 16:45:12,DB,IG
2022-05-10 16:45:13,DB,MGB
2022-05-10 16:45:13,LL,MWB
2022-05-10 16:45:13,IG,MGB
2022-05-10 16:45:13,MGB,PL
2022-05-10 16:45:13,MGB,MZ
2022-05-10 16:45:13,IG,MTP
2022-05-10 16:45:13,LL,PL
2022-05-10 16:45:13,DB,MWB
2022-05-10 16:45:13,MTP,MWB
2022-05-10 16:45:13,MCM,MTP
2022-05-10 16:45:13,DB,MZ
2022-05-10 16:45:13,MCM,MZ
2022-05-10 16:45:13,DB,PL
2022-05-10 16:45:13,MTP,PL
2022-05-10 16:45:13,DB,MTP
2022-05-10 16:45:13,IG,LL
2022-05-10 16:45:13,IG,MZ
2022-05-10 16:45:13,IG,PL
2022-05-10 16:45:13,MTP,MZ
2022-05-10 16:45:13,MWB,MZ
2022-05-10 16:45:13,LL,MZ
2022-05-10 16:45:13,DB,LL
2022-05-10 16:45:13,LL,MGB
2022-05-10 16:45:13,MGB,MWB
2022-05-10 16:45:13,MZ,PL
2022-05-10 16:45:13,LL,MCM
2022-05-10 16:45:13,LL,MTP
2022-05-10 16:45:13,IG,MCM
2022-05-10 16:45:13,MCM,MGB
2022-05-10 16:45:13,DB,MCM
2022-05-10 16:45:13,IG,MWB
2022-05-10 16:45:13,MGB,MTP
2022-05-10 16:45:13,MWB,PL
2022-05-10 16:45:13,DB,IG
2022-05-10 16:45:13,MCM,MWB
2022-05-10 16:45:13,MCM,PL
2022-05-10 16:45:14,DB,MZ
2022-05-10 16:45:14,LL,MTP
2022-05-10 16:45:14,LL,MGB
2022-05-10 16:45:14,MCM,PL
2022-05-10 16:45:14,MWB,PL
2022-05-10 16:45:14,DB,MTP
2022-05-10 16:45:14,IG,MTP
2022-05-10 16:45:14,MTP,MZ
2022-05-10 16:45:14,MZ,PL
2022-05-10 16:45:14,IG,MCM
2022-05-10 16:45:14,MGB,MZ
2022-05-10 16:45:14,MCM,MWB
2022-05-10 16:45:14,LL,MWB
2022-05-10 16:45:14,DB,IG
2022-05-10 16:45:14,IG,MGB
2022-05-10 16:45:14,LL,PL
2022-05-10 16:45:14,LL,MZ
2022-05-10 16:45:14,DB,PL
2022-05-10 16:45:14,MGB,MTP
2022-05-10 16:45:14,IG,MWB
2022-05-10 16:45:14,IG,PL
2022-05-10 16:45:14,DB,MWB
2022-05-10 16:45:14,DB,LL
2022-05-10 16:45:14,LL,MCM
2022-05-10 16:45:14,IG,LL
2022-05-10 16:45:14,DB,MGB
2022-05-10 16:45:14,MGB,MWB
2022-05-10 16:45:14,MWB,MZ
2022-05-10 16:45:14,MGB,PL
2022-05-10 16:45:14,MTP,PL
2022-05-10 16:45:14,MCM,MGB
2022-05-10 16:45:14,MCM,MZ
2022-05-10 16:45:14,IG,MZ
2022-05-10 16:45:14,MTP,MWB
2022-05-10 16:45:14,DB,MCM
2022-05-10 16:45:14,MCM,MTP
2022-05-10 16:45:15,LL,MTP
2022-05-10 16:45:15,IG,PL
2022-05-10 16:45:15,IG,MCM
2022-05-10 16:45:15,DB,LL
2022-05-10 16:45:15,MWB,MZ
2022-05-10 16:45:15,LL,MZ
2022-05-10 16:45:15,DB,PL
2022-05-10 16:45:15,MCM,MGB
2022-05-10 16:45:15,LL,MGB
2022-05-10 16:45:15,MGB,PL
2022-05-10 16:45:15,MGB,MWB
2022-05-10 16:45:15,DB,MTP
2022-05-10 16:45:15,MCM,PL
2022-05-10 16:45:15,MZ,PL
2022-05-10 16:45:15,LL,MCM
2022-05-10 16:45:15,DB,MZ
2022-05-10 16:45:15,MCM,MWB
2022-05-10 16:45:15,MCM,MTP
2022-05-10 16:45:15,LL,PL
2022-05-10 16:45:15,IG,MZ
2022-05-10 16:45:15,DB,MCM
2022-05-10 16:45:15,MCM,MZ
2022-05-10 16:45:15,IG,MTP
2022-05-10 16:45:15,MTP,MWB
2022-05-10 16:45:15,DB,MGB
2022-05-10 16:45:15,IG,MWB
2022-05-10 16:45:15,LL,MWB
2022-05-10 16:45:15,MGB,MZ
2022-05-10 16:45:15,IG,LL
2022-05-10 16:45:15,MTP,MZ
2022-05-10 16:45:15,DB,MWB
2022-05-10 16:45:15,IG,MGB
2022-05-10 16:45:15,MWB,PL
2022-05-10 16:45:15,MGB,MTP
2022-05-10 16:45:15,DB,IG
2022-05-10 16:45:15,MTP,PL
2022-05-10 16:45:16,LL,MGB
2022-05-10 16:45:16,DB,PL
2022-05-10 16:45:16,MCM,MZ
2022-05-10 16:45:16,DB,IG
2022-05-10 16:45:16,IG,PL
2022-05-10 16:45:16,IG,MGB
2022-05-10 16:45:16,DB,MCM
2022-05-10 16:45:16,LL,MTP
2022-05-10 16:45:16,MCM,MGB
2022-05-10 16:45:16,LL,MCM
2022-05-10 16:45:16,MWB,MZ
2022-05-10 16:45:16,IG,MWB
2022-05-10 16:45:16,DB,LL
2022-05-10 16:45:16,MGB,PL
2022-05-10 16:45:16,MGB,MWB
2022-05-10 16:45:16,MGB,MTP
2022-05-10 16:45:16,IG,LL
2022-05-10 16:45:16,DB,MWB
2022-05-10 16:45:16,DB,MGB
2022-05-10 16:45:16,MTP,MWB
2022-05-10 16:45:16,IG,MZ
2022-05-10 16:45:16,MCM,PL
2022-05-10 16:45:16,MCM,MTP
2022-05-10 16:45:16,MCM,MWB
2022-05-10 16:45:16,DB,MZ
2022-05-10 16:45:16,LL,PL
2022-05-10 16:45:16,IG,MTP
2022-05-10 16:45:16,LL,MWB
2022-05-10 16:45:16,MGB,MZ
2022-05-10 16:45:16,MTP,MZ
2022-05-10 16:45:16,MWB,PL
2022-05-10 16:45:16,IG,MCM
2022-05-10 16:45:16,LL,MZ
2022-05-10 16:45:16,MZ,PL
2022-05-10 16:45:16,DB,MTP
2022-05-10 16:45:16,MTP,PL
2022-05-10 16:45:17,MTP,MZ
2022-05-10 16:45:17,MGB,PL
2022-05-10 16:45:17,DB,PL
2022-05-10 16:45:17,DB,MCM
2022-05-10 16:45:17,MCM,MGB
2022-05-10 16:45:17,MTP,MWB
2022-05-10 16:45:17,IG,LL
2022-05-10 16:45:17,DB,MZ
2022-05-10 16:45:17,IG,MTP
2022-05-10 16:45:17,MGB,MTP
2022-05-10 16:45:17,IG,MWB
2022-05-10 16:45:17,MGB,MZ
2022-05-10 16:45:17,LL,MCM
2022-05-10 16:45:17,MWB,PL
2022-05-10 16:45:17,LL,MGB
2022-05-10 16:45:17,DB,LL
2022-05-10 16:45:17,MGB,MWB
2022-05-10 16:45:17,MZ,PL
2022-05-10 16:45:17,DB,MWB
2022-05-10 16:45:17,MCM,MTP
2022-05-10 16:45:17,DB,MGB
2022-05-10 16:45:17,DB,IG
2022-05-10 16:45:17,MWB,MZ
2022-05-10 16:45:17,MCM,MZ
2022-05-10 16:45:17,IG,MGB
2022-05-10 16:45:17,MCM,PL
2022-05-10 16:45:17,LL,MZ
2022-05-10 16:45:17,IG,PL
2022-05-10 16:45:17,MCM,MWB
2022-05-10 16:45:17,LL,MWB
2022-05-10 16:45:17,LL,PL
2022-05-10 16:45:17,LL,MTP
2022-05-10 16:45:17,MTP,PL
2022-05-10 16:45:17,DB,MTP
2022-05-10 16:45:17,IG,MZ
2022-05-10 16:45:17,IG,MCM
2022-05-10 16:45:18,MWB,PL
2022-05-10 16:45:18,DB,MTP
2022-05-10 16:45:18,MGB,MZ
2022-05-10 16:45:18,IG,PL
2022-05-10 16:45:18,MZ,PL
2022-05-10 16:45:18,DB,PL
2022-05-10 16:45:18,MCM,MTP
2022-05-10 16:45:18,MCM,PL
2022-05-10 16:45:18,LL,MZ
2022-05-10 16:45:18,IG,MCM
2022-05-10 16:45:18,LL,PL
2022-05-10 16:45:18,MTP,PL
2022-05-10 16:45:18,IG,MZ
2022-05-10 16:45:18,MCM,MWB
2022-05-10 16:45:18,DB,MGB
2022-05-10 16:45:18,MGB,PL
2022-05-10 16:45:18,LL,MCM
2022-05-10 16:45:18,MWB,MZ
2022-05-10 16:45:18,MCM,MGB
2022-05-10 16:45:18,MGB,MTP
2022-05-10 16:45:18,IG,LL
2022-05-10 16:45:18,MGB,MWB
2022-05-10 16:45:18,LL,MGB
2022-05-10 16:45:18,DB,MCM
2022-05-10 16:45:18,IG,MGB
2022-05-10 16:45:18,MCM,MZ
2022-05-10 16:45:18,MTP,MWB
2022-05-10 16:45:18,DB,MZ
2022-05-10 16:45:18,IG,MTP
2022-05-10 16:45:18,DB,IG
2022-05-10 16:45:18,MTP,MZ
2022-05-10 16:45:18,LL,MTP
2022-05-10 16:45:18,LL,MWB
2022-05-10 16:45:18,DB,MWB
2022-05-10 16:45:18,IG,MWB
2022-05-10 16:45:18,DB,LL
2022-05-10 16:45:19,MTP,MZ
2022-05-10 16:45:19,MCM,MTP
2022-05-10 16:45:19,LL,MZ
2022-05-10 16:45:19,MCM,MWB
2022-05-10 16:45:19,DB,IG
2022-05-10 16:45:19,MCM,MZ
2022-05-10 16:45:19,MWB,PL
2022-05-10 16:45:19,LL,MTP
2022-05-10 16:45:19,DB,MTP
2022-05-10 16:45:19,IG,MCM
2022-05-10 16:45:19,MTP,PL
2022-05-10 16:45:19,MTP,MWB
2022-05-10 16:45:19,LL,PL
2022-05-10 16:45:19,LL,MCM
2022-05-10 16:45:19,IG,LL
2022-05-10 16:45:19,MGB,PL
2022-05-10 16:45:19,LL,MWB
2022-05-10 16:45:19,DB,MWB
2022-05-10 16:45:19,MZ,PL
2022-05-10 16:45:19,DB,PL
2022-05-10 16:45:19,MWB,MZ
2022-05-10 16:45:19,DB,MGB
2022-05-10 16:45:19,MGB,MTP
2022-05-10 16:45:19,IG,MTP
2022-05-10 16:45:19,DB,MCM
2022-05-10 16:45:19,MCM,PL
2022-05-10 16:45:19,DB,MZ
2022-05-10 16:45:19,MGB,MZ
2022-05-10 16:45:19,MCM,MGB
2022-05-10 16:45:19,IG,MWB
2022-05-10 16:45:19,IG,MZ
2022-05-10 16:45:19,DB,LL
2022-05-10 16:45:19,LL,MGB
2022-05-10 16:45:19,MGB,MWB
2022-05-10 16:45:19,IG,MGB
2022-05-10 16:45:19,IG,PL
2022-05-10 16:45:20,DB,LL
2022-05-10 16:45:20,MZ,PL
2022-05-10 16:45:20,DB,MCM
2022-05-10 16:45:20,MGB,PL
2022-05-10 16:45:20,MGB,MZ
2022-05-10 16:45:20,MWB,PL
2022-05-10 16:45:20,MTP,MWB
2022-05-10 16:45:20,LL,MCM
2022-05-10 16:45:20,IG,MTP
2022-05-10 16:45:20,IG,LL
2022-05-10 16:45:20,LL,MWB
2022-05-10 16:45:20,IG,PL
2022-05-10 16:45:20,LL,PL
2022-05-10 16:45:20,MCM,MTP
2022-05-10 16:45:20,DB,MGB
2022-05-10 16:45:20,MTP,PL
2022-05-10 16:45:20,MCM,MZ
2022-05-10 16:45:20,LL,MGB
2022-05-10 16:45:20,MTP,MZ
2022-05-10 16:45:20,IG,MGB
2022-05-10 16:45:20,DB,MZ
2022-05-10 16:45:20,IG,MWB
2022-05-10 16:45:20,DB,MWB
2022-05-10 16:45:20,DB,IG
2022-05-10 16:45:20,MGB,MWB
2022-05-10 16:45:20,IG,MZ
2022-05-10 16:45:20,MCM,MWB
2022-05-10 16:45:20,DB,MTP
2022-05-10 16:45:20,LL,MZ
2022-05-10 16:45:20,MCM,PL
2022-05-10 16:45:20,MCM,MGB
2022-05-10 16:45:20,MWB,MZ
2022-05-10 16:45:20,IG,MCM
2022-05-10 16:45:20,MGB,MTP
2022-05-10 16:45:20,LL,MTP
2022-05-10 16:45:20,DB,PL
2022-05-10 16:45:21,MCM,MTP
2022-05-10 16:45:21,MTP,MWB
2022-05-10 16:45:21,DB,LL
2022-05-10 16:45:21,LL,MCM
2022-05-10 16:45:21,MCM,MWB
2022-05-10 16:45:21,MWB,MZ
2022-05-10 16:45:21,LL,MZ
2022-05-10 16:45:21,DB,MWB
2022-05-10 16:45:21,DB,MZ
2022-05-10 16:45:21,MCM,MZ
2022-05-10 16:45:21,IG,MGB
2022-05-10 16:45:21,MCM,PL
2022-05-10 16:45:21,IG,MTP
2022-05-10 16:45:21,MTP,PL
2022-05-10 16:45:21,MWB,PL
2022-05-10 16:45:21,DB,MCM
2022-05-10 16:45:21,MGB,MZ
2022-05-10 16:45:21,DB,MGB
2022-05-10 16:45:21,DB,IG
2022-05-10 16:45:21,IG,PL
2022-05-10 16:45:21,IG,LL
2022-05-10 16:45:21,MTP,MZ
2022-05-10 16:45:21,LL,MTP
2022-05-10 16:45:21,MZ,PL
2022-05-10 16:45:21,MGB,MWB
2022-05-10 16:45:21,LL,MWB
2022-05-10 16:45:21,LL,PL
2022-05-10 16:45:21,LL,MGB
2022-05-10 16:45:21,DB,MTP
2022-05-10 16:45:21,DB,PL
2022-05-10 16:45:21,IG,MWB
2022-05-10 16:45:21,IG,MCM
2022-05-10 16:45:21,IG,MZ
2022-05-10 16:45:21,MCM,MGB
2022-05-10 16:45:21,MGB,MTP
2022-05-10 16:45:21,MGB,PL
2022-05-10 16:45:22,DB,MCM
2022-05-10 16:45:22,DB,IG
2022-05-10 16:45:22,DB,MTP
2022-05-10 16:45:22,DB,MZ
2022-05-10 16:45:22,DB,MGB
2022-05-10 16:45:22,IG,LL
2022-05-10 16:45:22,MTP,MZ
2022-05-10 16:45:22,MGB,MTP
2022-05-10 16:45:22,LL,MGB
2022-05-10 16:45:22,IG,MGB
2022-05-10 16:45:22,IG,MZ
2022-05-10 16:45:22,IG,PL
2022-05-10 16:45:22,MCM,MZ
2022-05-10 16:45:22,IG,MTP
2022-05-10 16:45:22,LL,MZ
2022-05-10 16:45:22,DB,MWB
2022-05-10 16:45:22,IG,MCM
2022-05-10 16:45:22,DB,PL
2022-05-10 16:45:22,MGB,MZ
2022-05-10 16:45:22,MTP,MWB
2022-05-10 16:45:22,MCM,MTP
2022-05-10 16:45:22,MCM,MGB
2022-05-10 16:45:22,LL,MTP
2022-05-10 16:45:22,MWB,PL
2022-05-10 16:45:22,MWB,MZ
2022-05-10 16:45:22,MTP,PL
2022-05-10 16:45:22,LL,MWB
2022-05-10 16:45:22,DB,LL
2022-05-10 16:45:22,LL,MCM
2022-05-10 16:45:22,MGB,PL
2022-05-10 16:45:22,MCM,MWB
2022-05-10 16:45:22,LL,PL
2022-05-10 16:45:22,MCM,PL
2022-05-10 16:45:22,IG,MWB
2022-05-10 16:45:22,MZ,PL
2022-05-10 16:45:22,MGB,MWB
2022-05-10 16:45:23,IG,MWB
2022-05-10 16:45:23,IG,MTP
2022-05-10 16:45:23,MCM,MGB
2022-05-10 16:45:23,DB,MWB
2022-05-10 16:45:23,MGB,MTP
2022-05-10 16:45:23,DB,MGB
2022-05-10 16:45:23,DB,MZ
2022-05-10 16:45:23,IG,LL
2022-05-10 16:45:23,LL,MZ
2022-05-10 16:45:23,LL,PL
2022-05-10 16:45:23,MTP,MWB
2022-05-10 16:45:23,DB,LL
2022-05-10 16:45:23,MCM,MTP
2022-05-10 16:45:23,LL,MWB
2022-05-10 16:45:23,IG,MCM
2022-05-10 16:45:23,IG,MZ
2022-05-10 16:45:23,MCM,MWB
2022-05-10 16:45:23,MGB,MZ
2022-05-10 16:45:23,DB,MCM
2022-05-10 16:45:23,LL,MCM
2022-05-10 16:45:23,MTP,MZ
2022-05-10 16:45:23,DB,IG
2022-05-10 16:45:23,MWB,MZ
2022-05-10 16:45:23,DB,MTP
2022-05-10 16:45:23,LL,MGB
2022-05-10 16:45:23,MWB,PL
2022-05-10 16:45:23,MCM,MZ
2022-05-10 16:45:23,MCM,PL
2022-05-10 16:45:23,MGB,PL
2022-05-10 16:45:23,MGB,MWB
2022-05-10 16:45:23,IG,MGB
2022-05-10 16:45:23,MTP,PL
2022-05-10 16:45:23,IG,PL
2022-05-10 16:45:23,LL,MTP
2022-05-10 16:45:23,DB,PL
2022-05-10 16:45:23,MZ,PL
2022-05-10 16:45:24,DB,IG
2022-05-10 16:45:24,DB,PL
2022-05-10 16:45:24,MCM,MWB
2022-05-10 16:45:24,DB,MWB
2022-05-10 16:45:24,DB,MCM
2022-05-10 16:45:24,IG,LL
2022-05-10 16:45:24,IG,MCM
2022-05-10 16:45:24,LL,MCM
2022-05-10 16:45:24,LL,MTP
2022-05-10 16:45:24,MZ,PL
2022-05-10 16:45:24,MTP,MWB
2022-05-10 16:45:24,MWB,PL
2022-05-10 16:45:24,LL,PL
2022-05-10 16:45:24,MCM,MTP
2022-05-10 16:45:24,LL,MWB
2022-05-10 16:45:24,MGB,PL
2022-05-10 16:45:24,DB,MTP
2022-05-10 16:45:24,DB,LL
2022-05-10 16:45:24,MGB,MZ
2022-05-10 16:45:24,DB,MGB
2022-05-10 16:45:24,MGB,MWB
2022-05-10 16:45:24,IG,MWB
2022-05-10 16:45:24,MCM,PL
2022-05-10 16:45:24,MCM,MZ
2022-05-10 16:45:24,IG,PL
2022-05-10 16:45:24,LL,MGB
2022-05-10 16:45:24,IG,MZ
2022-05-10 16:45:24,DB,MZ
2022-05-10 16:45:24,IG,MTP
2022-05-10 16:45:24,MTP,MZ
2022-05-10 16:45:24,MWB,MZ
2022-05-10 16:45:24,LL,MZ
2022-05-10 16:45:24,MCM,MGB
2022-05-10 16:45:24,MGB,MTP
2022-05-10 16:45:24,IG,MGB
2022-05-10 16:45:24,MTP,PL
2022-05-10 16:45:25,DB,MCM
2022-05-10 16:45:25,LL,MTP
2022-05-10 16:45:25,DB,MWB
2022-05-10 16:45:25,LL,MWB
2022-05-10 16:45:25,IG,PL
2022-05-10 16:45:25,IG,MZ
2022-05-10 16:45:25,MGB,MTP
2022-05-10 16:45:25,MZ,PL
2022-05-10 16:45:25,DB,MGB
2022-05-10 16:45:25,LL,MGB
2022-05-10 16:45:25,MGB,PL
2022-05-10 16:45:25,LL,PL
2022-05-10 16:45:25,DB,MTP
2022-05-10 16:45:25,MGB,MWB
2022-05-10 16:45:25,IG,MWB
2022-05-10 16:45:25,MTP,MZ
2022-05-10 16:45:25,IG,LL
2022-05-10 16:45:25,DB,LL
2022-05-10 16:45:25,DB,IG
2022-05-10 16:45:25,MTP,MWB
2022-05-10 16:45:25,MCM,MGB
2022-05-10 16:45:25,MWB,PL
2022-05-10 16:45:25,IG,MCM
2022-05-10 16:45:25,LL,MCM
2022-05-10 16:45:25,MTP,PL
2022-05-10 16:45:25,IG,MTP
2022-05-10 16:45:25,IG,MGB
2022-05-10 16:45:25,MCM,MWB
2022-05-10 16:45:25,DB,PL
2022-05-10 16:45:25,MGB,MZ
2022-05-10 16:45:25,LL,MZ
2022-05-10 16:45:25,MCM,MTP
2022-05-10 16:45:25,MWB,MZ
2022-05-10 16:45:25,MCM,MZ
2022-05-10 16:45:25,MCM,PL
2022-05-10 16:45:25,DB,MZ
2022-05-10 16:45:26,MGB,MTP
2022-05-10 16:45:26,DB,LL
2022-05-10 16:45:26,DB,MGB
2022-05-10 16:45:26,IG,LL
2022-05-10 16:45:26,MCM,MWB
2022-05-10 16:45:26,LL,MZ
2022-05-10 16:45:26,MTP,MZ
2022-05-10 16:45:26,DB,PL
2022-05-10 16:45:26,MTP,PL
2022-05-10 16:45:26,MWB,PL
2022-05-10 16:45:26,LL,MGB
2022-05-10 16:45:26,DB,MWB
2022-05-10 16:45:26,MCM,PL
2022-05-10 16:45:26,MGB,MZ
2022-05-10 16:45:26,DB,IG
2022-05-10 16:45:26,IG,MZ
2022-05-10 16:45:26,IG,MGB
2022-05-10 16:45:26,IG,PL
2022-05-10 16:45:26,IG,MTP
2022-05-10 16:45:26,IG,MWB
2022-05-10 16:45:26,MCM,MZ
2022-05-10 16:45:26,MWB,MZ
2022-05-10 16:45:26,MTP,MWB
2022-05-10 16:45:26,LL,MTP
2022-05-10 16:45:26,IG,MCM
2022-05-10 16:45:26,MCM,MGB
2022-05-10 16:45:26,DB,MTP
2022-05-10 16:45:26,DB,MZ
2022-05-10 16:45:26,MZ,PL
2022-05-10 16:45:26,LL,MCM
2022-05-10 16:45:26,MGB,MWB
2022-05-10 16:45:26,MGB,PL
2022-05-10 16:45:26,DB,MCM
2022-05-10 16:45:26,LL,MWB
2022-05-10 16:45:26,MCM,MTP
2022-05-10 16:45:26,LL,PL
2022-05-10 16:45:27,MCM,MTP
2022-05-10 16:45:27,DB,MZ
2022-05-10 16:45:27,LL,MGB
2022-05-10 16:45:27,MCM,PL
2022-05-10 16:45:27,DB,MTP
2022-05-10 16:45:27,IG,LL
2022-05-10 16:45:27,IG,MGB
2022-05-10 16:45:27,DB,MWB
2022-05-10 16:45:27,LL,MWB
2022-05-10 16:45:27,DB,IG
2022-05-10 16:45:27,DB,PL
2022-05-10 16:45:27,IG,MCM
2022-05-10 16:45:27,LL,PL
2022-05-10 16:45:27,MCM,MWB
2022-05-10 16:45:27,IG,PL
2022-05-10 16:45:27,LL,MTP
2022-05-10 16:45:27,MCM,MGB
2022-05-10 16:45:27,IG,MZ
2022-05-10 16:45:27,MGB,MTP
2022-05-10 16:45:27,MWB,PL
2022-05-10 16:45:27,MZ,PL
2022-05-10 16:45:27,DB,MCM
2022-05-10 16:45:27,LL,MZ
2022-05-10 16:45:27,DB,LL
2022-05-10 16:45:27,DB,MGB
2022-05-10 16:45:27,MGB,PL
2022-05-10 16:45:27,MGB,MWB
2022-05-10 16:45:27,MGB,MZ
2022-05-10 16:45:27,MTP,PL
2022-05-10 16:45:27,MTP,MZ
2022-05-10 16:45:27,IG,MWB
2022-05-10 16:45:27,MTP,MWB
2022-05-10 16:45:27,MWB,MZ
2022-05-10 16:45:27,MCM,MZ
2022-05-10 16:45:27,LL,MCM
2022-05-10 16:45:27,IG,MTP
2022-05-10 16:45:28,MTP,PL
2022-05-10 16:45:28,LL,MCM
2022-05-10 16:45:28,IG,MWB
2022-05-10 16:45:28,DB,MGB
2022-05-10 16:45:28,DB,MCM
2022-05-10 16:45:28,MGB,MWB
2022-05-10 16:45:28,MGB,MZ
2022-05-10 16:45:28,MGB,PL
2022-05-10 16:45:28,IG,MCM
2022-05-10 16:45:28,DB,PL
2022-05-10 16:45:28,DB,MZ
2022-05-10 16:45:28,MCM,MTP
2022-05-10 16:45:28,DB,MTP
2022-05-10 16:45:28,MCM,MWB
2022-05-10 16:45:28,LL,MZ
2022-05-10 16:45:28,IG,MTP
2022-05-10 16:45:28,IG,MGB
2022-05-10 16:45:28,MWB,PL
2022-05-10 16:45:28,MCM,PL
2022-05-10 16:45:28,MCM,MZ
2022-05-10 16:45:28,MCM,MGB
2022-05-10 16:45:28,MWB,MZ
2022-05-10 16:45:28,LL,MWB
2022-05-10 16:45:28,LL,PL
2022-05-10 16:45:28,LL,MTP
2022-05-10 16:45:28,IG,LL
2022-05-10 16:45:28,MZ,PL
2022-05-10 16:45:28,IG,PL
2022-05-10 16:45:28,IG,MZ
2022-05-10 16:45:28,DB,MWB
2022-05-10 16:45:28,MGB,MTP
2022-05-10 16:45:28,MTP,MZ
2022-05-10 16:45:28,LL,MGB
2022-05-10 16:45:28,DB,IG
2022-05-10 16:45:28,DB,LL
2022-05-10 16:45:28,MTP,MWB
2022-05-10 16:45:29,IG,PL
2022-05-10 16:45:29,MWB,PL
2022-05-10 16:45:29,DB,IG
2022-05-10 16:45:29,LL,MGB
2022-05-10 16:45:29,LL,MCM
2022-05-10 16:45:29,MGB,PL
2022-05-10 16:45:29,DB,MTP
2022-05-10 16:45:29,DB,PL
2022-05-10 16:45:29,MZ,PL
2022-05-10 16:45:29,LL,MTP
2022-05-10 16:45:29,MTP,MZ
2022-05-10 16:45:29,MGB,MZ
2022-05-10 16:45:29,MGB,MWB
2022-05-10 16:45:29,IG,MTP
2022-05-10 16:45:29,MWB,MZ
2022-05-10 16:45:29,MCM,MGB
2022-05-10 16:45:29,IG,MWB
2022-05-10 16:45:29,IG,MZ
2022-05-10 16:45:29,DB,MWB
2022-05-10 16:45:29,MTP,MWB
2022-05-10 16:45:29,DB,MGB
2022-05-10 16:45:29,DB,LL
2022-05-10 16:45:29,MGB,MTP
2022-05-10 16:45:29,IG,LL
2022-05-10 16:45:29,LL,PL
2022-05-10 16:45:29,LL,MWB
2022-05-10 16:45:29,IG,MCM
2022-05-10 16:45:29,DB,MZ
2022-05-10 16:45:29,MCM,MTP
2022-05-10 16:45:29,DB,MCM
2022-05-10 16:45:29,MCM,MWB
2022-05-10 16:45:29,MTP,PL
2022-05-10 16:45:29,LL,MZ
2022-05-10 16:45:29,IG,MGB
2022-05-10 16:45:29,MCM,MZ
2022-05-10 16:45:29,MCM,PL
2022-05-10 16:45:30,MCM,MWB
2022-05-10 16:45:30,IG,PL
2022-05-10 16:45:30,MCM,MGB
2022-05-10 16:45:30,DB,IG
2022-05-10 16:45:30,MGB,MZ
2022-05-10 16:45:30,MTP,MWB
2022-05-10 16:45:30,MWB,PL
2022-05-10 16:45:30,MZ,PL
2022-05-10 16:45:30,MGB,MTP
2022-05-10 16:45:30,IG,LL
2022-05-10 16:45:30,IG,MTP
2022-05-10 16:45:30,DB,MTP
2022-05-10 16:45:30,IG,MWB
2022-05-10 16:45:30,LL,MTP
2022-05-10 16:45:30,LL,MCM
2022-05-10 16:45:30,MCM,MTP
2022-05-10 16:45:30,DB,MZ
2022-05-10 16:45:30,MTP,MZ
2022-05-10 16:45:30,LL,MWB
2022-05-10 16:45:30,MTP,PL
2022-05-10 16:45:30,MGB,PL
2022-05-10 16:45:30,LL,MGB
2022-05-10 16:45:30,DB,MCM
2022-05-10 16:45:30,MGB,MWB
2022-05-10 16:45:30,LL,MZ
2022-05-10 16:45:30,DB,LL
2022-05-10 16:45:30,IG,MCM
2022-05-10 16:45:30,IG,MGB
2022-05-10 16:45:30,DB,PL
2022-05-10 16:45:30,LL,PL
2022-05-10 16:45:30,MCM,PL
2022-05-10 16:45:30,MCM,MZ
2022-05-10 16:45:30,DB,MWB
2022-05-10 16:45:30,MWB,MZ
2022-05-10 16:45:30,IG,MZ
2022-05-10 16:45:30,DB,MGB
2022-05-10 16:45:31,DB,MWB
2022-05-10 16:45:31,LL,PL
2022-05-10 16:45:31,IG,LL
2022-05-10 16:45:31,DB,MGB
2022-05-10 16:45:31,IG,MZ
2022-05-10 16:45:31,MCM,MGB
2022-05-10 16:45:31,MTP,MWB
2022-05-10 16:45:31,LL,MGB
2022-05-10 16:45:31,DB,LL
2022-05-10 16:45:31,MGB,MTP
2022-05-10 16:45:31,DB,IG
2022-05-10 16:45:31,MGB,PL
2022-05-10 16:45:31,DB,MZ
2022-05-10 16:45:31,IG,MTP
2022-05-10 16:45:31,MWB,PL
2022-05-10 16:45:31,DB,MTP
2022-05-10 16:45:31,MGB,MZ
2022-05-10 16:45:31,MWB,MZ
2022-05-10 16:45:31,MCM,MZ
2022-05-10 16:45:31,MCM,PL
2022-05-10 16:45:31,LL,MWB
2022-05-10 16:45:31,DB,PL
2022-05-10 16:45:31,LL,MTP
2022-05-10 16:45:31,LL,MZ
2022-05-10 16:45:31,MCM,MWB
2022-05-10 16:45:31,DB,MCM
2022-05-10 16:45:31,MCM,MTP
2022-05-10 16:45:31,MZ,PL
2022-05-10 16:45:31,IG,MCM
2022-05-10 16:45:31,IG,MGB
2022-05-10 16:45:31,MTP,PL
2022-05-10 16:45:31,MGB,MWB
2022-05-10 16:45:31,IG,MWB
2022-05-10 16:45:31,LL,MCM
2022-05-10 16:45:31,IG,PL
2022-05-10 16:45:31,MTP,MZ
2022-05-10 16:45:32,MCM,MWB
2022-05-10 16:45:32,IG,LL
2022-05-10 16:45:32,DB,MWB
2022-05-10 16:45:32,IG,PL
2022-05-10 16:45:32,MTP,MWB
2022-05-10 16:45:32,MCM,MTP
2022-05-10 16:45:32,MGB,PL
2022-05-10 16:45:32,MZ,PL
2022-05-10 16:45:32,IG,MWB
2022-05-10 16:45:32,IG,MCM
2022-05-10 16:45:32,LL,MCM
2022-05-10 16:45:32,DB,MZ
2022-05-10 16:45:32,DB,LL
2022-05-10 16:45:32,LL,MGB
2022-05-10 16:45:32,LL,MWB
2022-05-10 16:45:32,MGB,MTP
2022-05-10 16:45:32,DB,MCM
2022-05-10 16:45:32,MTP,MZ
2022-05-10 16:45:32,LL,PL
2022-05-10 16:45:32,DB,IG
2022-05-10 16:45:32,LL,MZ
2022-05-10 16:45:32,MTP,PL
2022-05-10 16:45:32,MCM,MZ
2022-05-10 16:45:32,IG,MTP
2022-05-10 16:45:32,DB,MGB
2022-05-10 16:45:32,MGB,MWB
2022-05-10 16:45:32,MWB,MZ
2022-05-10 16:45:32,MWB,PL
2022-05-10 16:45:32,MGB,MZ
2022-05-10 16:45:32,MCM,PL
2022-05-10 16:45:32,IG,MZ
2022-05-10 16:45:32,DB,MTP
2022-05-10 16:45:32,MCM,MGB
2022-05-10 16:45:32,IG,MGB
2022-05-10 16:45:32,LL,MTP
2022-05-10 16:45:32,DB,PL
2022-05-10 16:45:33,MCM,MTP
2022-05-10 16:45:33,DB,MCM
2022-05-10 16:45:33,LL,PL
2022-05-10 16:45:33,IG,MTP
2022-05-10 16:45:33,MTP,MZ
2022-05-10 16:45:33,LL,MZ
2022-05-10 16:45:33,IG,PL
2022-05-10 16:45:33,MWB,MZ
2022-05-10 16:45:33,LL,MTP
2022-05-10 16:45:33,LL,MWB
2022-05-10 16:45:33,MGB,MWB
2022-05-10 16:45:33,IG,MGB
2022-05-10 16:45:33,DB,MZ
2022-05-10 16:45:33,MWB,PL
2022-05-10 16:45:33,DB,MTP
2022-05-10 16:45:33,LL,MCM
2022-05-10 16:45:33,MCM,MZ
2022-05-10 16:45:33,MZ,PL
2022-05-10 16:45:33,DB,PL
2022-05-10 16:45:33,MGB,MZ
2022-05-10 16:45:33,MCM,MWB
2022-05-10 16:45:33,MCM,PL
2022-05-10 16:45:33,MGB,PL
2022-05-10 16:45:33,IG,LL
2022-05-10 16:45:33,IG,MCM
2022-05-10 16:45:33,LL,MGB
2022-05-10 16:45:33,MTP,PL
2022-05-10 16:45:33,MCM,MGB
2022-05-10 16:45:33,IG,MZ
2022-05-10 16:45:33,DB,MWB
2022-05-10 16:45:33,MGB,MTP
2022-05-10 16:45:33,MTP,MWB
2022-05-10 16:45:33,DB,IG
2022-05-10 16:45:33,DB,LL
2022-05-10 16:45:33,DB,MGB
2022-05-10 16:45:33,IG,MWB
2022-05-10 16:45:34,MTP,PL
2022-05-10 16:45:34,IG,MCM
2022-05-10 16:45:34,MTP,MWB
2022-05-10 16:45:34,MZ,PL
2022-05-10 16:45:34,MCM,MWB
2022-05-10 16:45:34,LL,MCM
2022-05-10 16:45:34,IG,PL
2022-05-10 16:45:34,LL,MZ
2022-05-10 16:45:34,DB,MWB
2022-05-10 16:45:34,MCM,MTP
2022-05-10 16:45:34,DB,MCM
2022-05-10 16:45:34,LL,MGB
2022-05-10 16:45:34,IG,MGB
2022-05-10 16:45:34,MCM,MGB
2022-05-10 16:45:34,MCM,PL
2022-05-10 16:45:34,IG,MZ
2022-05-10 16:45:34,MGB,MZ
2022-05-10 16:45:34,DB,PL
2022-05-10 16:45:34,MGB,MWB
2022-05-10 16:45:34,MWB,PL
2022-05-10 16:45:34,DB,MGB
2022-05-10 16:45:34,MWB,MZ
2022-05-10 16:45:34,DB,MTP
2022-05-10 16:45:34,IG,MWB
2022-05-10 16:45:34,IG,MTP
2022-05-10 16:45:34,DB,IG
2022-05-10 16:45:34,LL,MTP
2022-05-10 16:45:34,MCM,MZ
2022-05-10 16:45:34,DB,LL
2022-05-10 16:45:34,LL,MWB
2022-05-10 16:45:34,MGB,PL
2022-05-10 16:45:34,MTP,MZ
2022-05-10 16:45:34,DB,MZ
2022-05-10 16:45:34,LL,PL
2022-05-10 16:45:34,MGB,MTP
2022-05-10 16:45:34,IG,LL
2022-05-10 16:45:35,MCM,PL
2022-05-10 16:45:35,MTP,MZ
2022-05-10 16:45:35,MWB,PL
2022-05-10 16:45:35,IG,MWB
2022-05-10 16:45:35,LL,MTP
2022-05-10 16:45:35,MCM,MZ
2022-05-10 16:45:35,MGB,MTP
2022-05-10 16:45:35,MCM,MWB
2022-05-10 16:45:35,DB,MTP
2022-05-10 16:45:35,DB,MCM
2022-05-10 16:45:35,DB,LL
2022-05-10 16:45:35,IG,MGB
2022-05-10 16:45:35,LL,MZ
2022-05-10 16:45:35,MWB,MZ
2022-05-10 16:45:35,MCM,MGB
2022-05-10 16:45:35,IG,PL
2022-05-10 16:45:35,DB,MGB
2022-05-10 16:45:35,MTP,MWB
2022-05-10 16:45:35,DB,PL
2022-05-10 16:45:35,MCM,MTP
2022-05-10 16:45:35,MGB,MZ
2022-05-10 16:45:35,DB,MZ
2022-05-10 16:45:35,LL,MWB
2022-05-10 16:45:35,LL,PL
2022-05-10 16:45:35,LL,MGB
2022-05-10 16:45:35,IG,MZ
2022-05-10 16:45:35,MZ,PL
2022-05-10 16:45:35,MGB,MWB
2022-05-10 16:45:35,MTP,PL
2022-05-10 16:45:35,IG,MCM
2022-05-10 16:45:35,IG,MTP
2022-05-10 16:45:35,DB,IG
2022-05-10 16:45:35,LL,MCM
2022-05-10 16:45:35,DB,MWB
2022-05-10 16:45:35,IG,LL
2022-05-10 16:45:35,MGB,PL
2022-05-10 16:45:36,MGB,MWB
2022-05-10 16:45:36,MGB,MTP
2022-05-10 16:45:36,DB,IG
2022-05-10 16:45:36,DB,MGB
2022-05-10 16:45:36,IG,MGB
2022-05-10 16:45:36,IG,MZ
2022-05-10 16:45:36,MWB,PL
2022-05-10 16:45:36,MCM,PL
2022-05-10 16:45:36,MCM,MGB
2022-05-10 16:45:36,MTP,MWB
2022-05-10 16:45:36,LL,MWB
2022-05-10 16:45:36,DB,MCM
2022-05-10 16:45:36,LL,MGB
2022-05-10 16:45:36,MTP,PL
2022-05-10 16:45:36,DB,MZ
2022-05-10 16:45:36,MZ,PL
2022-05-10 16:45:36,IG,MTP
2022-05-10 16:45:36,IG,MCM
2022-05-10 16:45:36,IG,LL
2022-05-10 16:45:36,DB,MWB
2022-05-10 16:45:36,LL,MCM
2022-05-10 16:45:36,MCM,MTP
2022-05-10 16:45:36,MTP,MZ
2022-05-10 16:45:36,LL,MTP
2022-05-10 16:45:36,DB,PL
2022-05-10 16:45:36,LL,PL
2022-05-10 16:45:36,IG,PL
2022-05-10 16:45:36,DB,LL
2022-05-10 16:45:36,MCM,MWB
2022-05-10 16:45:36,DB,MTP
2022-05-10 16:45:36,MGB,PL
2022-05-10 16:45:36,IG,MWB
2022-05-10 16:45:36,MGB,MZ
2022-05-10 16:45:36,MWB,MZ
2022-05-10 16:45:36,MCM,MZ
2022-05-10 16:45:36,LL,MZ
2022-05-10 16:45:37,IG,MTP
2022-05-10 16:45:37,IG,LL
2022-05-10 16:45:37,DB,MGB
2022-05-10 16:45:37,LL,MGB
2022-05-10 16:45:37,MWB,MZ
2022-05-10 16:45:37,DB,MCM
2022-05-10 16:45:37,DB,PL
2022-05-10 16:45:37,DB,MTP
2022-05-10 16:45:37,LL,PL
2022-05-10 16:45:37,MWB,PL
2022-05-10 16:45:37,MTP,PL
2022-05-10 16:45:37,MGB,MZ
2022-05-10 16:45:37,DB,MZ
2022-05-10 16:45:37,MZ,PL
2022-05-10 16:45:37,DB,MWB
2022-05-10 16:45:37,IG,MCM
2022-05-10 16:45:37,LL,MCM
2022-05-10 16:45:37,MTP,MZ
2022-05-10 16:45:37,MCM,MTP
2022-05-10 16:45:37,LL,MWB
2022-05-10 16:45:37,MCM,MZ
2022-05-10 16:45:37,MCM,MWB
2022-05-10 16:45:37,LL,MTP
2022-05-10 16:45:37,IG,MWB
2022-05-10 16:45:37,IG,MZ
2022-05-10 16:45:37,LL,MZ
2022-05-10 16:45:37,MGB,PL
2022-05-10 16:45:37,DB,LL
2022-05-10 16:45:37,MCM,MGB
2022-05-10 16:45:37,IG,MGB
2022-05-10 16:45:37,MTP,MWB
2022-05-10 16:45:37,IG,PL
2022-05-10 16:45:37,MGB,MWB
2022-05-10 16:45:37,DB,IG
2022-05-10 16:45:37,MGB,MTP
2022-05-10 16:45:37,MCM,PL
2022-05-10 16:45:38,DB,IG
2022-05-10 16:45:38,LL,MGB
2022-05-10 16:45:38,MZ,PL
2022-05-10 16:45:38,LL,MWB
2022-05-10 16:45:38,MGB,PL
2022-05-10 16:45:38,MTP,MZ
2022-05-10 16:45:38,MCM,MZ
2022-05-10 16:45:38,IG,PL
2022-05-10 16:45:38,DB,MTP
2022-05-10 16:45:38,DB,MCM
2022-05-10 16:45:38,LL,MTP
2022-05-10 16:45:38,LL,MZ
2022-05-10 16:45:38,LL,MCM
2022-05-10 16:45:38,MGB,MTP
2022-05-10 16:45:38,MCM,MTP
2022-05-10 16:45:38,IG,MZ
2022-05-10 16:45:38,MCM,MWB
2022-05-10 16:45:38,MCM,MGB
2022-05-10 16:45:38,IG,MWB
2022-05-10 16:45:38,IG,MCM
2022-05-10 16:45:38,IG,MGB
2022-05-10 16:45:38,MTP,MWB
2022-05-10 16:45:38,DB,MGB
2022-05-10 16:45:38,MCM,PL
2022-05-10 16:45:38,DB,MWB
2022-05-10 16:45:38,MWB,PL
2022-05-10 16:45:38,MGB,MZ
2022-05-10 16:45:38,DB,MZ
2022-05-10 16:45:38,MGB,MWB
2022-05-10 16:45:38,IG,LL
2022-05-10 16:45:38,IG,MTP
2022-05-10 16:45:38,DB,PL
2022-05-10 16:45:38,LL,PL
2022-05-10 16:45:38,MWB,MZ
2022-05-10 16:45:38,DB,LL
2022-05-10 16:45:38,MTP,PL
2022-05-10 16:45:39,DB,MGB
2022-05-10 16:45:39,MGB,PL
2022-05-10 16:45:39,MCM,MGB
2022-05-10 16:45:39,DB,MCM
2022-05-10 16:45:39,IG,MCM
2022-05-10 16:45:39,LL,PL
2022-05-10 16:45:39,LL,MWB
2022-05-10 16:45:39,DB,MZ
2022-05-10 16:45:39,DB,MWB
2022-05-10 16:45:39,IG,MZ
2022-05-10 16:45:39,IG,LL
2022-05-10 16:45:39,MCM,MTP
2022-05-10 16:45:39,MZ,PL
2022-05-10 16:45:39,LL,MGB
2022-05-10 16:45:39,DB,LL
2022-05-10 16:45:39,DB,IG
2022-05-10 16:45:39,MTP,MWB
2022-05-10 16:45:39,LL,MTP
2022-05-10 16:45:39,IG,MTP
2022-05-10 16:45:39,DB,PL
2022-05-10 16:45:39,MGB,MWB
2022-05-10 16:45:39,DB,MTP
2022-05-10 16:45:39,IG,PL
2022-05-10 16:45:39,MWB,MZ
2022-05-10 16:45:39,MWB,PL
2022-05-10 16:45:39,MTP,PL
2022-05-10 16:45:39,MGB,MZ
2022-05-10 16:45:39,MCM,PL
2022-05-10 16:45:39,MGB,MTP
2022-05-10 16:45:39,IG,MGB
2022-05-10 16:45:39,IG,MWB
2022-05-10 16:45:39,MTP,MZ
2022-05-10 16:45:39,LL,MZ
2022-05-10 16:45:39,MCM,MWB
2022-05-10 16:45:39,MCM,MZ
2022-05-10 16:45:39,LL,MCM
2022-05-10 16:45:40,MCM,MGB
2022-05-10 16:45:40,IG,MZ
2022-05-10 16:45:40,MGB,MWB
2022-05-10 16:45:40,DB,MCM
2022-05-10 16:45:40,MGB,MZ
2022-05-10 16:45:40,LL,MCM
2022-05-10 16:45:40,IG,MWB
2022-05-10 16:45:40,IG,PL
2022-05-10 16:45:40,LL,PL
2022-05-10 16:45:40,DB,MWB
2022-05-10 16:45:40,MTP,MWB
2022-05-10 16:45:40,MTP,PL
2022-05-10 16:45:40,MZ,PL
2022-05-10 16:45:40,IG,MCM
2022-05-10 16:45:40,IG,MGB
2022-05-10 16:45:40,MCM,MZ
2022-05-10 16:45:40,DB,IG
2022-05-10 16:45:40,MCM,PL
2022-05-10 16:45:40,IG,LL
2022-05-10 16:45:40,LL,MGB
2022-05-10 16:45:40,MWB,PL
2022-05-10 16:45:40,MCM,MTP
2022-05-10 16:45:40,LL,MWB
2022-05-10 16:45:40,MWB,MZ
2022-05-10 16:45:40,LL,MZ
2022-05-10 16:45:40,MCM,MWB
2022-05-10 16:45:40,MTP,MZ
2022-05-10 16:45:40,DB,MGB
2022-05-10 16:45:40,DB,MTP
2022-05-10 16:45:40,MGB,MTP
2022-05-10 16:45:40,IG,MTP
2022-05-10 16:45:40,DB,MZ
2022-05-10 16:45:40,LL,MTP
2022-05-10 16:45:40,DB,LL
2022-05-10 16:45:40,MGB,PL
2022-05-10 16:45:40,DB,PL
2022-05-10 16:45:41,MWB,MZ
2022-05-10 16:45:41,MGB,MZ
2022-05-10 16:45:41,MTP,MWB
2022-05-10 16:45:41,DB,MTP
2022-05-10 16:45:41,DB,MCM
2022-05-10 16:45:41,MTP,PL
2022-05-10 16:45:41,MCM,MWB
2022-05-10 16:45:41,MCM,MZ
2022-05-10 16:45:41,MGB,MWB
2022-05-10 16:45:41,MCM,MTP
2022-05-10 16:45:41,LL,MWB
2022-05-10 16:45:41,LL,MZ
2022-05-10 16:45:41,DB,MGB
2022-05-10 16:45:41,MCM,MGB
2022-05-10 16:45:41,MGB,MTP
2022-05-10 16:45:41,DB,MWB
2022-05-10 16:45:41,LL,PL
2022-05-10 16:45:41,DB,LL
2022-05-10 16:45:41,LL,MCM
2022-05-10 16:45:41,LL,MTP
2022-05-10 16:45:41,LL,MGB
2022-05-10 16:45:41,DB,IG
2022-05-10 16:45:41,IG,LL
2022-05-10 16:45:41,MWB,PL
2022-05-10 16:45:41,IG,PL
2022-05-10 16:45:41,IG,MWB
2022-05-10 16:45:41,IG,MGB
2022-05-10 16:45:41,DB,PL
2022-05-10 16:45:41,IG,MTP
2022-05-10 16:45:41,MCM,PL
2022-05-10 16:45:41,MTP,MZ
2022-05-10 16:45:41,MGB,PL
2022-05-10 16:45:41,MZ,PL
2022-05-10 16:45:41,IG,MZ
2022-05-10 16:45:41,DB,MZ
2022-05-10 16:45:41,IG,MCM
2022-05-10 16:45:42,MCM,PL
2022-05-10 16:45:42,MWB,MZ
2022-05-10 16:45:42,MCM,MZ
2022-05-10 16:45:42,LL,MTP
2022-05-10 16:45:42,MGB,MTP
2022-05-10 16:45:42,DB,MGB
2022-05-10 16:45:42,DB,PL
2022-05-10 16:45:42,DB,MCM
2022-05-10 16:45:42,MGB,MWB
2022-05-10 16:45:42,MCM,MTP
2022-05-10 16:45:42,MTP,PL
2022-05-10 16:45:42,LL,MWB
2022-05-10 16:45:42,IG,MGB
2022-05-10 16:45:42,LL,MGB
2022-05-10 16:45:42,MCM,MWB
2022-05-10 16:45:42,DB,MTP
2022-05-10 16:45:42,MZ,PL
2022-05-10 16:45:42,IG,LL
2022-05-10 16:45:42,MCM,MGB
2022-05-10 16:45:42,DB,MWB
2022-05-10 16:45:42,LL,MCM
2022-05-10 16:45:42,MWB,PL
2022-05-10 16:45:42,DB,IG
2022-05-10 16:45:42,MTP,MWB
2022-05-10 16:45:42,IG,MTP
2022-05-10 16:45:42,IG,MCM
2022-05-10 16:45:42,MGB,MZ
2022-05-10 16:45:42,DB,MZ
2022-05-10 16:45:42,LL,PL
2022-05-10 16:45:42,MTP,MZ
2022-05-10 16:45:42,DB,LL
2022-05-10 16:45:42,IG,MZ
2022-05-10 16:45:42,MGB,PL
2022-05-10 16:45:42,LL,MZ
2022-05-10 16:45:42,IG,MWB
2022-05-10 16:45:42,IG,PL
2022-05-10 16:45:43,DB,LL
2022-05-10 16:45:43,MCM,MWB
2022-05-10 16:45:43,DB,MTP
2022-05-10 16:45:43,IG,MGB
2022-05-10 16:45:43,IG,MZ
2022-05-10 16:45:43,IG,PL
2022-05-10 16:45:43,MGB,MZ
2022-05-10 16:45:43,LL,MWB
2022-05-10 16:45:43,MTP,PL
2022-05-10 16:45:43,DB,IG
2022-05-10 16:45:43,DB,MGB
2022-05-10 16:45:43,MCM,PL
2022-05-10 16:45:43,DB,MCM
2022-05-10 16:45:43,MWB,PL
2022-05-10 16:45:43,IG,MCM
2022-05-10 16:45:43,DB,PL
2022-05-10 16:45:43,MCM,MZ
2022-05-10 16:45:43,LL,PL
2022-05-10 16:45:43,IG,MWB
2022-05-10 16:45:43,MWB,MZ
2022-05-10 16:45:43,LL,MZ
2022-05-10 16:45:43,LL,MTP
2022-05-10 16:45:43,DB,MWB
2022-05-10 16:45:43,MZ,PL
2022-05-10 16:45:43,MCM,MTP
2022-05-10 16:45:43,MCM,MGB
2022-05-10 16:45:43,DB,MZ
2022-05-10 16:45:43,LL,MCM
2022-05-10 16:45:43,IG,LL
2022-05-10 16:45:43,MGB,MTP
2022-05-10 16:45:43,MGB,MWB
2022-05-10 16:45:43,MGB,PL
2022-05-10 16:45:43,LL,MGB
2022-05-10 16:45:43,MTP,MWB
2022-05-10 16:45:43,MTP,MZ
2022-05-10 16:45:43,IG,MTP
2022-05-10 16:45:44,IG,PL
2022-05-10 16:45:44,MCM,PL
2022-05-10 16:45:44,MCM,MGB
2022-05-10 16:45:44,DB,MCM
2022-05-10 16:45:44,IG,LL
2022-05-10 16:45:44,DB,PL
2022-05-10 16:45:44,MCM,MZ
2022-05-10 16:45:44,DB,MGB
2022-05-10 16:45:44,IG,MZ
2022-05-10 16:45:44,MWB,MZ
2022-05-10 16:45:44,MZ,PL
2022-05-10 16:45:44,LL,MTP
2022-05-10 16:45:44,DB,MWB
2022-05-10 16:45:44,MGB,MWB
2022-05-10 16:45:44,DB,LL
2022-05-10 16:45:44,DB,IG
2022-05-10 16:45:44,LL,MZ
2022-05-10 16:45:44,MCM,MTP
2022-05-10 16:45:44,MTP,MZ
2022-05-10 16:45:44,DB,MZ
2022-05-10 16:45:44,LL,PL
2022-05-10 16:45:44,MTP,MWB
2022-05-10 16:45:44,IG,MCM
2022-05-10 16:45:44,IG,MWB
2022-05-10 16:45:44,MWB,PL
2022-05-10 16:45:44,MGB,MZ
2022-05-10 16:45:44,IG,MTP
2022-05-10 16:45:44,MGB,PL
2022-05-10 16:45:44,MTP,PL
2022-05-10 16:45:44,MGB,MTP
2022-05-10 16:45:44,LL,MCM
2022-05-10 16:45:44,LL,MGB
2022-05-10 16:45:44,LL,MWB
2022-05-10 16:45:44,DB,MTP
2022-05-10 16:45:44,IG,MGB
2022-05-10 16:45:44,MCM,MWB
2022-05-10 16:45:45,MTP,PL
2022-05-10 16:45:45,IG,MTP
2022-05-10 16:45:45,MCM,MGB
2022-05-10 16:45:45,IG,MCM
2022-05-10 16:45:45,DB,MCM
2022-05-10 16:45:45,LL,PL
2022-05-10 16:45:45,MTP,MZ
2022-05-10 16:45:45,IG,LL
2022-05-10 16:45:45,DB,PL
2022-05-10 16:45:45,MCM,MWB
2022-05-10 16:45:45,MGB,PL
2022-05-10 16:45:45,IG,MGB
2022-05-10 16:45:45,MGB,MWB
2022-05-10 16:45:45,LL,MCM
2022-05-10 16:45:45,DB,MWB
2022-05-10 16:45:45,LL,MWB
2022-05-10 16:45:45,LL,MTP
2022-05-10 16:45:45,MWB,MZ
2022-05-10 16:45:45,DB,IG
2022-05-10 16:45:45,MCM,PL
2022-05-10 16:45:45,MWB,PL
2022-05-10 16:45:45,IG,PL
2022-05-10 16:45:45,MZ,PL
2022-05-10 16:45:45,DB,MZ
2022-05-10 16:45:45,IG,MZ
2022-05-10 16:45:45,DB,LL
2022-05-10 16:45:45,MCM,MZ
2022-05-10 16:45:45,LL,MZ
2022-05-10 16:45:45,MTP,MWB
2022-05-10 16:45:45,IG,MWB
2022-05-10 16:45:45,DB,MGB
2022-05-10 16:45:45,MGB,MTP
2022-05-10 16:45:45,LL,MGB
2022-05-10 16:45:45,DB,MTP
2022-05-10 16:45:45,MCM,MTP
2022-05-10 16:45:45,MGB,MZ
2022-05-10 16:45:46,MGB,MTP
2022-05-10 16:45:46,LL,MGB
2022-05-10 16:45:46,LL,MCM
2022-05-10 16:45:46,DB,MZ
2022-05-10 16:45:46,MGB,MWB
2022-05-10 16:45:46,DB,MWB
2022-05-10 16:45:46,IG,MZ
2022-05-10 16:45:46,IG,MTP
2022-05-10 16:45:46,LL,MTP
2022-05-10 16:45:46,DB,LL
2022-05-10 16:45:46,MGB,PL
2022-05-10 16:45:46,MWB,PL
2022-05-10 16:45:46,MTP,PL
2022-05-10 16:45:46,DB,MCM
2022-05-10 16:45:46,IG,MWB
2022-05-10 16:45:46,IG,PL
2022-05-10 16:45:46,DB,MTP
2022-05-10 16:45:46,IG,MCM
2022-05-10 16:45:46,MTP,MZ
2022-05-10 16:45:46,LL,PL
2022-05-10 16:45:46,DB,MGB
2022-05-10 16:45:46,MGB,MZ
2022-05-10 16:45:46,LL,MZ
2022-05-10 16:45:46,DB,IG
2022-05-10 16:45:46,IG,MGB
2022-05-10 16:45:46,MCM,PL
2022-05-10 16:45:46,IG,LL
2022-05-10 16:45:46,MCM,MZ
2022-05-10 16:45:46,LL,MWB
2022-05-10 16:45:46,DB,PL
2022-05-10 16:45:46,MTP,MWB
2022-05-10 16:45:46,MCM,MGB
2022-05-10 16:45:46,MCM,MTP
2022-05-10 16:45:46,MCM,MWB
2022-05-10 16:45:46,MWB,MZ
2022-05-10 16:45:46,MZ,PL
2022-05-10 16:45:47,IG,MTP
2022-05-10 16:45:47,IG,LL
2022-05-10 16:45:47,IG,PL
2022-05-10 16:45:47,MGB,PL
2022-05-10 16:45:47,MTP,MZ
2022-05-10 16:45:47,MGB,MTP
2022-05-10 16:45:47,IG,MWB
2022-05-10 16:45:47,DB,MTP
2022-05-10 16:45:47,MZ,PL
2022-05-10 16:45:47,MCM,MGB
2022-05-10 16:45:47,IG,MCM
2022-05-10 16:45:47,MCM,MZ
2022-05-10 16:45:47,MTP,MWB
2022-05-10 16:45:47,MWB,PL
2022-05-10 16:45:47,DB,MGB
2022-05-10 16:45:47,LL,MGB
2022-05-10 16:45:47,LL,MCM
2022-05-10 16:45:47,MGB,MZ
2022-05-10 16:45:47,MCM,MTP
2022-05-10 16:45:47,LL,PL
2022-05-10 16:45:47,MCM,PL
2022-05-10 16:45:47,LL,MTP
2022-05-10 16:45:47,LL,MZ
2022-05-10 16:45:47,IG,MZ
2022-05-10 16:45:47,DB,MZ
2022-05-10 16:45:47,MWB,MZ
2022-05-10 16:45:47,DB,PL
2022-05-10 16:45:47,MCM,MWB
2022-05-10 16:45:47,IG,MGB
2022-05-10 16:45:47,DB,IG
2022-05-10 16:45:47,MTP,PL
2022-05-10 16:45:47,DB,MCM
2022-05-10 16:45:47,DB,LL
2022-05-10 16:45:47,MGB,MWB
2022-05-10 16:45:47,LL,MWB
2022-05-10 16:45:47,DB,MWB
2022-05-10 16:45:48,MZ,PL
2022-05-10 16:45:48,MTP,PL
2022-05-10 16:45:48,MGB,MZ
2022-05-10 16:45:48,LL,MZ
2022-05-10 16:45:48,DB,MGB
2022-05-10 16:45:48,MTP,MWB
2022-05-10 16:45:48,IG,MZ
2022-05-10 16:45:48,IG,MCM
2022-05-10 16:45:48,DB,MZ
2022-05-10 16:45:48,IG,MWB
2022-05-10 16:45:48,MCM,MZ
2022-05-10 16:45:48,DB,LL
2022-05-10 16:45:48,DB,MCM
2022-05-10 16:45:48,MCM,MWB
2022-05-10 16:45:48,MGB,MWB
2022-05-10 16:45:48,DB,MTP
2022-05-10 16:45:48,IG,MGB
2022-05-10 16:45:48,LL,MTP
2022-05-10 16:45:48,MCM,PL
2022-05-10 16:45:48,MGB,MTP
2022-05-10 16:45:48,LL,PL
2022-05-10 16:45:48,LL,MWB
2022-05-10 16:45:48,MTP,MZ
2022-05-10 16:45:48,MWB,MZ
2022-05-10 16:45:48,DB,PL
2022-05-10 16:45:48,MCM,MGB
2022-05-10 16:45:48,DB,IG
2022-05-10 16:45:48,MWB,PL
2022-05-10 16:45:48,MGB,PL
2022-05-10 16:45:48,LL,MGB
2022-05-10 16:45:48,LL,MCM
2022-05-10 16:45:48,IG,MTP
2022-05-10 16:45:48,IG,LL
2022-05-10 16:45:48,MCM,MTP
2022-05-10 16:45:48,IG,PL
2022-05-10 16:45:48,DB,MWB
2022-05-10 16:45:49,LL,MCM
2022-05-10 16:45:49,MWB,MZ
2022-05-10 16:45:49,IG,PL
2022-05-10 16:45:49,LL,MTP
2022-05-10 16:45:49,DB,PL
2022-05-10 16:45:49,MZ,PL
2022-05-10 16:45:49,LL,MZ
2022-05-10 16:45:49,DB,IG
2022-05-10 16:45:49,MCM,MWB
2022-05-10 16:45:49,IG,MGB
2022-05-10 16:45:49,MGB,MTP
2022-05-10 16:45:49,IG,MZ
2022-05-10 16:45:49,DB,MTP
2022-05-10 16:45:49,MCM,MTP
2022-05-10 16:45:49,MWB,PL
2022-05-10 16:45:49,LL,MWB
2022-05-10 16:45:49,MTP,MWB
2022-05-10 16:45:49,IG,LL
2022-05-10 16:45:49,DB,MZ
2022-05-10 16:45:49,IG,MTP
2022-05-10 16:45:49,MGB,MZ
2022-05-10 16:45:49,MCM,MGB
2022-05-10 16:45:49,MCM,MZ
2022-05-10 16:45:49,DB,MGB
2022-05-10 16:45:49,MTP,PL
2022-05-10 16:45:49,LL,MGB
2022-05-10 16:45:49,DB,MCM
2022-05-10 16:45:49,LL,PL
2022-05-10 16:45:49,DB,LL
2022-05-10 16:45:49,DB,MWB
2022-05-10 16:45:49,MGB,PL
2022-05-10 16:45:49,IG,MWB
2022-05-10 16:45:49,IG,MCM
2022-05-10 16:45:49,MTP,MZ
2022-05-10 16:45:49,MGB,MWB
2022-05-10 16:45:49,MCM,PL
2022-05-10 16:45:50,DB,MWB
2022-05-10 16:45:50,DB,IG
2022-05-10 16:45:50,MWB,MZ
2022-05-10 16:45:50,LL,PL
2022-05-10 16:45:50,DB,PL
2022-05-10 16:45:50,MGB,MTP
2022-05-10 16:45:50,IG,MWB
2022-05-10 16:45:50,MWB,PL
2022-05-10 16:45:50,MCM,MGB
2022-05-10 16:45:50,DB,MGB
2022-05-10 16:45:50,MCM,MTP
2022-05-10 16:45:50,MCM,MZ
2022-05-10 16:45:50,LL,MTP
2022-05-10 16:45:50,MCM,MWB
2022-05-10 16:45:50,MTP,MWB
2022-05-10 16:45:50,DB,MZ
2022-05-10 16:45:50,IG,MTP
2022-05-10 16:45:50,MTP,MZ
2022-05-10 16:45:50,MGB,MWB
2022-05-10 16:45:50,MGB,PL
2022-05-10 16:45:50,IG,LL
2022-05-10 16:45:50,MCM,PL
2022-05-10 16:45:50,MZ,PL
2022-05-10 16:45:50,DB,MCM
2022-05-10 16:45:50,LL,MGB
2022-05-10 16:45:50,IG,MGB
2022-05-10 16:45:50,MTP,PL
2022-05-10 16:45:50,LL,MWB
2022-05-10 16:45:50,DB,MTP
2022-05-10 16:45:50,LL,MCM
2022-05-10 16:45:50,MGB,MZ
2022-05-10 16:45:50,IG,PL
2022-05-10 16:45:50,DB,LL
2022-05-10 16:45:50,IG,MCM
2022-05-10 16:45:50,IG,MZ
2022-05-10 16:45:50,LL,MZ
2022-05-10 16:45:51,DB,MWB
2022-05-10 16:45:51,MGB,MWB
2022-05-10 16:45:51,MGB,MTP
2022-05-10 16:45:51,MWB,PL
2022-05-10 16:45:51,IG,LL
2022-05-10 16:45:51,MCM,MTP
2022-05-10 16:45:51,DB,MCM
2022-05-10 16:45:51,LL,MWB
2022-05-10 16:45:51,MZ,PL
2022-05-10 16:45:51,MGB,PL
2022-05-10 16:45:51,LL,PL
2022-05-10 16:45:51,LL,MZ
2022-05-10 16:45:51,LL,MTP
2022-05-10 16:45:51,MCM,MZ
2022-05-10 16:45:51,IG,MCM
2022-05-10 16:45:51,MTP,PL
2022-05-10 16:45:51,DB,LL
2022-05-10 16:45:51,IG,MWB
2022-05-10 16:45:51,MWB,MZ
2022-05-10 16:45:51,MGB,MZ
2022-05-10 16:45:51,IG,PL
2022-05-10 16:45:51,MCM,PL
2022-05-10 16:45:51,IG,MZ
2022-05-10 16:45:51,DB,MGB
2022-05-10 16:45:51,LL,MGB
2022-05-10 16:45:51,DB,MZ
2022-05-10 16:45:51,MCM,MWB
2022-05-10 16:45:51,MTP,MWB
2022-05-10 16:45:51,IG,MTP
2022-05-10 16:45:51,DB,MTP
2022-05-10 16:45:51,DB,IG
2022-05-10 16:45:51,MCM,MGB
2022-05-10 16:45:51,MTP,MZ
2022-05-10 16:45:51,DB,PL
2022-05-10 16:45:51,IG,MGB
2022-05-10 16:45:51,LL,MCM
2022-05-10 16:45:52,LL,MZ
2022-05-10 16:45:52,MTP,PL
2022-05-10 16:45:52,LL,MCM
2022-05-10 16:45:52,IG,MGB
2022-05-10 16:45:52,DB,MWB
2022-05-10 16:45:52,MCM,MWB
2022-05-10 16:45:52,IG,MZ
2022-05-10 16:45:52,DB,MTP
2022-05-10 16:45:52,DB,LL
2022-05-10 16:45:52,MTP,MWB
2022-05-10 16:45:52,LL,MWB
2022-05-10 16:45:52,MCM,MGB
2022-05-10 16:45:52,MCM,PL
2022-05-10 16:45:52,LL,MGB
2022-05-10 16:45:52,MGB,MZ
2022-05-10 16:45:52,IG,PL
2022-05-10 16:45:52,DB,MGB
2022-05-10 16:45:52,DB,MZ
2022-05-10 16:45:52,MGB,MTP
2022-05-10 16:45:52,IG,MTP
2022-05-10 16:45:52,DB,PL
2022-05-10 16:45:52,MTP,MZ
2022-05-10 16:45:52,IG,MWB
2022-05-10 16:45:52,MCM,MTP
2022-05-10 16:45:52,MGB,MWB
2022-05-10 16:45:52,IG,MCM
2022-05-10 16:45:52,IG,LL
2022-05-10 16:45:52,MCM,MZ
2022-05-10 16:45:52,LL,MTP
2022-05-10 16:45:52,MZ,PL
2022-05-10 16:45:52,MGB,PL
2022-05-10 16:45:52,MWB,MZ
2022-05-10 16:45:52,DB,MCM
2022-05-10 16:45:52,DB,IG
2022-05-10 16:45:52,LL,PL
2022-05-10 16:45:52,MWB,PL
2022-05-10 16:45:53,MCM,MZ
2022-05-10 16:45:53,IG,MZ
2022-05-10 16:45:53,DB,PL
2022-05-10 16:45:53,MGB,MTP
2022-05-10 16:45:53,MCM,MGB
2022-05-10 16:45:53,MGB,MZ
2022-05-10 16:45:53,LL,MGB
2022-05-10 16:45:53,MTP,MWB
2022-05-10 16:45:53,IG,PL
2022-05-10 16:45:53,DB,MZ
2022-05-10 16:45:53,IG,MTP
2022-05-10 16:45:53,MTP,MZ
2022-05-10 16:45:53,IG,MCM
2022-05-10 16:45:53,MGB,MWB
2022-05-10 16:45:53,IG,LL
2022-05-10 16:45:53,MZ,PL
2022-05-10 16:45:53,MGB,PL
2022-05-10 16:45:53,LL,MCM
2022-05-10 16:45:53,DB,MCM
2022-05-10 16:45:53,LL,MZ
2022-05-10 16:45:53,IG,MGB
2022-05-10 16:45:53,MTP,PL
2022-05-10 16:45:53,LL,MWB
2022-05-10 16:45:53,MCM,MWB
2022-05-10 16:45:53,DB,MTP
2022-05-10 16:45:53,MCM,PL
2022-05-10 16:45:53,MCM,MTP
2022-05-10 16:45:53,DB,LL
2022-05-10 16:45:53,LL,MTP
2022-05-10 16:45:53,IG,MWB
2022-05-10 16:45:53,DB,MGB
2022-05-10 16:45:53,DB,MWB
2022-05-10 16:45:53,LL,PL
2022-05-10 16:45:53,MWB,PL
2022-05-10 16:45:53,MWB,MZ
2022-05-10 16:45:53,DB,IG
2022-05-10 16:45:54,DB,LL
2022-05-10 16:45:54,MCM,PL
2022-05-10 16:45:54,MTP,MWB
2022-05-10 16:45:54,IG,MWB
2022-05-10 16:45:54,MGB,MZ
2022-05-10 16:45:54,MTP,MZ
2022-05-10 16:45:54,DB,MTP
2022-05-10 16:45:54,IG,MCM
2022-05-10 16:45:54,MWB,MZ
2022-05-10 16:45:54,IG,MZ
2022-05-10 16:45:54,IG,MGB
2022-05-10 16:45:54,LL,MWB
2022-05-10 16:45:54,MGB,MWB
2022-05-10 16:45:54,MWB,PL
2022-05-10 16:45:54,MTP,PL
2022-05-10 16:45:54,IG,LL
2022-05-10 16:45:54,LL,PL
2022-05-10 16:45:54,LL,MGB
2022-05-10 16:45:54,IG,MTP
2022-05-10 16:45:54,LL,MZ
2022-05-10 16:45:54,DB,MCM
2022-05-10 16:45:54,DB,IG
2022-05-10 16:45:54,LL,MCM
2022-05-10 16:45:54,MGB,PL
2022-05-10 16:45:54,MZ,PL
2022-05-10 16:45:54,DB,MZ
2022-05-10 16:45:54,MCM,MWB
2022-05-10 16:45:54,DB,MWB
2022-05-10 16:45:54,MCM,MGB
2022-05-10 16:45:54,LL,MTP
2022-05-10 16:45:54,MCM,MZ
2022-05-10 16:45:54,MGB,MTP
2022-05-10 16:45:54,DB,PL
2022-05-10 16:45:54,MCM,MTP
2022-05-10 16:45:54,IG,PL
2022-05-10 16:45:54,DB,MGB
2022-05-10 16:45:55,MTP,MZ
2022-05-10 16:45:55,IG,MCM
2022-05-10 16:45:55,IG,LL
2022-05-10 16:45:55,DB,MTP
2022-05-10 16:45:55,LL,PL
2022-05-10 16:45:55,LL,MGB
2022-05-10 16:45:55,DB,MWB
2022-05-10 16:45:55,LL,MTP
2022-05-10 16:45:55,MZ,PL
2022-05-10 16:45:55,IG,MWB
2022-05-10 16:45:55,DB,PL
2022-05-10 16:45:55,MWB,PL
2022-05-10 16:45:55,LL,MWB
2022-05-10 16:45:55,MTP,PL
2022-05-10 16:45:55,IG,PL
2022-05-10 16:45:55,MGB,MWB
2022-05-10 16:45:55,MGB,PL
2022-05-10 16:45:55,MGB,MTP
2022-05-10 16:45:55,MCM,MTP
2022-05-10 16:45:55,IG,MGB
2022-05-10 16:45:55,MWB,MZ
2022-05-10 16:45:55,DB,LL
2022-05-10 16:45:55,MCM,PL
2022-05-10 16:45:55,LL,MCM
2022-05-10 16:45:55,LL,MZ
2022-05-10 16:45:55,DB,IG
2022-05-10 16:45:55,MGB,MZ
2022-05-10 16:45:55,DB,MZ
2022-05-10 16:45:55,DB,MCM
2022-05-10 16:45:55,MTP,MWB
2022-05-10 16:45:55,DB,MGB
2022-05-10 16:45:55,MCM,MZ
2022-05-10 16:45:55,IG,MTP
2022-05-10 16:45:55,IG,MZ
2022-05-10 16:45:55,MCM,MWB
2022-05-10 16:45:55,MCM,MGB
2022-05-10 16:45:56,MWB,PL
2022-05-10 16:45:56,MGB,PL
2022-05-10 16:45:56,MTP,PL
2022-05-10 16:45:56,DB,IG
2022-05-10 16:45:56,MCM,MWB
2022-05-10 16:45:56,MGB,MTP
2022-05-10 16:45:56,LL,MCM
2022-05-10 16:45:56,LL,MGB
2022-05-10 16:45:56,LL,PL
2022-05-10 16:45:56,MGB,MZ
2022-05-10 16:45:56,DB,LL
2022-05-10 16:45:56,DB,MCM
2022-05-10 16:45:56,IG,MTP
2022-05-10 16:45:56,IG,MCM
2022-05-10 16:45:56,IG,MGB
2022-05-10 16:45:56,IG,LL
2022-05-10 16:45:56,MZ,PL
2022-05-10 16:45:56,LL,MZ
2022-05-10 16:45:56,MCM,MZ
2022-05-10 16:45:56,MCM,PL
2022-05-10 16:45:56,DB,MZ
2022-05-10 16:45:56,MWB,MZ
2022-05-10 16:45:56,MCM,MGB
2022-05-10 16:45:56,IG,MWB
2022-05-10 16:45:56,IG,PL
2022-05-10 16:45:56,MTP,MWB
2022-05-10 16:45:56,MCM,MTP
2022-05-10 16:45:56,MTP,MZ
2022-05-10 16:45:56,IG,MZ
2022-05-10 16:45:56,DB,MTP
2022-05-10 16:45:56,DB,MGB
2022-05-10 16:45:56,DB,MWB
2022-05-10 16:45:56,DB,PL
2022-05-10 16:45:56,LL,MTP
2022-05-10 16:45:56,LL,MWB
2022-05-10 16:45:56,MGB,MWB
2022-05-10 16:45:57,DB,LL
2022-05-10 16:45:57,MTP,PL
2022-05-10 16:45:57,MTP,MWB
2022-05-10 16:45:57,MZ,PL
2022-05-10 16:45:57,DB,MZ
2022-05-10 16:45:57,MCM,MGB
2022-05-10 16:45:57,DB,PL
2022-05-10 16:45:57,IG,MTP
2022-05-10 16:45:57,LL,PL
2022-05-10 16:45:57,MGB,PL
2022-05-10 16:45:57,MWB,MZ
2022-05-10 16:45:57,LL,MZ
2022-05-10 16:45:57,MCM,MZ
2022-05-10 16:45:57,DB,IG
2022-05-10 16:45:57,IG,PL
2022-05-10 16:45:57,DB,MCM
2022-05-10 16:45:57,MCM,MTP
2022-05-10 16:45:57,LL,MWB
2022-05-10 16:45:57,DB,MGB
2022-05-10 16:45:57,DB,MTP
2022-05-10 16:45:57,MWB,PL
2022-05-10 16:45:57,LL,MTP
2022-05-10 16:45:57,DB,MWB
2022-05-10 16:45:57,MCM,MWB
2022-05-10 16:45:57,MTP,MZ
2022-05-10 16:45:57,LL,MGB
2022-05-10 16:45:57,IG,MGB
2022-05-10 16:45:57,IG,LL
2022-05-10 16:45:57,IG,MWB
2022-05-10 16:45:57,LL,MCM
2022-05-10 16:45:57,IG,MZ
2022-05-10 16:45:57,IG,MCM
2022-05-10 16:45:57,MGB,MTP
2022-05-10 16:45:57,MGB,MZ
2022-05-10 16:45:57,MCM,PL
2022-05-10 16:45:57,MGB,MWB
2022-05-10 16:45:58,MGB,MWB
2022-05-10 16:45:58,IG,MTP
2022-05-10 16:45:58,IG,LL
2022-05-10 16:45:58,MWB,PL
2022-05-10 16:45:58,MGB,MZ
2022-05-10 16:45:58,DB,MGB
2022-05-10 16:45:58,MTP,MZ
2022-05-10 16:45:58,IG,PL
2022-05-10 16:45:58,DB,MZ
2022-05-10 16:45:58,MZ,PL
2022-05-10 16:45:58,DB,LL
2022-05-10 16:45:58,MCM,MTP
2022-05-10 16:45:58,IG,MGB
2022-05-10 16:45:58,LL,MWB
2022-05-10 16:45:58,DB,MTP
2022-05-10 16:45:58,DB,MWB
2022-05-10 16:45:58,IG,MWB
2022-05-10 16:45:58,LL,PL
2022-05-10 16:45:58,MTP,PL
2022-05-10 16:45:58,MCM,PL
2022-05-10 16:45:58,LL,MGB
2022-05-10 16:45:58,MCM,MZ
2022-05-10 16:45:58,LL,MZ
2022-05-10 16:45:58,MTP,MWB
2022-05-10 16:45:58,IG,MCM
2022-05-10 16:45:58,IG,MZ
2022-05-10 16:45:58,MCM,MWB
2022-05-10 16:45:58,MWB,MZ
2022-05-10 16:45:58,MGB,MTP
2022-05-10 16:45:58,LL,MTP
2022-05-10 16:45:58,LL,MCM
2022-05-10 16:45:58,DB,IG
2022-05-10 16:45:58,DB,MCM
2022-05-10 16:45:58,MGB,PL
2022-05-10 16:45:58,MCM,MGB
2022-05-10 16:45:58,DB,PL
2022-05-10 16:45:59,MCM,MZ
2022-05-10 16:45:59,MCM,MWB
2022-05-10 16:45:59,DB,MGB
2022-05-10 16:45:59,MTP,MWB
2022-05-10 16:45:59,DB,MTP
2022-05-10 16:45:59,LL,MTP
2022-05-10 16:45:59,DB,MZ
2022-05-10 16:45:59,MWB,MZ
2022-05-10 16:45:59,MCM,PL
2022-05-10 16:45:59,MCM,MGB
2022-05-10 16:45:59,DB,PL
2022-05-10 16:45:59,MTP,MZ
2022-05-10 16:45:59,IG,PL
2022-05-10 16:45:59,DB,MWB
2022-05-10 16:45:59,IG,MZ
2022-05-10 16:45:59,MGB,MTP
2022-05-10 16:45:59,LL,MWB
2022-05-10 16:45:59,MWB,PL
2022-05-10 16:45:59,DB,IG
2022-05-10 16:45:59,LL,MCM
2022-05-10 16:45:59,MZ,PL
2022-05-10 16:45:59,IG,MTP
2022-05-10 16:45:59,MGB,PL
2022-05-10 16:45:59,DB,MCM
2022-05-10 16:45:59,IG,LL
2022-05-10 16:45:59,IG,MCM
2022-05-10 16:45:59,IG,MGB
2022-05-10 16:45:59,MGB,MZ
2022-05-10 16:45:59,LL,MGB
2022-05-10 16:45:59,MCM,MTP
2022-05-10 16:45:59,LL,MZ
2022-05-10 16:45:59,MGB,MWB
2022-05-10 16:45:59,LL,PL
2022-05-10 16:45:59,IG,MWB
2022-05-10 16:45:59,DB,LL
2022-05-10 16:45:59,MTP,PL
2022-05-10 16:46:00,MTP,MZ
2022-05-10 16:46:00,MCM,MTP
2022-05-10 16:46:00,LL,MTP
2022-05-10 16:46:00,MCM,MWB
2022-05-10 16:46:00,DB,MGB
2022-05-10 16:46:00,DB,MTP
2022-05-10 16:46:00,MZ,PL
2022-05-10 16:46:00,IG,MWB
2022-05-10 16:46:00,IG,MZ
2022-05-10 16:46:00,MGB,PL
2022-05-10 16:46:00,MGB,MTP
2022-05-10 16:46:00,DB,MWB
2022-05-10 16:46:00,MCM,MZ
2022-05-10 16:46:00,LL,MGB
2022-05-10 16:46:00,IG,MTP
2022-05-10 16:46:00,DB,IG
2022-05-10 16:46:00,LL,MCM
2022-05-10 16:46:00,DB,MZ
2022-05-10 16:46:00,IG,MGB
2022-05-10 16:46:00,LL,MWB
2022-05-10 16:46:00,MTP,PL
2022-05-10 16:46:00,MTP,MWB
2022-05-10 16:46:00,MGB,MWB
2022-05-10 16:46:00,LL,MZ
2022-05-10 16:46:00,MCM,PL
2022-05-10 16:46:00,MCM,MGB
2022-05-10 16:46:00,DB,PL
2022-05-10 16:46:00,MWB,MZ
2022-05-10 16:46:00,LL,PL
2022-05-10 16:46:00,IG,LL
2022-05-10 16:46:00,DB,MCM
2022-05-10 16:46:00,IG,MCM
2022-05-10 16:46:00,DB,LL
2022-05-10 16:46:00,IG,PL
2022-05-10 16:46:00,MGB,MZ
2022-05-10 16:46:00,MWB,PL
2022-05-10 16:46:01,MCM,MWB
2022-05-10 16:46:01,DB,MTP
2022-05-10 16:46:01,MGB,MZ
2022-05-10 16:46:01,LL,MWB
2022-05-10 16:46:01,DB,MGB
2022-05-10 16:46:01,IG,MGB
2022-05-10 16:46:01,LL,MGB
2022-05-10 16:46:01,MTP,PL
2022-05-10 16:46:01,LL,MCM
2022-05-10 16:46:01,MZ,PL
2022-05-10 16:46:01,IG,MZ
2022-05-10 16:46:01,LL,MZ
2022-05-10 16:46:01,MWB,PL
2022-05-10 16:46:01,MGB,MTP
2022-05-10 16:46:01,DB,LL
2022-05-10 16:46:01,DB,PL
2022-05-10 16:46:01,MCM,MGB
2022-05-10 16:46:01,MCM,MZ
2022-05-10 16:46:01,DB,MCM
2022-05-10 16:46:01,DB,MWB
2022-05-10 16:46:01,LL,MTP
2022-05-10 16:46:01,IG,MWB
2022-05-10 16:46:01,MWB,MZ
2022-05-10 16:46:01,DB,IG
2022-05-10 16:46:01,LL,PL
2022-05-10 16:46:01,IG,MCM
2022-05-10 16:46:01,MTP,MWB
2022-05-10 16:46:01,MCM,MTP
2022-05-10 16:46:01,DB,MZ
2022-05-10 16:46:01,MCM,PL
2022-05-10 16:46:01,IG,MTP
2022-05-10 16:46:01,MGB,PL
2022-05-10 16:46:01,IG,LL
2022-05-10 16:46:01,IG,PL
2022-05-10 16:46:01,MTP,MZ
2022-05-10 16:46:01,MGB,MWB
2022-05-10 16:46:02,MGB,MZ
2022-05-10 16:46:02,LL,MWB
2022-05-10 16:46:02,LL,PL
2022-05-10 16:46:02,MWB,PL
2022-05-10 16:46:02,MCM,MGB
2022-05-10 16:46:02,IG,LL
2022-05-10 16:46:02,MGB,MTP
2022-05-10 16:46:02,DB,MTP
2022-05-10 16:46:02,MTP,MZ
2022-05-10 16:46:02,MCM,MWB
2022-05-10 16:46:02,MGB,MWB
2022-05-10 16:46:02,IG,MGB
2022-05-10 16:46:02,MCM,MTP
2022-05-10 16:46:02,DB,IG
2022-05-10 16:46:02,MTP,MWB
2022-05-10 16:46:02,MCM,MZ
2022-05-10 16:46:02,MCM,PL
2022-05-10 16:46:02,IG,MCM
2022-05-10 16:46:02,DB,MGB
2022-05-10 16:46:02,DB,PL
2022-05-10 16:46:02,DB,LL
2022-05-10 16:46:02,DB,MWB
2022-05-10 16:46:02,IG,PL
2022-05-10 16:46:02,MWB,MZ
2022-05-10 16:46:02,DB,MCM
2022-05-10 16:46:02,LL,MCM
2022-05-10 16:46:02,LL,MZ
2022-05-10 16:46:02,DB,MZ
2022-05-10 16:46:02,MZ,PL
2022-05-10 16:46:02,IG,MZ
2022-05-10 16:46:02,MGB,PL
2022-05-10 16:46:02,LL,MGB
2022-05-10 16:46:02,MTP,PL
2022-05-10 16:46:02,IG,MTP
2022-05-10 16:46:02,LL,MTP
2022-05-10 16:46:02,IG,MWB
2022-05-10 16:46:03,IG,MZ
2022-05-10 16:46:03,DB,MCM
2022-05-10 16:46:03,MTP,MWB
2022-05-10 16:46:03,DB,IG
2022-05-10 16:46:03,IG,MTP
2022-05-10 16:46:03,IG,MCM
2022-05-10 16:46:03,DB,MWB
2022-05-10 16:46:03,MCM,PL
2022-05-10 16:46:03,IG,MWB
2022-05-10 16:46:03,MZ,PL
2022-05-10 16:46:03,LL,MTP
2022-05-10 16:46:03,IG,PL
2022-05-10 16:46:03,DB,MGB
2022-05-10 16:46:03,DB,PL
2022-05-10 16:46:03,MCM,MGB
2022-05-10 16:46:03,MGB,MTP
2022-05-10 16:46:03,MCM,MTP
2022-05-10 16:46:03,DB,LL
2022-05-10 16:46:03,LL,MZ
2022-05-10 16:46:03,MGB,MZ
2022-05-10 16:46:03,IG,MGB
2022-05-10 16:46:03,LL,MGB
2022-05-10 16:46:03,LL,PL
2022-05-10 16:46:03,LL,MWB
2022-05-10 16:46:03,MGB,PL
2022-05-10 16:46:03,IG,LL
2022-05-10 16:46:03,LL,MCM
2022-05-10 16:46:03,MCM,MZ
2022-05-10 16:46:03,MTP,MZ
2022-05-10 16:46:03,MTP,PL
2022-05-10 16:46:03,MCM,MWB
2022-05-10 16:46:03,DB,MTP
2022-05-10 16:46:03,DB,MZ
2022-05-10 16:46:03,MGB,MWB
2022-05-10 16:46:03,MWB,PL
2022-05-10 16:46:03,MWB,MZ
2022-05-10 16:46:04,MWB,MZ
2022-05-10 16:46:04,MCM,MTP
2022-05-10 16:46:04,IG,LL
2022-05-10 16:46:04,LL,MTP
2022-05-10 16:46:04,IG,MCM
2022-05-10 16:46:04,DB,MWB
2022-05-10 16:46:04,MCM,MGB
2022-05-10 16:46:04,LL,PL
2022-05-10 16:46:04,MCM,MZ
2022-05-10 16:46:04,IG,MTP
2022-05-10 16:46:04,IG,MWB
2022-05-10 16:46:04,DB,MGB
2022-05-10 16:46:04,LL,MGB
2022-05-10 16:46:04,LL,MZ
2022-05-10 16:46:04,MTP,PL
2022-05-10 16:46:04,IG,MGB
2022-05-10 16:46:04,DB,MZ
2022-05-10 16:46:04,IG,MZ
2022-05-10 16:46:04,LL,MWB
2022-05-10 16:46:04,DB,MCM
2022-05-10 16:46:04,MGB,MWB
2022-05-10 16:46:04,MTP,MZ
2022-05-10 16:46:04,MGB,PL
2022-05-10 16:46:04,DB,MTP
2022-05-10 16:46:04,MCM,MWB
2022-05-10 16:46:04,DB,LL
2022-05-10 16:46:04,MGB,MZ
2022-05-10 16:46:04,MCM,PL
2022-05-10 16:46:04,DB,IG
2022-05-10 16:46:04,MTP,MWB
2022-05-10 16:46:04,MWB,PL
2022-05-10 16:46:04,MGB,MTP
2022-05-10 16:46:04,IG,PL
2022-05-10 16:46:04,DB,PL
2022-05-10 16:46:04,MZ,PL
2022-05-10 16:46:04,LL,MCM
2022-05-10 16:46:05,MWB,MZ
2022-05-10 16:46:05,MGB,MZ
2022-05-10 16:46:05,DB,MZ
2022-05-10 16:46:05,LL,MZ
2022-05-10 16:46:05,IG,LL
2022-05-10 16:46:05,DB,MGB
2022-05-10 16:46:05,MTP,MZ
2022-05-10 16:46:05,IG,MCM
2022-05-10 16:46:05,DB,LL
2022-05-10 16:46:05,MWB,PL
2022-05-10 16:46:05,IG,MZ
2022-05-10 16:46:05,DB,IG
2022-05-10 16:46:05,MCM,MTP
2022-05-10 16:46:05,IG,MGB
2022-05-10 16:46:05,LL,MWB
2022-05-10 16:46:05,DB,PL
2022-05-10 16:46:05,MGB,MWB
2022-05-10 16:46:05,MGB,MTP
2022-05-10 16:46:05,DB,MCM
2022-05-10 16:46:05,IG,PL
2022-05-10 16:46:05,DB,MTP
2022-05-10 16:46:05,LL,MGB
2022-05-10 16:46:05,MCM,MZ
2022-05-10 16:46:05,MCM,MGB
2022-05-10 16:46:05,LL,MCM
2022-05-10 16:46:05,MCM,MWB
2022-05-10 16:46:05,DB,MWB
2022-05-10 16:46:05,MTP,PL
2022-05-10 16:46:05,LL,PL
2022-05-10 16:46:05,MGB,PL
2022-05-10 16:46:05,MZ,PL
2022-05-10 16:46:05,MTP,MWB
2022-05-10 16:46:05,LL,MTP
2022-05-10 16:46:05,IG,MWB
2022-05-10 16:46:05,MCM,PL
2022-05-10 16:46:05,IG,MTP
2022-05-10 16:46:06,MCM,PL
2022-05-10 16:46:06,MCM,MWB
2022-05-10 16:46:06,DB,MTP
2022-05-10 16:46:06,IG,MWB
2022-05-10 16:46:06,DB,MZ
2022-05-10 16:46:06,MGB,MWB
2022-05-10 16:46:06,LL,MZ
2022-05-10 16:46:06,IG,MGB
2022-05-10 16:46:06,LL,MGB
2022-05-10 16:46:06,MTP,MZ
2022-05-10 16:46:06,IG,MZ
2022-05-10 16:46:06,LL,MCM
2022-05-10 16:46:06,MTP,PL
2022-05-10 16:46:06,MZ,PL
2022-05-10 16:46:06,MGB,MZ
2022-05-10 16:46:06,LL,MWB
2022-05-10 16:46:06,DB,IG
2022-05-10 16:46:06,MGB,PL
2022-05-10 16:46:06,MGB,MTP
2022-05-10 16:46:06,DB,MGB
2022-05-10 16:46:06,DB,MWB
2022-05-10 16:46:06,IG,MCM
2022-05-10 16:46:06,MCM,MTP
2022-05-10 16:46:06,LL,PL
2022-05-10 16:46:06,DB,MCM
2022-05-10 16:46:06,DB,PL
2022-05-10 16:46:06,LL,MTP
2022-05-10 16:46:06,MCM,MGB
2022-05-10 16:46:06,IG,MTP
2022-05-10 16:46:06,IG,LL
2022-05-10 16:46:06,DB,LL
2022-05-10 16:46:06,MWB,PL
2022-05-10 16:46:06,IG,PL
2022-05-10 16:46:06,MTP,MWB
2022-05-10 16:46:06,MWB,MZ
2022-05-10 16:46:06,MCM,MZ
2022-05-10 16:46:07,MTP,PL
2022-05-10 16:46:07,LL,PL
2022-05-10 16:46:07,IG,MWB
2022-05-10 16:46:07,DB,MWB
2022-05-10 16:46:07,MCM,MZ
2022-05-10 16:46:07,LL,MZ
2022-05-10 16:46:07,DB,MGB
2022-05-10 16:46:07,MGB,MTP
2022-05-10 16:46:07,MGB,MWB
2022-05-10 16:46:07,MGB,PL
2022-05-10 16:46:07,MCM,MGB
2022-05-10 16:46:07,LL,MGB
2022-05-10 16:46:07,MCM,PL
2022-05-10 16:46:07,DB,LL
2022-05-10 16:46:07,MCM,MWB
2022-05-10 16:46:07,DB,MCM
2022-05-10 16:46:07,IG,PL
2022-05-10 16:46:07,MTP,MZ
2022-05-10 16:46:07,LL,MWB
2022-05-10 16:46:07,DB,PL
2022-05-10 16:46:07,MTP,MWB
2022-05-10 16:46:07,MZ,PL
2022-05-10 16:46:07,DB,IG
2022-05-10 16:46:07,MWB,PL
2022-05-10 16:46:07,MWB,MZ
2022-05-10 16:46:07,DB,MTP
2022-05-10 16:46:07,IG,MTP
2022-05-10 16:46:07,IG,MCM
2022-05-10 16:46:07,LL,MCM
2022-05-10 16:46:07,LL,MTP
2022-05-10 16:46:07,IG,MZ
2022-05-10 16:46:07,MGB,MZ
2022-05-10 16:46:07,IG,MGB
2022-05-10 16:46:07,DB,MZ
2022-05-10 16:46:07,MCM,MTP
2022-05-10 16:46:07,IG,LL
2022-05-10 16:46:08,IG,MCM
2022-05-10 16:46:08,MTP,MZ
2022-05-10 16:46:08,DB,MGB
2022-05-10 16:46:08,MZ,PL
2022-05-10 16:46:08,MGB,PL
2022-05-10 16:46:08,LL,MWB
2022-05-10 16:46:08,MCM,PL
2022-05-10 16:46:08,LL,PL
2022-05-10 16:46:08,MTP,PL
2022-05-10 16:46:08,MCM,MZ
2022-05-10 16:46:08,LL,MCM
2022-05-10 16:46:08,MWB,MZ
2022-05-10 16:46:08,LL,MTP
2022-05-10 16:46:08,IG,MGB
2022-05-10 16:46:08,IG,MWB
2022-05-10 16:46:08,LL,MGB
2022-05-10 16:46:08,DB,MCM
2022-05-10 16:46:08,IG,LL
2022-05-10 16:46:08,MCM,MWB
2022-05-10 16:46:08,DB,PL
2022-05-10 16:46:08,LL,MZ
2022-05-10 16:46:08,IG,PL
2022-05-10 16:46:08,DB,MTP
2022-05-10 16:46:08,IG,MTP
2022-05-10 16:46:08,DB,MWB
2022-05-10 16:46:08,MCM,MTP
2022-05-10 16:46:08,MTP,MWB
2022-05-10 16:46:08,MGB,MTP
2022-05-10 16:46:08,MWB,PL
2022-05-10 16:46:08,DB,LL
2022-05-10 16:46:08,IG,MZ
2022-05-10 16:46:08,MGB,MWB
2022-05-10 16:46:08,MGB,MZ
2022-05-10 16:46:08,DB,MZ
2022-05-10 16:46:08,DB,IG
2022-05-10 16:46:08,MCM,MGB
2022-05-10 16:46:09,MCM,MGB
2022-05-10 16:46:09,MCM,MTP
2022-05-10 16:46:09,LL,MGB
2022-05-10 16:46:09,LL,PL
2022-05-10 16:46:09,DB,PL
2022-05-10 16:46:09,DB,MWB
2022-05-10 16:46:09,MGB,MZ
2022-05-10 16:46:09,LL,MWB
2022-05-10 16:46:09,MGB,MTP
2022-05-10 16:46:09,MTP,MZ
2022-05-10 16:46:09,MCM,MWB
2022-05-10 16:46:09,IG,LL
2022-05-10 16:46:09,LL,MTP
2022-05-10 16:46:09,MTP,MWB
2022-05-10 16:46:09,MCM,MZ
2022-05-10 16:46:09,IG,MGB
2022-05-10 16:46:09,MCM,PL
2022-05-10 16:46:09,DB,IG
2022-05-10 16:46:09,DB,LL
2022-05-10 16:46:09,IG,MWB
2022-05-10 16:46:09,IG,PL
2022-05-10 16:46:09,MGB,MWB
2022-05-10 16:46:09,DB,MTP
2022-05-10 16:46:09,IG,MTP
2022-05-10 16:46:09,MZ,PL
2022-05-10 16:46:09,MGB,PL
2022-05-10 16:46:09,MWB,PL
2022-05-10 16:46:09,DB,MZ
2022-05-10 16:46:09,DB,MCM
2022-05-10 16:46:09,IG,MCM
2022-05-10 16:46:09,MTP,PL
2022-05-10 16:46:09,LL,MCM
2022-05-10 16:46:09,MWB,MZ
2022-05-10 16:46:09,IG,MZ
2022-05-10 16:46:09,LL,MZ
2022-05-10 16:46:09,DB,MGB
2022-05-10 16:46:10,DB,MZ
2022-05-10 16:46:10,DB,MGB
2022-05-10 16:46:10,DB,PL
2022-05-10 16:46:10,IG,MTP
2022-05-10 16:46:10,IG,PL
2022-05-10 16:46:10,MCM,MTP
2022-05-10 16:46:10,MGB,MTP
2022-05-10 16:46:10,MTP,MWB
2022-05-10 16:46:10,DB,MTP
2022-05-10 16:46:10,MCM,MWB
2022-05-10 16:46:10,MGB,MWB
2022-05-10 16:46:10,IG,LL
2022-05-10 16:46:10,MZ,PL
2022-05-10 16:46:10,MGB,PL
2022-05-10 16:46:10,LL,MWB
2022-05-10 16:46:10,MTP,PL
2022-05-10 16:46:10,IG,MGB
2022-05-10 16:46:10,LL,MGB
2022-05-10 16:46:10,MCM,PL
2022-05-10 16:46:10,LL,MCM
2022-05-10 16:46:10,MGB,MZ
2022-05-10 16:46:10,MWB,PL
2022-05-10 16:46:10,LL,PL
2022-05-10 16:46:10,IG,MZ
2022-05-10 16:46:10,MTP,MZ
2022-05-10 16:46:10,MCM,MGB
2022-05-10 16:46:10,IG,MCM
2022-05-10 16:46:10,LL,MZ
2022-05-10 16:46:10,LL,MTP
2022-05-10 16:46:10,MCM,MZ
2022-05-10 16:46:10,IG,MWB
2022-05-10 16:46:10,DB,MCM
2022-05-10 16:46:10,DB,MWB
2022-05-10 16:46:10,MWB,MZ
2022-05-10 16:46:10,DB,IG
2022-05-10 16:46:10,DB,LL
2022-05-10 16:46:11,IG,MCM
2022-05-10 16:46:11,MWB,MZ
2022-05-10 16:46:11,IG,MWB
2022-05-10 16:46:11,LL,MGB
2022-05-10 16:46:11,MTP,MZ
2022-05-10 16:46:11,LL,MWB
2022-05-10 16:46:11,IG,MGB
2022-05-10 16:46:11,MTP,PL
2022-05-10 16:46:11,MCM,MZ
2022-05-10 16:46:11,MGB,PL
2022-05-10 16:46:11,MGB,MZ
2022-05-10 16:46:11,IG,MZ
2022-05-10 16:46:11,DB,MZ
2022-05-10 16:46:11,LL,MZ
2022-05-10 16:46:11,IG,MTP
2022-05-10 16:46:11,IG,PL
2022-05-10 16:46:11,DB,MCM
2022-05-10 16:46:11,DB,MGB
2022-05-10 16:46:11,DB,IG
2022-05-10 16:46:11,DB,MTP
2022-05-10 16:46:11,DB,LL
2022-05-10 16:46:11,MGB,MWB
2022-05-10 16:46:11,MZ,PL
2022-05-10 16:46:11,MWB,PL
2022-05-10 16:46:11,MCM,PL
2022-05-10 16:46:11,LL,PL
2022-05-10 16:46:11,LL,MCM
2022-05-10 16:46:11,MTP,MWB
2022-05-10 16:46:11,DB,PL
2022-05-10 16:46:11,MGB,MTP
2022-05-10 16:46:11,DB,MWB
2022-05-10 16:46:11,MCM,MGB
2022-05-10 16:46:11,IG,LL
2022-05-10 16:46:11,LL,MTP
2022-05-10 16:46:11,MCM,MWB
2022-05-10 16:46:11,MCM,MTP
2022-05-10 16:46:12,MTP,MWB
2022-05-10 16:46:12,IG,MTP
2022-05-10 16:46:12,DB,MCM
2022-05-10 16:46:12,LL,MTP
2022-05-10 16:46:12,MGB,MWB
2022-05-10 16:46:12,DB,MGB
2022-05-10 16:46:12,IG,MCM
2022-05-10 16:46:12,DB,IG
2022-05-10 16:46:12,MWB,PL
2022-05-10 16:46:12,IG,MGB
2022-05-10 16:46:12,DB,MWB
2022-05-10 16:46:12,MCM,PL
2022-05-10 16:46:12,DB,PL
2022-05-10 16:46:12,MTP,PL
2022-05-10 16:46:12,MGB,PL
2022-05-10 16:46:12,IG,LL
2022-05-10 16:46:12,LL,MCM
2022-05-10 16:46:12,LL,MZ
2022-05-10 16:46:12,MWB,MZ
2022-05-10 16:46:12,LL,PL
2022-05-10 16:46:12,MCM,MZ
2022-05-10 16:46:12,MGB,MZ
2022-05-10 16:46:12,LL,MWB
2022-05-10 16:46:12,MCM,MWB
2022-05-10 16:46:12,MZ,PL
2022-05-10 16:46:12,MTP,MZ
2022-05-10 16:46:12,IG,PL
2022-05-10 16:46:12,DB,MZ
2022-05-10 16:46:12,IG,MZ
2022-05-10 16:46:12,LL,MGB
2022-05-10 16:46:12,DB,LL
2022-05-10 16:46:12,MCM,MGB
2022-05-10 16:46:12,MCM,MTP
2022-05-10 16:46:12,IG,MWB
2022-05-10 16:46:12,MGB,MTP
2022-05-10 16:46:12,DB,MTP
2022-05-10 16:46:13,MCM,MTP
2022-05-10 16:46:13,DB,MGB
2022-05-10 16:46:13,IG,MTP
2022-05-10 16:46:13,DB,PL
2022-05-10 16:46:13,MCM,PL
2022-05-10 16:46:13,LL,MZ
2022-05-10 16:46:13,DB,MWB
2022-05-10 16:46:13,IG,PL
2022-05-10 16:46:13,DB,IG
2022-05-10 16:46:13,IG,MZ
2022-05-10 16:46:13,DB,MZ
2022-05-10 16:46:13,MCM,MZ
2022-05-10 16:46:13,DB,MTP
2022-05-10 16:46:13,MGB,MWB
2022-05-10 16:46:13,LL,PL
2022-05-10 16:46:13,IG,MCM
2022-05-10 16:46:13,LL,MWB
2022-05-10 16:46:13,MCM,MWB
2022-05-10 16:46:13,MTP,MZ
2022-05-10 16:46:13,LL,MGB
2022-05-10 16:46:13,MGB,MTP
2022-05-10 16:46:13,IG,MWB
2022-05-10 16:46:13,MWB,MZ
2022-05-10 16:46:13,MCM,MGB
2022-05-10 16:46:13,IG,MGB
2022-05-10 16:46:13,DB,LL
2022-05-10 16:46:13,IG,LL
2022-05-10 16:46:13,LL,MTP
2022-05-10 16:46:13,LL,MCM
2022-05-10 16:46:13,MGB,MZ
2022-05-10 16:46:13,MTP,MWB
2022-05-10 16:46:13,DB,MCM
2022-05-10 16:46:13,MGB,PL
2022-05-10 16:46:13,MTP,PL
2022-05-10 16:46:13,MZ,PL
2022-05-10 16:46:13,MWB,PL
2022-05-10 16:46:14,IG,MWB
2022-05-10 16:46:14,LL,PL
2022-05-10 16:46:14,DB,MZ
2022-05-10 16:46:14,DB,MCM
2022-05-10 16:46:14,MWB,MZ
2022-05-10 16:46:14,MCM,MWB
2022-05-10 16:46:14,MCM,MTP
2022-05-10 16:46:14,LL,MWB
2022-05-10 16:46:14,MCM,MGB
2022-05-10 16:46:14,LL,MGB
2022-05-10 16:46:14,DB,PL
2022-05-10 16:46:14,IG,MGB
2022-05-10 16:46:14,MTP,MWB
2022-05-10 16:46:14,DB,MWB
2022-05-10 16:46:14,MGB,PL
2022-05-10 16:46:14,MGB,MWB
2022-05-10 16:46:14,DB,MGB
2022-05-10 16:46:14,IG,MCM
2022-05-10 16:46:14,DB,MTP
2022-05-10 16:46:14,IG,MTP
2022-05-10 16:46:14,IG,LL
2022-05-10 16:46:14,LL,MZ
2022-05-10 16:46:14,MCM,PL
2022-05-10 16:46:14,LL,MTP
2022-05-10 16:46:14,DB,IG
2022-05-10 16:46:14,DB,LL
2022-05-10 16:46:14,MTP,PL
2022-05-10 16:46:14,MTP,MZ
2022-05-10 16:46:14,MWB,PL
2022-05-10 16:46:14,MGB,MTP
2022-05-10 16:46:14,MGB,MZ
2022-05-10 16:46:14,IG,PL
2022-05-10 16:46:14,IG,MZ
2022-05-10 16:46:14,MCM,MZ
2022-05-10 16:46:14,LL,MCM
2022-05-10 16:46:14,MZ,PL
2022-05-10 16:46:15,LL,MTP
2022-05-10 16:46:15,IG,MGB
2022-05-10 16:46:15,LL,MZ
2022-05-10 16:46:15,MZ,PL
2022-05-10 16:46:15,IG,MCM
2022-05-10 16:46:15,IG,MZ
2022-05-10 16:46:15,DB,MCM
2022-05-10 16:46:15,IG,MTP
2022-05-10 16:46:15,DB,PL
2022-05-10 16:46:15,MTP,MZ
2022-05-10 16:46:15,MGB,MZ
2022-05-10 16:46:15,LL,MCM
2022-05-10 16:46:15,MCM,MZ
2022-05-10 16:46:15,MCM,MWB
2022-05-10 16:46:15,MGB,MTP
2022-05-10 16:46:15,IG,PL
2022-05-10 16:46:15,DB,MGB
2022-05-10 16:46:15,DB,IG
2022-05-10 16:46:15,MTP,MWB
2022-05-10 16:46:15,MCM,MGB
2022-05-10 16:46:15,DB,MTP
2022-05-10 16:46:15,MCM,MTP
2022-05-10 16:46:15,LL,MGB
2022-05-10 16:46:15,LL,MWB
2022-05-10 16:46:15,IG,MWB
2022-05-10 16:46:15,DB,LL
2022-05-10 16:46:15,DB,MZ
2022-05-10 16:46:15,MCM,PL
2022-05-10 16:46:15,LL,PL
2022-05-10 16:46:15,IG,LL
2022-05-10 16:46:15,MGB,MWB
2022-05-10 16:46:15,DB,MWB
2022-05-10 16:46:15,MGB,PL
2022-05-10 16:46:15,MWB,PL
2022-05-10 16:46:15,MWB,MZ
2022-05-10 16:46:15,MTP,PL
2022-05-10 16:46:16,MTP,PL
2022-05-10 16:46:16,MGB,MTP
2022-05-10 16:46:16,MCM,MTP
2022-05-10 16:46:16,DB,MGB
2022-05-10 16:46:16,LL,MGB
2022-05-10 16:46:16,MGB,PL
2022-05-10 16:46:16,MCM,PL
2022-05-10 16:46:16,LL,MZ
2022-05-10 16:46:16,IG,PL
2022-05-10 16:46:16,MWB,MZ
2022-05-10 16:46:16,DB,MWB
2022-05-10 16:46:16,MCM,MGB
2022-05-10 16:46:16,DB,MZ
2022-05-10 16:46:16,MWB,PL
2022-05-10 16:46:16,IG,MTP
2022-05-10 16:46:16,MTP,MWB
2022-05-10 16:46:16,MZ,PL
2022-05-10 16:46:16,DB,PL
2022-05-10 16:46:16,MCM,MZ
2022-05-10 16:46:16,MCM,MWB
2022-05-10 16:46:16,DB,IG
2022-05-10 16:46:16,MGB,MWB
2022-05-10 16:46:16,DB,MCM
2022-05-10 16:46:16,DB,LL
2022-05-10 16:46:16,LL,MTP
2022-05-10 16:46:16,MGB,MZ
2022-05-10 16:46:16,IG,MCM
2022-05-10 16:46:16,LL,MCM
2022-05-10 16:46:16,LL,PL
2022-05-10 16:46:16,IG,MZ
2022-05-10 16:46:16,DB,MTP
2022-05-10 16:46:16,LL,MWB
2022-05-10 16:46:16,IG,MWB
2022-05-10 16:46:16,MTP,MZ
2022-05-10 16:46:16,IG,MGB
2022-05-10 16:46:16,IG,LL
2022-05-10 16:46:17,LL,PL
2022-05-10 16:46:17,LL,MTP
2022-05-10 16:46:17,IG,MGB
2022-05-10 16:46:17,MCM,MZ
2022-05-10 16:46:17,MCM,MGB
2022-05-10 16:46:17,MZ,PL
2022-05-10 16:46:17,MGB,MZ
2022-05-10 16:46:17,DB,MCM
2022-05-10 16:46:17,MTP,MZ
2022-05-10 16:46:17,MGB,PL
2022-05-10 16:46:17,MWB,MZ
2022-05-10 16:46:17,IG,MZ
2022-05-10 16:46:17,DB,MTP
2022-05-10 16:46:17,MWB,PL
2022-05-10 16:46:17,MTP,PL
2022-05-10 16:46:17,IG,LL
2022-05-10 16:46:17,MGB,MWB
2022-05-10 16:46:17,DB,MZ
2022-05-10 16:46:17,DB,LL
2022-05-10 16:46:17,IG,MWB
2022-05-10 16:46:17,LL,MWB
2022-05-10 16:46:17,LL,MGB
2022-05-10 16:46:17,MCM,PL
2022-05-10 16:46:17,MCM,MTP
2022-05-10 16:46:17,IG,MTP
2022-05-10 16:46:17,LL,MZ
2022-05-10 16:46:17,MCM,MWB
2022-05-10 16:46:17,MTP,MWB
2022-05-10 16:46:17,IG,MCM
2022-05-10 16:46:17,DB,MGB
2022-05-10 16:46:17,IG,PL
2022-05-10 16:46:17,DB,IG
2022-05-10 16:46:17,DB,MWB
2022-05-10 16:46:17,LL,MCM
2022-05-10 16:46:17,MGB,MTP
2022-05-10 16:46:17,DB,PL
2022-05-10 16:46:18,DB,MZ
2022-05-10 16:46:18,IG,LL
2022-05-10 16:46:18,IG,MZ
2022-05-10 16:46:18,IG,MWB
2022-05-10 16:46:18,DB,MWB
2022-05-10 16:46:18,MWB,MZ
2022-05-10 16:46:18,MWB,PL
2022-05-10 16:46:18,IG,PL
2022-05-10 16:46:18,MTP,PL
2022-05-10 16:46:18,DB,IG
2022-05-10 16:46:18,LL,MZ
2022-05-10 16:46:18,DB,MGB
2022-05-10 16:46:18,LL,MWB
2022-05-10 16:46:18,MGB,MTP
2022-05-10 16:46:18,LL,MGB
2022-05-10 16:46:18,MCM,MTP
2022-05-10 16:46:18,MGB,MZ
2022-05-10 16:46:18,MCM,PL
2022-05-10 16:46:18,IG,MTP
2022-05-10 16:46:18,MGB,MWB
2022-05-10 16:46:18,DB,LL
2022-05-10 16:46:18,LL,MCM
2022-05-10 16:46:18,MCM,MZ
2022-05-10 16:46:18,LL,MTP
2022-05-10 16:46:18,DB,PL
2022-05-10 16:46:18,MZ,PL
2022-05-10 16:46:18,DB,MTP
2022-05-10 16:46:18,MCM,MWB
2022-05-10 16:46:18,MGB,PL
2022-05-10 16:46:18,IG,MGB
2022-05-10 16:46:18,MTP,MWB
2022-05-10 16:46:18,IG,MCM
2022-05-10 16:46:18,MTP,MZ
2022-05-10 16:46:18,LL,PL
2022-05-10 16:46:18,MCM,MGB
2022-05-10 16:46:18,DB,MCM
2022-05-10 16:46:19,DB,MGB
2022-05-10 16:46:19,IG,MGB
2022-05-10 16:46:19,MCM,MGB
2022-05-10 16:46:19,MTP,MZ
2022-05-10 16:46:19,LL,MGB
2022-05-10 16:46:19,MCM,MWB
2022-05-10 16:46:19,MCM,MTP
2022-05-10 16:46:19,DB,PL
2022-05-10 16:46:19,LL,MWB
2022-05-10 16:46:19,DB,MCM
2022-05-10 16:46:19,MCM,PL
2022-05-10 16:46:19,MCM,MZ
2022-05-10 16:46:19,MGB,MWB
2022-05-10 16:46:19,DB,MTP
2022-05-10 16:46:19,IG,MTP
2022-05-10 16:46:19,DB,IG
2022-05-10 16:46:19,IG,MWB
2022-05-10 16:46:19,LL,MTP
2022-05-10 16:46:19,LL,MZ
2022-05-10 16:46:19,MWB,PL
2022-05-10 16:46:19,MWB,MZ
2022-05-10 16:46:19,MGB,PL
2022-05-10 16:46:19,LL,MCM
2022-05-10 16:46:19,LL,PL
2022-05-10 16:46:19,DB,MWB
2022-05-10 16:46:19,IG,MZ
2022-05-10 16:46:19,MTP,PL
2022-05-10 16:46:19,MTP,MWB
2022-05-10 16:46:19,IG,MCM
2022-05-10 16:46:19,MGB,MZ
2022-05-10 16:46:19,DB,MZ
2022-05-10 16:46:19,MGB,MTP
2022-05-10 16:46:19,MZ,PL
2022-05-10 16:46:19,DB,LL
2022-05-10 16:46:19,IG,LL
2022-05-10 16:46:19,IG,PL
2022-05-10 16:46:20,DB,MTP
2022-05-10 16:46:20,MZ,PL
2022-05-10 16:46:20,MGB,MZ
2022-05-10 16:46:20,IG,MTP
2022-05-10 16:46:20,LL,MZ
2022-05-10 16:46:20,LL,MTP
2022-05-10 16:46:20,MGB,MWB
2022-05-10 16:46:20,LL,MWB
2022-05-10 16:46:20,IG,MWB
2022-05-10 16:46:20,LL,PL
2022-05-10 16:46:20,IG,LL
2022-05-10 16:46:20,MGB,MTP
2022-05-10 16:46:20,IG,MGB
2022-05-10 16:46:20,IG,MZ
2022-05-10 16:46:20,MTP,MZ
2022-05-10 16:46:20,IG,MCM
2022-05-10 16:46:20,LL,MCM
2022-05-10 16:46:20,DB,IG
2022-05-10 16:46:20,MCM,MZ
2022-05-10 16:46:20,DB,MGB
2022-05-10 16:46:20,MTP,MWB
2022-05-10 16:46:20,DB,MWB
2022-05-10 16:46:20,MCM,MGB
2022-05-10 16:46:20,MCM,PL
2022-05-10 16:46:20,LL,MGB
2022-05-10 16:46:20,MCM,MTP
2022-05-10 16:46:20,DB,LL
2022-05-10 16:46:20,DB,MZ
2022-05-10 16:46:20,IG,PL
2022-05-10 16:46:20,DB,PL
2022-05-10 16:46:20,DB,MCM
2022-05-10 16:46:20,MWB,MZ
2022-05-10 16:46:20,MWB,PL
2022-05-10 16:46:20,MCM,MWB
2022-05-10 16:46:20,MGB,PL
2022-05-10 16:46:20,MTP,PL
2022-05-10 16:46:21,IG,MCM
2022-05-10 16:46:21,MCM,MWB
2022-05-10 16:46:21,MGB,MTP
2022-05-10 16:46:21,MCM,PL
2022-05-10 16:46:21,IG,PL
2022-05-10 16:46:21,LL,PL
2022-05-10 16:46:21,MGB,MZ
2022-05-10 16:46:21,MCM,MZ
2022-05-10 16:46:21,DB,MGB
2022-05-10 16:46:21,DB,MWB
2022-05-10 16:46:21,MTP,MWB
2022-05-10 16:46:21,DB,PL
2022-05-10 16:46:21,DB,MCM
2022-05-10 16:46:21,LL,MWB
2022-05-10 16:46:21,DB,MTP
2022-05-10 16:46:21,MCM,MGB
2022-05-10 16:46:21,MGB,PL
2022-05-10 16:46:21,MWB,PL
2022-05-10 16:46:21,LL,MTP
2022-05-10 16:46:21,LL,MCM
2022-05-10 16:46:21,IG,MZ
2022-05-10 16:46:21,MTP,MZ
2022-05-10 16:46:21,MWB,MZ
2022-05-10 16:46:21,IG,MWB
2022-05-10 16:46:21,LL,MZ
2022-05-10 16:46:21,IG,MTP
2022-05-10 16:46:21,MZ,PL
2022-05-10 16:46:21,MGB,MWB
2022-05-10 16:46:21,IG,MGB
2022-05-10 16:46:21,DB,IG
2022-05-10 16:46:21,MCM,MTP
2022-05-10 16:46:21,DB,MZ
2022-05-10 16:46:21,DB,LL
2022-05-10 16:46:21,IG,LL
2022-05-10 16:46:21,MTP,PL
2022-05-10 16:46:21,LL,MGB
2022-05-10 16:46:22,IG,MWB
2022-05-10 16:46:22,MGB,MTP
2022-05-10 16:46:22,DB,IG
2022-05-10 16:46:22,MTP,MZ
2022-05-10 16:46:22,LL,PL
2022-05-10 16:46:22,MCM,MGB
2022-05-10 16:46:22,IG,MZ
2022-05-10 16:46:22,DB,MCM
2022-05-10 16:46:22,MCM,MTP
2022-05-10 16:46:22,MCM,MWB
2022-05-10 16:46:22,LL,MTP
2022-05-10 16:46:22,MTP,PL
2022-05-10 16:46:22,DB,LL
2022-05-10 16:46:22,LL,MZ
2022-05-10 16:46:22,MGB,MWB
2022-05-10 16:46:22,MGB,MZ
2022-05-10 16:46:22,MCM,MZ
2022-05-10 16:46:22,MWB,PL
2022-05-10 16:46:22,LL,MWB
2022-05-10 16:46:22,DB,MWB
2022-05-10 16:46:22,IG,MTP
2022-05-10 16:46:22,MZ,PL
2022-05-10 16:46:22,MGB,PL
2022-05-10 16:46:22,DB,MTP
2022-05-10 16:46:22,IG,MGB
2022-05-10 16:46:22,IG,LL
2022-05-10 16:46:22,MCM,PL
2022-05-10 16:46:22,IG,PL
2022-05-10 16:46:22,MTP,MWB
2022-05-10 16:46:22,MWB,MZ
2022-05-10 16:46:22,DB,PL
2022-05-10 16:46:22,LL,MCM
2022-05-10 16:46:22,DB,MGB
2022-05-10 16:46:22,IG,MCM
2022-05-10 16:46:22,DB,MZ
2022-05-10 16:46:22,LL,MGB
2022-05-10 16:46:23,IG,MCM
2022-05-10 16:46:23,MGB,MWB
2022-05-10 16:46:23,MTP,MWB
2022-05-10 16:46:23,IG,LL
2022-05-10 16:46:23,DB,LL
2022-05-10 16:46:23,DB,MZ
2022-05-10 16:46:23,DB,MTP
2022-05-10 16:46:23,MTP,MZ
2022-05-10 16:46:23,MGB,MZ
2022-05-10 16:46:23,DB,IG
2022-05-10 16:46:23,LL,MWB
2022-05-10 16:46:23,IG,MGB
2022-05-10 16:46:23,MZ,PL
2022-05-10 16:46:23,DB,MCM
2022-05-10 16:46:23,MWB,MZ
2022-05-10 16:46:23,LL,MTP
2022-05-10 16:46:23,MGB,PL
2022-05-10 16:46:23,IG,MTP
2022-05-10 16:46:23,MCM,PL
2022-05-10 16:46:23,LL,MCM
2022-05-10 16:46:23,MWB,PL
2022-05-10 16:46:23,IG,PL
2022-05-10 16:46:23,IG,MWB
2022-05-10 16:46:23,MCM,MGB
2022-05-10 16:46:23,MCM,MZ
2022-05-10 16:46:23,IG,MZ
2022-05-10 16:46:23,LL,MZ
2022-05-10 16:46:23,LL,MGB
2022-05-10 16:46:23,MCM,MWB
2022-05-10 16:46:23,DB,PL
2022-05-10 16:46:23,MCM,MTP
2022-05-10 16:46:23,MGB,MTP
2022-05-10 16:46:23,MTP,PL
2022-05-10 16:46:23,DB,MWB
2022-05-10 16:46:23,LL,PL
2022-05-10 16:46:23,DB,MGB
2022-05-10 16:46:24,MTP,MZ
2022-05-10 16:46:24,DB,MGB
2022-05-10 16:46:24,IG,MTP
2022-05-10 16:46:24,MTP,PL
2022-05-10 16:46:24,DB,MZ
2022-05-10 16:46:24,LL,MZ
2022-05-10 16:46:24,MZ,PL
2022-05-10 16:46:24,DB,LL
2022-05-10 16:46:24,LL,PL
2022-05-10 16:46:24,LL,MGB
2022-05-10 16:46:24,MCM,MZ
2022-05-10 16:46:24,MGB,MWB
2022-05-10 16:46:24,MGB,MZ
2022-05-10 16:46:24,DB,IG
2022-05-10 16:46:24,MCM,MGB
2022-05-10 16:46:24,IG,MWB
2022-05-10 16:46:24,MGB,MTP
2022-05-10 16:46:24,IG,MZ
2022-05-10 16:46:24,DB,PL
2022-05-10 16:46:24,IG,LL
2022-05-10 16:46:24,MCM,MWB
2022-05-10 16:46:24,MCM,MTP
2022-05-10 16:46:24,DB,MWB
2022-05-10 16:46:24,IG,PL
2022-05-10 16:46:24,IG,MCM
2022-05-10 16:46:24,MWB,PL
2022-05-10 16:46:24,DB,MTP
2022-05-10 16:46:24,MTP,MWB
2022-05-10 16:46:24,LL,MCM
2022-05-10 16:46:24,IG,MGB
2022-05-10 16:46:24,MWB,MZ
2022-05-10 16:46:24,LL,MTP
2022-05-10 16:46:24,MGB,PL
2022-05-10 16:46:24,LL,MWB
2022-05-10 16:46:24,DB,MCM
2022-05-10 16:46:24,MCM,PL
2022-05-10 16:46:25,DB,LL
2022-05-10 16:46:25,MCM,MGB
2022-05-10 16:46:25,LL,MCM
2022-05-10 16:46:25,MTP,MWB
2022-05-10 16:46:25,DB,MZ
2022-05-10 16:46:25,MCM,MZ
2022-05-10 16:46:25,IG,MZ
2022-05-10 16:46:25,MTP,PL
2022-05-10 16:46:25,MWB,MZ
2022-05-10 16:46:25,LL,MTP
2022-05-10 16:46:25,DB,MGB
2022-05-10 16:46:25,DB,PL
2022-05-10 16:46:25,MCM,MTP
2022-05-10 16:46:25,LL,MZ
2022-05-10 16:46:25,MGB,MZ
2022-05-10 16:46:25,DB,MWB
2022-05-10 16:46:25,MGB,MWB
2022-05-10 16:46:25,MTP,MZ
2022-05-10 16:46:25,IG,MGB
2022-05-10 16:46:25,IG,MWB
2022-05-10 16:46:25,DB,MCM
2022-05-10 16:46:25,IG,LL
2022-05-10 16:46:25,LL,PL
2022-05-10 16:46:25,IG,PL
2022-05-10 16:46:25,MCM,MWB
2022-05-10 16:46:25,MCM,PL
2022-05-10 16:46:25,MGB,PL
2022-05-10 16:46:25,DB,MTP
2022-05-10 16:46:25,MGB,MTP
2022-05-10 16:46:25,LL,MGB
2022-05-10 16:46:25,MZ,PL
2022-05-10 16:46:25,LL,MWB
2022-05-10 16:46:25,DB,IG
2022-05-10 16:46:25,MWB,PL
2022-05-10 16:46:25,IG,MCM
2022-05-10 16:46:25,IG,MTP
2022-05-10 16:46:26,MCM,PL
2022-05-10 16:46:26,MWB,MZ
2022-05-10 16:46:26,MCM,MWB
2022-05-10 16:46:26,DB,IG
2022-05-10 16:46:26,MCM,MTP
2022-05-10 16:46:26,DB,MWB
2022-05-10 16:46:26,IG,MZ
2022-05-10 16:46:26,IG,MCM
2022-05-10 16:46:26,LL,MCM
2022-05-10 16:46:26,LL,MWB
2022-05-10 16:46:26,MCM,MGB
2022-05-10 16:46:26,DB,PL
2022-05-10 16:46:26,MGB,MTP
2022-05-10 16:46:26,MWB,PL
2022-05-10 16:46:26,IG,PL
2022-05-10 16:46:26,IG,MWB
2022-05-10 16:46:26,IG,MGB
2022-05-10 16:46:26,DB,MTP
2022-05-10 16:46:26,MZ,PL
2022-05-10 16:46:26,LL,MGB
2022-05-10 16:46:26,DB,LL
2022-05-10 16:46:26,MTP,MZ
2022-05-10 16:46:26,MCM,MZ
2022-05-10 16:46:26,LL,PL
2022-05-10 16:46:26,DB,MZ
2022-05-10 16:46:26,MGB,MZ
2022-05-10 16:46:26,MGB,MWB
2022-05-10 16:46:26,LL,MZ
2022-05-10 16:46:26,IG,LL
2022-05-10 16:46:26,LL,MTP
2022-05-10 16:46:26,MGB,PL
2022-05-10 16:46:26,MTP,MWB
2022-05-10 16:46:26,MTP,PL
2022-05-10 16:46:26,IG,MTP
2022-05-10 16:46:26,DB,MCM
2022-05-10 16:46:26,DB,MGB
2022-05-10 16:46:27,IG,MZ
2022-05-10 16:46:27,LL,PL
2022-05-10 16:46:27,LL,MWB
2022-05-10 16:46:27,DB,MGB
2022-05-10 16:46:27,MCM,MZ
2022-05-10 16:46:27,MTP,MWB
2022-05-10 16:46:27,DB,PL
2022-05-10 16:46:27,IG,LL
2022-05-10 16:46:27,IG,MWB
2022-05-10 16:46:27,IG,MGB
2022-05-10 16:46:27,MTP,MZ
2022-05-10 16:46:27,DB,IG
2022-05-10 16:46:27,DB,MWB
2022-05-10 16:46:27,MGB,MTP
2022-05-10 16:46:27,IG,PL
2022-05-10 16:46:27,MTP,PL
2022-05-10 16:46:27,DB,MZ
2022-05-10 16:46:27,MCM,PL
2022-05-10 16:46:27,LL,MTP
2022-05-10 16:46:27,MWB,MZ
2022-05-10 16:46:27,DB,LL
2022-05-10 16:46:27,MGB,MZ
2022-05-10 16:46:27,MCM,MTP
2022-05-10 16:46:27,DB,MTP
2022-05-10 16:46:27,MGB,MWB
2022-05-10 16:46:27,MGB,PL
2022-05-10 16:46:27,IG,MCM
2022-05-10 16:46:27,MCM,MWB
2022-05-10 16:46:27,DB,MCM
2022-05-10 16:46:27,LL,MGB
2022-05-10 16:46:27,MZ,PL
2022-05-10 16:46:27,LL,MCM
2022-05-10 16:46:27,MCM,MGB
2022-05-10 16:46:27,MWB,PL
2022-05-10 16:46:27,IG,MTP
2022-05-10 16:46:27,LL,MZ
2022-05-10 16:46:28,DB,MZ
2022-05-10 16:46:28,MGB,MWB
2022-05-10 16:46:28,DB,LL
2022-05-10 16:46:28,MCM,MZ
2022-05-10 16:46:28,MTP,MWB
2022-05-10 16:46:28,LL,MZ
2022-05-10 16:46:28,DB,MTP
2022-05-10 16:46:28,IG,LL
2022-05-10 16:46:28,IG,MTP
2022-05-10 16:46:28,MGB,MZ
2022-05-10 16:46:28,MTP,MZ
2022-05-10 16:46:28,DB,IG
2022-05-10 16:46:28,IG,MGB
2022-05-10 16:46:28,MCM,PL
2022-05-10 16:46:28,MZ,PL
2022-05-10 16:46:28,DB,MCM
2022-05-10 16:46:28,DB,MGB
2022-05-10 16:46:28,MGB,MTP
2022-05-10 16:46:28,MWB,PL
2022-05-10 16:46:28,DB,PL
2022-05-10 16:46:28,MCM,MGB
2022-05-10 16:46:28,LL,MWB
2022-05-10 16:46:28,IG,MZ
2022-05-10 16:46:28,LL,MCM
2022-05-10 16:46:28,IG,MCM
2022-05-10 16:46:28,MCM,MWB
2022-05-10 16:46:28,MCM,MTP
2022-05-10 16:46:28,IG,MWB
2022-05-10 16:46:28,MGB,PL
2022-05-10 16:46:28,LL,MGB
2022-05-10 16:46:28,LL,PL
2022-05-10 16:46:28,MWB,MZ
2022-05-10 16:46:28,LL,MTP
2022-05-10 16:46:28,MTP,PL
2022-05-10 16:46:28,IG,PL
2022-05-10 16:46:28,DB,MWB
2022-05-10 16:46:29,MGB,MTP
2022-05-10 16:46:29,LL,MGB
2022-05-10 16:46:29,MCM,MWB
2022-05-10 16:46:29,MWB,PL
2022-05-10 16:46:29,IG,PL
2022-05-10 16:46:29,MGB,MZ
2022-05-10 16:46:29,IG,MTP
2022-05-10 16:46:29,IG,MGB
2022-05-10 16:46:29,DB,MTP
2022-05-10 16:46:29,DB,MWB
2022-05-10 16:46:29,MCM,PL
2022-05-10 16:46:29,IG,MCM
2022-05-10 16:46:29,IG,MWB
2022-05-10 16:46:29,LL,MWB
2022-05-10 16:46:29,MWB,MZ
2022-05-10 16:46:29,LL,MZ
2022-05-10 16:46:29,DB,MCM
2022-05-10 16:46:29,MCM,MTP
2022-05-10 16:46:29,IG,LL
2022-05-10 16:46:29,IG,MZ
2022-05-10 16:46:29,LL,MCM
2022-05-10 16:46:29,MGB,PL
2022-05-10 16:46:29,LL,PL
2022-05-10 16:46:29,LL,MTP
2022-05-10 16:46:29,MTP,PL
2022-05-10 16:46:29,MGB,MWB
2022-05-10 16:46:29,DB,MZ
2022-05-10 16:46:29,DB,LL
2022-05-10 16:46:29,MCM,MZ
2022-05-10 16:46:29,MTP,MWB
2022-05-10 16:46:29,DB,MGB
2022-05-10 16:46:29,DB,PL
2022-05-10 16:46:29,MTP,MZ
2022-05-10 16:46:29,MZ,PL
2022-05-10 16:46:29,DB,IG
2022-05-10 16:46:29,MCM,MGB
2022-05-10 16:46:30,LL,MZ
2022-05-10 16:46:30,DB,MCM
2022-05-10 16:46:30,IG,LL
2022-05-10 16:46:30,IG,MGB
2022-05-10 16:46:30,IG,MZ
2022-05-10 16:46:30,MTP,MZ
2022-05-10 16:46:30,LL,MWB
2022-05-10 16:46:30,MWB,PL
2022-05-10 16:46:30,IG,MTP
2022-05-10 16:46:30,LL,MCM
2022-05-10 16:46:30,MTP,MWB
2022-05-10 16:46:30,IG,MCM
2022-05-10 16:46:30,MWB,MZ
2022-05-10 16:46:30,DB,IG
2022-05-10 16:46:30,LL,MTP
2022-05-10 16:46:30,DB,LL
2022-05-10 16:46:30,DB,MZ
2022-05-10 16:46:30,MGB,MZ
2022-05-10 16:46:30,MZ,PL
2022-05-10 16:46:30,DB,PL
2022-05-10 16:46:30,DB,MTP
2022-05-10 16:46:30,MCM,MGB
2022-05-10 16:46:30,MCM,MTP
2022-05-10 16:46:30,MCM,PL
2022-05-10 16:46:30,MGB,MWB
2022-05-10 16:46:30,MTP,PL
2022-05-10 16:46:30,MCM,MWB
2022-05-10 16:46:30,MGB,MTP
2022-05-10 16:46:30,IG,PL
2022-05-10 16:46:30,LL,MGB
2022-05-10 16:46:30,DB,MWB
2022-05-10 16:46:30,MGB,PL
2022-05-10 16:46:30,DB,MGB
2022-05-10 16:46:30,MCM,MZ
2022-05-10 16:46:30,IG,MWB
2022-05-10 16:46:30,LL,PL
2022-05-10 16:46:31,DB,PL
2022-05-10 16:46:31,MZ,PL
2022-05-10 16:46:31,DB,MZ
2022-05-10 16:46:31,IG,LL
2022-05-10 16:46:31,DB,IG
2022-05-10 16:46:31,MCM,MZ
2022-05-10 16:46:31,DB,LL
2022-05-10 16:46:31,LL,MTP
2022-05-10 16:46:31,MTP,PL
2022-05-10 16:46:31,MTP,MZ
2022-05-10 16:46:31,MGB,PL
2022-05-10 16:46:31,LL,PL
2022-05-10 16:46:31,IG,MZ
2022-05-10 16:46:31,LL,MCM
2022-05-10 16:46:31,DB,MWB
2022-05-10 16:46:31,MCM,MGB
2022-05-10 16:46:31,MCM,MTP
2022-05-10 16:46:31,DB,MCM
2022-05-10 16:46:31,IG,MGB
2022-05-10 16:46:31,LL,MGB
2022-05-10 16:46:31,LL,MWB
2022-05-10 16:46:31,DB,MGB
2022-05-10 16:46:31,IG,MTP
2022-05-10 16:46:31,MWB,PL
2022-05-10 16:46:31,MTP,MWB
2022-05-10 16:46:31,IG,MWB
2022-05-10 16:46:31,MGB,MTP
2022-05-10 16:46:31,MCM,MWB
2022-05-10 16:46:31,IG,MCM
2022-05-10 16:46:31,MWB,MZ
2022-05-10 16:46:31,DB,MTP
2022-05-10 16:46:31,MCM,PL
2022-05-10 16:46:31,MGB,MWB
2022-05-10 16:46:31,LL,MZ
2022-05-10 16:46:31,IG,PL
2022-05-10 16:46:31,MGB,MZ
2022-05-10 16:46:32,MCM,PL
2022-05-10 16:46:32,LL,PL
2022-05-10 16:46:32,IG,PL
2022-05-10 16:46:32,IG,MZ
2022-05-10 16:46:32,MCM,MZ
2022-05-10 16:46:32,DB,PL
2022-05-10 16:46:32,IG,MCM
2022-05-10 16:46:32,DB,MCM
2022-05-10 16:46:32,DB,IG
2022-05-10 16:46:32,MCM,MTP
2022-05-10 16:46:32,LL,MGB
2022-05-10 16:46:32,MWB,PL
2022-05-10 16:46:32,DB,MTP
2022-05-10 16:46:32,IG,MTP
2022-05-10 16:46:32,LL,MZ
2022-05-10 16:46:32,MZ,PL
2022-05-10 16:46:32,MGB,MWB
2022-05-10 16:46:32,IG,LL
2022-05-10 16:46:32,MGB,MZ
2022-05-10 16:46:32,DB,LL
2022-05-10 16:46:32,LL,MTP
2022-05-10 16:46:32,MCM,MWB
2022-05-10 16:46:32,MTP,PL
2022-05-10 16:46:32,IG,MGB
2022-05-10 16:46:32,MGB,MTP
2022-05-10 16:46:32,MTP,MWB
2022-05-10 16:46:32,DB,MGB
2022-05-10 16:46:32,LL,MCM
2022-05-10 16:46:32,DB,MWB
2022-05-10 16:46:32,DB,MZ
2022-05-10 16:46:32,MGB,PL
2022-05-10 16:46:32,MWB,MZ
2022-05-10 16:46:32,MCM,MGB
2022-05-10 16:46:32,IG,MWB
2022-05-10 16:46:32,MTP,MZ
2022-05-10 16:46:32,LL,MWB
2022-05-10 16:46:33,MCM,MZ
2022-05-10 16:46:33,DB,IG
2022-05-10 16:46:33,MTP,PL
2022-05-10 16:46:33,DB,MGB
2022-05-10 16:46:33,MTP,MWB
2022-05-10 16:46:33,MGB,MTP
2022-05-10 16:46:33,LL,MTP
2022-05-10 16:46:33,LL,MWB
2022-05-10 16:46:33,MCM,MWB
2022-05-10 16:46:33,DB,LL
2022-05-10 16:46:33,MCM,MGB
2022-05-10 16:46:33,DB,MZ
2022-05-10 16:46:33,LL,MZ
2022-05-10 16:46:33,MGB,MZ
2022-05-10 16:46:33,DB,MCM
2022-05-10 16:46:33,LL,PL
2022-05-10 16:46:33,MGB,MWB
2022-05-10 16:46:33,IG,MZ
2022-05-10 16:46:33,MWB,PL
2022-05-10 16:46:33,DB,MWB
2022-05-10 16:46:33,MWB,MZ
2022-05-10 16:46:33,IG,PL
2022-05-10 16:46:33,DB,PL
2022-05-10 16:46:33,MCM,PL
2022-05-10 16:46:33,LL,MGB
2022-05-10 16:46:33,MTP,MZ
2022-05-10 16:46:33,DB,MTP
2022-05-10 16:46:33,IG,MTP
2022-05-10 16:46:33,MCM,MTP
2022-05-10 16:46:33,IG,MGB
2022-05-10 16:46:33,MZ,PL
2022-05-10 16:46:33,IG,MCM
2022-05-10 16:46:33,IG,MWB
2022-05-10 16:46:33,MGB,PL
2022-05-10 16:46:33,LL,MCM
2022-05-10 16:46:33,IG,LL
2022-05-10 16:46:34,MWB,MZ
2022-05-10 16:46:34,DB,PL
2022-05-10 16:46:34,MGB,MWB
2022-05-10 16:46:34,IG,MZ
2022-05-10 16:46:34,LL,PL
2022-05-10 16:46:34,DB,LL
2022-05-10 16:46:34,IG,MTP
2022-05-10 16:46:34,MGB,PL
2022-05-10 16:46:34,LL,MZ
2022-05-10 16:46:34,MGB,MTP
2022-05-10 16:46:34,DB,MTP
2022-05-10 16:46:34,LL,MWB
2022-05-10 16:46:34,DB,MWB
2022-05-10 16:46:34,MWB,PL
2022-05-10 16:46:34,MCM,MTP
2022-05-10 16:46:34,MGB,MZ
2022-05-10 16:46:34,MZ,PL
2022-05-10 16:46:34,MTP,MZ
2022-05-10 16:46:34,IG,PL
2022-05-10 16:46:34,DB,MZ
2022-05-10 16:46:34,MCM,PL
2022-05-10 16:46:34,IG,MGB
2022-05-10 16:46:34,LL,MCM
2022-05-10 16:46:34,IG,MCM
2022-05-10 16:46:34,MCM,MGB
2022-05-10 16:46:34,IG,MWB
2022-05-10 16:46:34,MTP,PL
2022-05-10 16:46:34,MCM,MZ
2022-05-10 16:46:34,LL,MTP
2022-05-10 16:46:34,MCM,MWB
2022-05-10 16:46:34,DB,IG
2022-05-10 16:46:34,MTP,MWB
2022-05-10 16:46:34,DB,MGB
2022-05-10 16:46:34,LL,MGB
2022-05-10 16:46:34,IG,LL
2022-05-10 16:46:34,DB,MCM
2022-05-10 16:46:35,MZ,PL
2022-05-10 16:46:35,IG,LL
2022-05-10 16:46:35,MCM,MGB
2022-05-10 16:46:35,MGB,MTP
2022-05-10 16:46:35,IG,MGB
2022-05-10 16:46:35,DB,MTP
2022-05-10 16:46:35,MWB,PL
2022-05-10 16:46:35,MGB,PL
2022-05-10 16:46:35,DB,MWB
2022-05-10 16:46:35,DB,MCM
2022-05-10 16:46:35,DB,LL
2022-05-10 16:46:35,MTP,PL
2022-05-10 16:46:35,LL,MTP
2022-05-10 16:46:35,LL,MGB
2022-05-10 16:46:35,LL,MWB
2022-05-10 16:46:35,DB,PL
2022-05-10 16:46:35,DB,MZ
2022-05-10 16:46:35,MCM,PL
2022-05-10 16:46:35,LL,MCM
2022-05-10 16:46:35,IG,MCM
2022-05-10 16:46:35,IG,PL
2022-05-10 16:46:35,DB,IG
2022-05-10 16:46:35,IG,MWB
2022-05-10 16:46:35,MCM,MWB
2022-05-10 16:46:35,MGB,MZ
2022-05-10 16:46:35,DB,MGB
2022-05-10 16:46:35,MCM,MZ
2022-05-10 16:46:35,MGB,MWB
2022-05-10 16:46:35,LL,PL
2022-05-10 16:46:35,MTP,MZ
2022-05-10 16:46:35,IG,MZ
2022-05-10 16:46:35,MWB,MZ
2022-05-10 16:46:35,MTP,MWB
2022-05-10 16:46:35,LL,MZ
2022-05-10 16:46:35,MCM,MTP
2022-05-10 16:46:35,IG,MTP
2022-05-10 16:46:36,DB,MWB
2022-05-10 16:46:36,DB,MZ
2022-05-10 16:46:36,DB,IG
2022-05-10 16:46:36,MTP,PL
2022-05-10 16:46:36,IG,PL
2022-05-10 16:46:36,MTP,MWB
2022-05-10 16:46:36,DB,MTP
2022-05-10 16:46:36,IG,MCM
2022-05-10 16:46:36,IG,MGB
2022-05-10 16:46:36,MWB,PL
2022-05-10 16:46:36,MCM,PL
2022-05-10 16:46:36,LL,MCM
2022-05-10 16:46:36,LL,MGB
2022-05-10 16:46:36,LL,MWB
2022-05-10 16:46:36,MCM,MTP
2022-05-10 16:46:36,MGB,MTP
2022-05-10 16:46:36,IG,MWB
2022-05-10 16:46:36,IG,MTP
2022-05-10 16:46:36,DB,LL
2022-05-10 16:46:36,MGB,PL
2022-05-10 16:46:36,LL,PL
2022-05-10 16:46:36,MWB,MZ
2022-05-10 16:46:36,IG,LL
2022-05-10 16:46:36,MGB,MWB
2022-05-10 16:46:36,MZ,PL
2022-05-10 16:46:36,LL,MZ
2022-05-10 16:46:36,MCM,MZ
2022-05-10 16:46:36,DB,PL
2022-05-10 16:46:36,MGB,MZ
2022-05-10 16:46:36,IG,MZ
2022-05-10 16:46:36,DB,MCM
2022-05-10 16:46:36,MTP,MZ
2022-05-10 16:46:36,MCM,MWB
2022-05-10 16:46:36,LL,MTP
2022-05-10 16:46:36,MCM,MGB
2022-05-10 16:46:36,DB,MGB
2022-05-10 16:46:37,MTP,MZ
2022-05-10 16:46:37,LL,MGB
2022-05-10 16:46:37,MTP,PL
2022-05-10 16:46:37,MCM,PL
2022-05-10 16:46:37,IG,MCM
2022-05-10 16:46:37,IG,PL
2022-05-10 16:46:37,IG,MWB
2022-05-10 16:46:37,MCM,MWB
2022-05-10 16:46:37,MGB,MZ
2022-05-10 16:46:37,DB,MGB
2022-05-10 16:46:37,MGB,MWB
2022-05-10 16:46:37,LL,MZ
2022-05-10 16:46:37,IG,MTP
2022-05-10 16:46:37,MWB,MZ
2022-05-10 16:46:37,MGB,MTP
2022-05-10 16:46:37,DB,MWB
2022-05-10 16:46:37,MGB,PL
2022-05-10 16:46:37,DB,LL
2022-05-10 16:46:37,IG,LL
2022-05-10 16:46:37,LL,MTP
2022-05-10 16:46:37,IG,MGB
2022-05-10 16:46:37,LL,MCM
2022-05-10 16:46:37,MTP,MWB
2022-05-10 16:46:37,MCM,MTP
2022-05-10 16:46:37,MWB,PL
2022-05-10 16:46:37,MCM,MZ
2022-05-10 16:46:37,IG,MZ
2022-05-10 16:46:37,LL,PL
2022-05-10 16:46:37,DB,MTP
2022-05-10 16:46:37,MCM,MGB
2022-05-10 16:46:37,LL,MWB
2022-05-10 16:46:37,DB,MCM
2022-05-10 16:46:37,DB,IG
2022-05-10 16:46:37,DB,PL
2022-05-10 16:46:37,MZ,PL
2022-05-10 16:46:37,DB,MZ
2022-05-10 16:46:38,MGB,MZ
2022-05-10 16:46:38,IG,MCM
2022-05-10 16:46:38,MGB,MWB
2022-05-10 16:46:38,LL,MGB
2022-05-10 16:46:38,IG,MZ
2022-05-10 16:46:38,IG,MTP
2022-05-10 16:46:38,LL,MWB
2022-05-10 16:46:38,IG,PL
2022-05-10 16:46:38,MCM,PL
2022-05-10 16:46:38,LL,PL
2022-05-10 16:46:38,LL,MTP
2022-05-10 16:46:38,IG,MWB
2022-05-10 16:46:38,DB,MZ
2022-05-10 16:46:38,DB,MGB
2022-05-10 16:46:38,MZ,PL
2022-05-10 16:46:38,IG,LL
2022-05-10 16:46:38,MCM,MWB
2022-05-10 16:46:38,MCM,MGB
2022-05-10 16:46:38,DB,MTP
2022-05-10 16:46:38,MTP,PL
2022-05-10 16:46:38,DB,PL
2022-05-10 16:46:38,MTP,MWB
2022-05-10 16:46:38,MWB,MZ
2022-05-10 16:46:38,LL,MZ
2022-05-10 16:46:38,DB,MCM
2022-05-10 16:46:38,DB,MWB
2022-05-10 16:46:38,MTP,MZ
2022-05-10 16:46:38,MCM,MZ
2022-05-10 16:46:38,MCM,MTP
2022-05-10 16:46:38,DB,LL
2022-05-10 16:46:38,LL,MCM
2022-05-10 16:46:38,MGB,MTP
2022-05-10 16:46:38,DB,IG
2022-05-10 16:46:38,IG,MGB
2022-05-10 16:46:38,MWB,PL
2022-05-10 16:46:38,MGB,PL
2022-05-10 16:46:39,MGB,MTP
2022-05-10 16:46:39,DB,MZ
2022-05-10 16:46:39,LL,PL
2022-05-10 16:46:39,MTP,MWB
2022-05-10 16:46:39,MCM,MWB
2022-05-10 16:46:39,LL,MZ
2022-05-10 16:46:39,MGB,PL
2022-05-10 16:46:39,DB,LL
2022-05-10 16:46:39,MCM,MZ
2022-05-10 16:46:39,IG,PL
2022-05-10 16:46:39,MCM,PL
2022-05-10 16:46:39,MCM,MGB
2022-05-10 16:46:39,DB,PL
2022-05-10 16:46:39,DB,MWB
2022-05-10 16:46:39,IG,MTP
2022-05-10 16:46:39,IG,MGB
2022-05-10 16:46:39,MTP,MZ
2022-05-10 16:46:39,MCM,MTP
2022-05-10 16:46:39,IG,MWB
2022-05-10 16:46:39,DB,MCM
2022-05-10 16:46:39,MGB,MWB
2022-05-10 16:46:39,IG,MCM
2022-05-10 16:46:39,IG,MZ
2022-05-10 16:46:39,MTP,PL
2022-05-10 16:46:39,LL,MCM
2022-05-10 16:46:39,DB,MTP
2022-05-10 16:46:39,LL,MGB
2022-05-10 16:46:39,MZ,PL
2022-05-10 16:46:39,LL,MTP
2022-05-10 16:46:39,LL,MWB
2022-05-10 16:46:39,DB,MGB
2022-05-10 16:46:39,MWB,MZ
2022-05-10 16:46:39,IG,LL
2022-05-10 16:46:39,MWB,PL
2022-05-10 16:46:39,MGB,MZ
2022-05-10 16:46:39,DB,IG
2022-05-10 16:46:40,MWB,PL
2022-05-10 16:46:40,MGB,MWB
2022-05-10 16:46:40,IG,MWB
2022-05-10 16:46:40,LL,MGB
2022-05-10 16:46:40,IG,MCM
2022-05-10 16:46:40,IG,MZ
2022-05-10 16:46:40,DB,PL
2022-05-10 16:46:40,MCM,MWB
2022-05-10 16:46:40,MTP,MWB
2022-05-10 16:46:40,LL,MWB
2022-05-10 16:46:40,MGB,MTP
2022-05-10 16:46:40,MTP,PL
2022-05-10 16:46:40,DB,MTP
2022-05-10 16:46:40,MGB,PL
2022-05-10 16:46:40,DB,MZ
2022-05-10 16:46:40,MGB,MZ
2022-05-10 16:46:40,LL,MZ
2022-05-10 16:46:40,IG,PL
2022-05-10 16:46:40,LL,MCM
2022-05-10 16:46:40,MCM,PL
2022-05-10 16:46:40,DB,IG
2022-05-10 16:46:40,MTP,MZ
2022-05-10 16:46:40,LL,MTP
2022-05-10 16:46:40,IG,LL
2022-05-10 16:46:40,IG,MGB
2022-05-10 16:46:40,DB,MCM
2022-05-10 16:46:40,IG,MTP
2022-05-10 16:46:40,MWB,MZ
2022-05-10 16:46:40,DB,MWB
2022-05-10 16:46:40,LL,PL
2022-05-10 16:46:40,DB,LL
2022-05-10 16:46:40,MCM,MGB
2022-05-10 16:46:40,MCM,MZ
2022-05-10 16:46:40,MZ,PL
2022-05-10 16:46:40,DB,MGB
2022-05-10 16:46:40,MCM,MTP
2022-05-10 16:46:41,IG,PL
2022-05-10 16:46:41,IG,MTP
2022-05-10 16:46:41,IG,MZ
2022-05-10 16:46:41,LL,MZ
2022-05-10 16:46:41,MTP,MZ
2022-05-10 16:46:41,DB,IG
2022-05-10 16:46:41,MWB,PL
2022-05-10 16:46:41,DB,MGB
2022-05-10 16:46:41,MCM,MWB
2022-05-10 16:46:41,MCM,MGB
2022-05-10 16:46:41,LL,PL
2022-05-10 16:46:41,IG,MWB
2022-05-10 16:46:41,MGB,MZ
2022-05-10 16:46:41,IG,MCM
2022-05-10 16:46:41,IG,LL
2022-05-10 16:46:41,LL,MTP
2022-05-10 16:46:41,MTP,MWB
2022-05-10 16:46:41,LL,MCM
2022-05-10 16:46:41,MWB,MZ
2022-05-10 16:46:41,MCM,PL
2022-05-10 16:46:41,DB,MWB
2022-05-10 16:46:41,DB,MZ
2022-05-10 16:46:41,DB,LL
2022-05-10 16:46:41,MCM,MZ
2022-05-10 16:46:41,DB,PL
2022-05-10 16:46:41,MTP,PL
2022-05-10 16:46:41,MZ,PL
2022-05-10 16:46:41,DB,MTP
2022-05-10 16:46:41,LL,MGB
2022-05-10 16:46:41,DB,MCM
2022-05-10 16:46:41,MGB,MTP
2022-05-10 16:46:41,MCM,MTP
2022-05-10 16:46:41,MGB,PL
2022-05-10 16:46:41,MGB,MWB
2022-05-10 16:46:41,IG,MGB
2022-05-10 16:46:41,LL,MWB
2022-05-10 16:46:42,MCM,MTP
2022-05-10 16:46:42,DB,MTP
2022-05-10 16:46:42,DB,MZ
2022-05-10 16:46:42,MGB,MZ
2022-05-10 16:46:42,LL,MCM
2022-05-10 16:46:42,MCM,PL
2022-05-10 16:46:42,DB,IG
2022-05-10 16:46:42,MTP,MZ
2022-05-10 16:46:42,DB,MCM
2022-05-10 16:46:42,IG,MTP
2022-05-10 16:46:42,LL,MTP
2022-05-10 16:46:42,IG,MWB
2022-05-10 16:46:42,MTP,PL
2022-05-10 16:46:42,MTP,MWB
2022-05-10 16:46:42,MCM,MWB
2022-05-10 16:46:42,MWB,PL
2022-05-10 16:46:42,MGB,MTP
2022-05-10 16:46:42,IG,MZ
2022-05-10 16:46:42,LL,MGB
2022-05-10 16:46:42,MGB,MWB
2022-05-10 16:46:42,MGB,PL
2022-05-10 16:46:42,LL,MWB
2022-05-10 16:46:42,DB,MGB
2022-05-10 16:46:42,LL,MZ
2022-05-10 16:46:42,MZ,PL
2022-05-10 16:46:42,IG,PL
2022-05-10 16:46:42,LL,PL
2022-05-10 16:46:42,DB,PL
2022-05-10 16:46:42,DB,LL
2022-05-10 16:46:42,MCM,MZ
2022-05-10 16:46:42,DB,MWB
2022-05-10 16:46:42,MWB,MZ
2022-05-10 16:46:42,MCM,MGB
2022-05-10 16:46:42,IG,LL
2022-05-10 16:46:42,IG,MGB
2022-05-10 16:46:42,IG,MCM
2022-05-10 16:46:43,MCM,MWB
2022-05-10 16:46:43,MZ,PL
2022-05-10 16:46:43,DB,MWB
2022-05-10 16:46:43,LL,MTP
2022-05-10 16:46:43,MGB,MWB
2022-05-10 16:46:43,MTP,MZ
2022-05-10 16:46:43,MCM,PL
2022-05-10 16:46:43,MCM,MZ
2022-05-10 16:46:43,MCM,MTP
2022-05-10 16:46:43,MTP,PL
2022-05-10 16:46:43,DB,MTP
2022-05-10 16:46:43,MWB,MZ
2022-05-10 16:46:43,LL,MCM
2022-05-10 16:46:43,IG,MGB
2022-05-10 16:46:43,IG,LL
2022-05-10 16:46:43,IG,MCM
2022-05-10 16:46:43,MGB,PL
2022-05-10 16:46:43,DB,LL
2022-05-10 16:46:43,DB,PL
2022-05-10 16:46:43,LL,PL
2022-05-10 16:46:43,IG,MTP
2022-05-10 16:46:43,DB,MZ
2022-05-10 16:46:43,LL,MWB
2022-05-10 16:46:43,MGB,MZ
2022-05-10 16:46:43,MGB,MTP
2022-05-10 16:46:43,IG,MWB
2022-05-10 16:46:43,DB,IG
2022-05-10 16:46:43,MCM,MGB
2022-05-10 16:46:43,LL,MZ
2022-05-10 16:46:43,DB,MGB
2022-05-10 16:46:43,IG,MZ
2022-05-10 16:46:43,MWB,PL
2022-05-10 16:46:43,LL,MGB
2022-05-10 16:46:43,MTP,MWB
2022-05-10 16:46:43,DB,MCM
2022-05-10 16:46:43,IG,PL
2022-05-10 16:46:44,MGB,PL
2022-05-10 16:46:44,IG,MCM
2022-05-10 16:46:44,DB,IG
2022-05-10 16:46:44,MWB,PL
2022-05-10 16:46:44,MGB,MTP
2022-05-10 16:46:44,DB,MCM
2022-05-10 16:46:44,DB,MWB
2022-05-10 16:46:44,DB,MZ
2022-05-10 16:46:44,IG,PL
2022-05-10 16:46:44,LL,PL
2022-05-10 16:46:44,DB,LL
2022-05-10 16:46:44,DB,PL
2022-05-10 16:46:44,LL,MCM
2022-05-10 16:46:44,DB,MGB
2022-05-10 16:46:44,IG,LL
2022-05-10 16:46:44,LL,MTP
2022-05-10 16:46:44,MWB,MZ
2022-05-10 16:46:44,DB,MTP
2022-05-10 16:46:44,MTP,PL
2022-05-10 16:46:44,MCM,MTP
2022-05-10 16:46:44,MCM,MZ
2022-05-10 16:46:44,IG,MGB
2022-05-10 16:46:44,LL,MWB
2022-05-10 16:46:44,IG,MZ
2022-05-10 16:46:44,MGB,MWB
2022-05-10 16:46:44,MTP,MWB
2022-05-10 16:46:44,MZ,PL
2022-05-10 16:46:44,LL,MGB
2022-05-10 16:46:44,MCM,MWB
2022-05-10 16:46:44,MCM,PL
2022-05-10 16:46:44,IG,MTP
2022-05-10 16:46:44,LL,MZ
2022-05-10 16:46:44,MTP,MZ
2022-05-10 16:46:44,MGB,MZ
2022-05-10 16:46:44,MCM,MGB
2022-05-10 16:46:44,IG,MWB
2022-05-10 16:46:45,IG,MTP
2022-05-10 16:46:45,DB,MTP
2022-05-10 16:46:45,IG,LL
2022-05-10 16:46:45,LL,MCM
2022-05-10 16:46:45,MGB,PL
2022-05-10 16:46:45,DB,PL
2022-05-10 16:46:45,MWB,MZ
2022-05-10 16:46:45,LL,MGB
2022-05-10 16:46:45,MWB,PL
2022-05-10 16:46:45,DB,MZ
2022-05-10 16:46:45,MGB,MTP
2022-05-10 16:46:45,MCM,PL
2022-05-10 16:46:45,DB,MCM
2022-05-10 16:46:45,LL,MZ
2022-05-10 16:46:45,IG,MWB
2022-05-10 16:46:45,MGB,MZ
2022-05-10 16:46:45,MTP,MWB
2022-05-10 16:46:45,MGB,MWB
2022-05-10 16:46:45,DB,MGB
2022-05-10 16:46:45,DB,LL
2022-05-10 16:46:45,MCM,MZ
2022-05-10 16:46:45,IG,MGB
2022-05-10 16:46:45,LL,MTP
2022-05-10 16:46:45,MTP,PL
2022-05-10 16:46:45,MCM,MTP
2022-05-10 16:46:45,LL,MWB
2022-05-10 16:46:45,LL,PL
2022-05-10 16:46:45,DB,IG
2022-05-10 16:46:45,MZ,PL
2022-05-10 16:46:45,IG,MZ
2022-05-10 16:46:45,DB,MWB
2022-05-10 16:46:45,MCM,MWB
2022-05-10 16:46:45,MCM,MGB
2022-05-10 16:46:45,MTP,MZ
2022-05-10 16:46:45,IG,PL
2022-05-10 16:46:45,IG,MCM
2022-05-10 16:46:46,DB,MWB
2022-05-10 16:46:46,MTP,MWB
2022-05-10 16:46:46,LL,MTP
2022-05-10 16:46:46,IG,MGB
2022-05-10 16:46:46,MGB,MWB
2022-05-10 16:46:46,DB,MTP
2022-05-10 16:46:46,DB,MGB
2022-05-10 16:46:46,DB,MZ
2022-05-10 16:46:46,MCM,MTP
2022-05-10 16:46:46,MGB,MTP
2022-05-10 16:46:46,MCM,MZ
2022-05-10 16:46:46,MWB,MZ
2022-05-10 16:46:46,DB,LL
2022-05-10 16:46:46,IG,MCM
2022-05-10 16:46:46,MTP,MZ
2022-05-10 16:46:46,IG,LL
2022-05-10 16:46:46,DB,MCM
2022-05-10 16:46:46,MCM,MGB
2022-05-10 16:46:46,LL,MWB
2022-05-10 16:46:46,LL,MGB
2022-05-10 16:46:46,MWB,PL
2022-05-10 16:46:46,DB,IG
2022-05-10 16:46:46,IG,MZ
2022-05-10 16:46:46,LL,MCM
2022-05-10 16:46:46,MZ,PL
2022-05-10 16:46:46,IG,MTP
2022-05-10 16:46:46,MCM,MWB
2022-05-10 16:46:46,DB,PL
2022-05-10 16:46:46,LL,PL
2022-05-10 16:46:46,LL,MZ
2022-05-10 16:46:46,MTP,PL
2022-05-10 16:46:46,MGB,PL
2022-05-10 16:46:46,IG,PL
2022-05-10 16:46:46,IG,MWB
2022-05-10 16:46:46,MCM,PL
2022-05-10 16:46:46,MGB,MZ
2022-05-10 16:46:47,MCM,MWB
2022-05-10 16:46:47,MGB,PL
2022-05-10 16:46:47,MGB,MTP
2022-05-10 16:46:47,MWB,MZ
2022-05-10 16:46:47,IG,MTP
2022-05-10 16:46:47,DB,LL
2022-05-10 16:46:47,MCM,PL
2022-05-10 16:46:47,MTP,MWB
2022-05-10 16:46:47,DB,MCM
2022-05-10 16:46:47,MTP,PL
2022-05-10 16:46:47,IG,LL
2022-05-10 16:46:47,IG,MZ
2022-05-10 16:46:47,LL,MGB
2022-05-10 16:46:47,MTP,MZ
2022-05-10 16:46:47,MCM,MGB
2022-05-10 16:46:47,MCM,MZ
2022-05-10 16:46:47,MGB,MZ
2022-05-10 16:46:47,MZ,PL
2022-05-10 16:46:47,IG,MCM
2022-05-10 16:46:47,LL,MWB
2022-05-10 16:46:47,LL,PL
2022-05-10 16:46:47,LL,MZ
2022-05-10 16:46:47,LL,MTP
2022-05-10 16:46:47,DB,MTP
2022-05-10 16:46:47,MGB,MWB
2022-05-10 16:46:47,IG,PL
2022-05-10 16:46:47,MWB,PL
2022-05-10 16:46:47,LL,MCM
2022-05-10 16:46:47,DB,PL
2022-05-10 16:46:47,DB,MWB
2022-05-10 16:46:47,DB,MZ
2022-05-10 16:46:47,IG,MWB
2022-05-10 16:46:47,MCM,MTP
2022-05-10 16:46:47,DB,MGB
2022-05-10 16:46:47,IG,MGB
2022-05-10 16:46:47,DB,IG
2022-05-10 16:46:48,DB,PL
2022-05-10 16:46:48,DB,MCM
2022-05-10 16:46:48,MWB,PL
2022-05-10 16:46:48,MGB,MTP
2022-05-10 16:46:48,LL,MCM
2022-05-10 16:46:48,MCM,MTP
2022-05-10 16:46:48,DB,MTP
2022-05-10 16:46:48,LL,MWB
2022-05-10 16:46:48,IG,MCM
2022-05-10 16:46:48,DB,IG
2022-05-10 16:46:48,LL,PL
2022-05-10 16:46:48,DB,MWB
2022-05-10 16:46:48,MTP,MZ
2022-05-10 16:46:48,IG,MZ
2022-05-10 16:46:48,MTP,PL
2022-05-10 16:46:48,MZ,PL
2022-05-10 16:46:48,MCM,PL
2022-05-10 16:46:48,MGB,MWB
2022-05-10 16:46:48,MTP,MWB
2022-05-10 16:46:48,IG,MWB
2022-05-10 16:46:48,MGB,MZ
2022-05-10 16:46:48,LL,MGB
2022-05-10 16:46:48,DB,MZ
2022-05-10 16:46:48,IG,MGB
2022-05-10 16:46:48,MCM,MZ
2022-05-10 16:46:48,MWB,MZ
2022-05-10 16:46:48,LL,MZ
2022-05-10 16:46:48,IG,PL
2022-05-10 16:46:48,IG,LL
2022-05-10 16:46:48,DB,LL
2022-05-10 16:46:48,IG,MTP
2022-05-10 16:46:48,MCM,MGB
2022-05-10 16:46:48,DB,MGB
2022-05-10 16:46:48,LL,MTP
2022-05-10 16:46:48,MCM,MWB
2022-05-10 16:46:48,MGB,PL
2022-05-10 16:46:49,MTP,MZ
2022-05-10 16:46:49,LL,MWB
2022-05-10 16:46:49,MTP,MWB
2022-05-10 16:46:49,IG,PL
2022-05-10 16:46:49,MCM,PL
2022-05-10 16:46:49,MGB,MZ
2022-05-10 16:46:49,IG,MTP
2022-05-10 16:46:49,LL,PL
2022-05-10 16:46:49,IG,MZ
2022-05-10 16:46:49,LL,MZ
2022-05-10 16:46:49,DB,MWB
2022-05-10 16:46:49,DB,IG
2022-05-10 16:46:49,IG,MCM
2022-05-10 16:46:49,MCM,MWB
2022-05-10 16:46:49,LL,MGB
2022-05-10 16:46:49,IG,MWB
2022-05-10 16:46:49,MCM,MGB
2022-05-10 16:46:49,MTP,PL
2022-05-10 16:46:49,DB,LL
2022-05-10 16:46:49,MGB,PL
2022-05-10 16:46:49,IG,LL
2022-05-10 16:46:49,DB,PL
2022-05-10 16:46:49,DB,MTP
2022-05-10 16:46:49,MGB,MTP
2022-05-10 16:46:49,LL,MCM
2022-05-10 16:46:49,MWB,MZ
2022-05-10 16:46:49,LL,MTP
2022-05-10 16:46:49,IG,MGB
2022-05-10 16:46:49,MCM,MTP
2022-05-10 16:46:49,DB,MGB
2022-05-10 16:46:49,MWB,PL
2022-05-10 16:46:49,DB,MZ
2022-05-10 16:46:49,MGB,MWB
2022-05-10 16:46:49,MZ,PL
2022-05-10 16:46:49,MCM,MZ
2022-05-10 16:46:49,DB,MCM
2022-05-10 16:46:50,DB,MWB
2022-05-10 16:46:50,MCM,PL
2022-05-10 16:46:50,MCM,MGB
2022-05-10 16:46:50,IG,MWB
2022-05-10 16:46:50,MCM,MZ
2022-05-10 16:46:50,DB,IG
2022-05-10 16:46:50,MWB,PL
2022-05-10 16:46:50,DB,MZ
2022-05-10 16:46:50,MGB,MTP
2022-05-10 16:46:50,MZ,PL
2022-05-10 16:46:50,MGB,PL
2022-05-10 16:46:50,DB,PL
2022-05-10 16:46:50,LL,MZ
2022-05-10 16:46:50,LL,MTP
2022-05-10 16:46:50,MTP,MWB
2022-05-10 16:46:50,DB,MCM
2022-05-10 16:46:50,MCM,MWB
2022-05-10 16:46:50,IG,MGB
2022-05-10 16:46:50,DB,LL
2022-05-10 16:46:50,MTP,PL
2022-05-10 16:46:50,LL,MCM
2022-05-10 16:46:50,IG,MTP
2022-05-10 16:46:50,DB,MGB
2022-05-10 16:46:50,IG,LL
2022-05-10 16:46:50,MCM,MTP
2022-05-10 16:46:50,IG,PL
2022-05-10 16:46:50,LL,MGB
2022-05-10 16:46:50,MWB,MZ
2022-05-10 16:46:50,LL,MWB
2022-05-10 16:46:50,DB,MTP
2022-05-10 16:46:50,IG,MCM
2022-05-10 16:46:50,LL,PL
2022-05-10 16:46:50,MGB,MWB
2022-05-10 16:46:50,MTP,MZ
2022-05-10 16:46:50,IG,MZ
2022-05-10 16:46:50,MGB,MZ
2022-05-10 16:46:51,MTP,MWB
2022-05-10 16:46:51,DB,MZ
2022-05-10 16:46:51,IG,MZ
2022-05-10 16:46:51,LL,MZ
2022-05-10 16:46:51,MCM,MWB
2022-05-10 16:46:51,MWB,PL
2022-05-10 16:46:51,MCM,MZ
2022-05-10 16:46:51,MCM,PL
2022-05-10 16:46:51,IG,MTP
2022-05-10 16:46:51,IG,PL
2022-05-10 16:46:51,LL,MGB
2022-05-10 16:46:51,IG,MCM
2022-05-10 16:46:51,MGB,PL
2022-05-10 16:46:51,MGB,MZ
2022-05-10 16:46:51,MGB,MWB
2022-05-10 16:46:51,IG,LL
2022-05-10 16:46:51,MGB,MTP
2022-05-10 16:46:51,MTP,MZ
2022-05-10 16:46:51,LL,PL
2022-05-10 16:46:51,DB,MTP
2022-05-10 16:46:51,LL,MWB
2022-05-10 16:46:51,MCM,MTP
2022-05-10 16:46:51,DB,IG
2022-05-10 16:46:51,MTP,PL
2022-05-10 16:46:51,LL,MCM
2022-05-10 16:46:51,IG,MGB
2022-05-10 16:46:51,DB,PL
2022-05-10 16:46:51,DB,MCM
2022-05-10 16:46:51,DB,MWB
2022-05-10 16:46:51,DB,MGB
2022-05-10 16:46:51,MZ,PL
2022-05-10 16:46:51,MCM,MGB
2022-05-10 16:46:51,LL,MTP
2022-05-10 16:46:51,DB,LL
2022-05-10 16:46:51,MWB,MZ
2022-05-10 16:46:51,IG,MWB
2022-05-10 16:46:52,MCM,PL
2022-05-10 16:46:52,MZ,PL
2022-05-10 16:46:52,DB,MWB
2022-05-10 16:46:52,LL,MWB
2022-05-10 16:46:52,MGB,PL
2022-05-10 16:46:52,MTP,MWB
2022-05-10 16:46:52,MWB,MZ
2022-05-10 16:46:52,DB,MGB
2022-05-10 16:46:52,IG,MGB
2022-05-10 16:46:52,IG,MCM
2022-05-10 16:46:52,DB,PL
2022-05-10 16:46:52,IG,LL
2022-05-10 16:46:52,DB,MCM
2022-05-10 16:46:52,MGB,MWB
2022-05-10 16:46:52,MTP,PL
2022-05-10 16:46:52,LL,MCM
2022-05-10 16:46:52,DB,MTP
2022-05-10 16:46:52,MCM,MWB
2022-05-10 16:46:52,MTP,MZ
2022-05-10 16:46:52,DB,IG
2022-05-10 16:46:52,MGB,MTP
2022-05-10 16:46:52,IG,PL
2022-05-10 16:46:52,IG,MWB
2022-05-10 16:46:52,DB,LL
2022-05-10 16:46:52,MCM,MTP
2022-05-10 16:46:52,IG,MZ
2022-05-10 16:46:52,MCM,MZ
2022-05-10 16:46:52,MCM,MGB
2022-05-10 16:46:52,LL,MTP
2022-05-10 16:46:52,LL,PL
2022-05-10 16:46:52,IG,MTP
2022-05-10 16:46:52,LL,MZ
2022-05-10 16:46:52,MGB,MZ
2022-05-10 16:46:52,MWB,PL
2022-05-10 16:46:52,DB,MZ
2022-05-10 16:46:52,LL,MGB
2022-05-10 16:46:53,DB,MWB
2022-05-10 16:46:53,IG,LL
2022-05-10 16:46:53,IG,MCM
2022-05-10 16:46:53,LL,MGB
2022-05-10 16:46:53,MGB,MWB
2022-05-10 16:46:53,DB,LL
2022-05-10 16:46:53,DB,MGB
2022-05-10 16:46:53,LL,MTP
2022-05-10 16:46:53,DB,MCM
2022-05-10 16:46:53,IG,MTP
2022-05-10 16:46:53,MWB,MZ
2022-05-10 16:46:53,IG,MGB
2022-05-10 16:46:53,MGB,PL
2022-05-10 16:46:53,MZ,PL
2022-05-10 16:46:53,DB,IG
2022-05-10 16:46:53,MCM,MZ
2022-05-10 16:46:53,IG,PL
2022-05-10 16:46:53,LL,PL
2022-05-10 16:46:53,MGB,MZ
2022-05-10 16:46:53,LL,MZ
2022-05-10 16:46:53,MCM,PL
2022-05-10 16:46:53,MWB,PL
2022-05-10 16:46:53,MCM,MGB
2022-05-10 16:46:53,MCM,MTP
2022-05-10 16:46:53,DB,MZ
2022-05-10 16:46:53,LL,MWB
2022-05-10 16:46:53,MTP,MWB
2022-05-10 16:46:53,MGB,MTP
2022-05-10 16:46:53,IG,MZ
2022-05-10 16:46:53,IG,MWB
2022-05-10 16:46:53,MCM,MWB
2022-05-10 16:46:53,DB,MTP
2022-05-10 16:46:53,DB,PL
2022-05-10 16:46:53,LL,MCM
2022-05-10 16:46:53,MTP,MZ
2022-05-10 16:46:53,MTP,PL
2022-05-10 16:46:54,MGB,PL
2022-05-10 16:46:54,MZ,PL
2022-05-10 16:46:54,LL,MZ
2022-05-10 16:46:54,IG,MCM
2022-05-10 16:46:54,MGB,MWB
2022-05-10 16:46:54,MTP,MWB
2022-05-10 16:46:54,IG,MGB
2022-05-10 16:46:54,MGB,MZ
2022-05-10 16:46:54,IG,MWB
2022-05-10 16:46:54,IG,PL
2022-05-10 16:46:54,MCM,MWB
2022-05-10 16:46:54,MCM,MGB
2022-05-10 16:46:54,DB,PL
2022-05-10 16:46:54,DB,MTP
2022-05-10 16:46:54,LL,MCM
2022-05-10 16:46:54,LL,MWB
2022-05-10 16:46:54,IG,MZ
2022-05-10 16:46:54,MCM,PL
2022-05-10 16:46:54,DB,IG
2022-05-10 16:46:54,DB,MZ
2022-05-10 16:46:54,DB,MWB
2022-05-10 16:46:54,IG,LL
2022-05-10 16:46:54,MCM,MTP
2022-05-10 16:46:54,MTP,MZ
2022-05-10 16:46:54,DB,MGB
2022-05-10 16:46:54,DB,MCM
2022-05-10 16:46:54,MWB,MZ
2022-05-10 16:46:54,MWB,PL
2022-05-10 16:46:54,LL,PL
2022-05-10 16:46:54,MCM,MZ
2022-05-10 16:46:54,DB,LL
2022-05-10 16:46:54,IG,MTP
2022-05-10 16:46:54,LL,MGB
2022-05-10 16:46:54,LL,MTP
2022-05-10 16:46:54,MTP,PL
2022-05-10 16:46:54,MGB,MTP
2022-05-10 16:46:55,MGB,MZ
2022-05-10 16:46:55,MCM,MTP
2022-05-10 16:46:55,LL,PL
2022-05-10 16:46:55,LL,MTP
2022-05-10 16:46:55,IG,MZ
2022-05-10 16:46:55,MTP,MWB
2022-05-10 16:46:55,MZ,PL
2022-05-10 16:46:55,DB,MWB
2022-05-10 16:46:55,DB,MGB
2022-05-10 16:46:55,IG,MGB
2022-05-10 16:46:55,MGB,MWB
2022-05-10 16:46:55,DB,IG
2022-05-10 16:46:55,MCM,MGB
2022-05-10 16:46:55,DB,LL
2022-05-10 16:46:55,LL,MWB
2022-05-10 16:46:55,DB,MCM
2022-05-10 16:46:55,MTP,MZ
2022-05-10 16:46:55,LL,MGB
2022-05-10 16:46:55,IG,LL
2022-05-10 16:46:55,DB,PL
2022-05-10 16:46:55,IG,MTP
2022-05-10 16:46:55,MTP,PL
2022-05-10 16:46:55,LL,MCM
2022-05-10 16:46:55,DB,MTP
2022-05-10 16:46:55,MWB,MZ
2022-05-10 16:46:55,IG,MWB
2022-05-10 16:46:55,MGB,MTP
2022-05-10 16:46:55,IG,PL
2022-05-10 16:46:55,DB,MZ
2022-05-10 16:46:55,MGB,PL
2022-05-10 16:46:55,MCM,MZ
2022-05-10 16:46:55,MWB,PL
2022-05-10 16:46:55,IG,MCM
2022-05-10 16:46:55,LL,MZ
2022-05-10 16:46:55,MCM,MWB
2022-05-10 16:46:55,MCM,PL
2022-05-10 16:46:56,MCM,MGB
2022-05-10 16:46:56,DB,MCM
2022-05-10 16:46:56,MTP,PL
2022-05-10 16:46:56,DB,LL
2022-05-10 16:46:56,IG,MCM
2022-05-10 16:46:56,IG,LL
2022-05-10 16:46:56,LL,MZ
2022-05-10 16:46:56,DB,MWB
2022-05-10 16:46:56,DB,PL
2022-05-10 16:46:56,LL,MCM
2022-05-10 16:46:56,DB,MTP
2022-05-10 16:46:56,LL,MWB
2022-05-10 16:46:56,MCM,MZ
2022-05-10 16:46:56,MGB,MTP
2022-05-10 16:46:56,DB,MZ
2022-05-10 16:46:56,MCM,MTP
2022-05-10 16:46:56,LL,PL
2022-05-10 16:46:56,MWB,PL
2022-05-10 16:46:56,DB,MGB
2022-05-10 16:46:56,IG,MZ
2022-05-10 16:46:56,MWB,MZ
2022-05-10 16:46:56,LL,MTP
2022-05-10 16:46:56,MCM,MWB
2022-05-10 16:46:56,MGB,MZ
2022-05-10 16:46:56,MZ,PL
2022-05-10 16:46:56,IG,PL
2022-05-10 16:46:56,MTP,MWB
2022-05-10 16:46:56,MTP,MZ
2022-05-10 16:46:56,LL,MGB
2022-05-10 16:46:56,MCM,PL
2022-05-10 16:46:56,IG,MGB
2022-05-10 16:46:56,MGB,PL
2022-05-10 16:46:56,MGB,MWB
2022-05-10 16:46:56,IG,MWB
2022-05-10 16:46:56,IG,MTP
2022-05-10 16:46:56,DB,IG
2022-05-10 16:46:57,MGB,MWB
2022-05-10 16:46:57,IG,MTP
2022-05-10 16:46:57,DB,MTP
2022-05-10 16:46:57,LL,MWB
2022-05-10 16:46:57,MTP,MWB
2022-05-10 16:46:57,IG,MCM
2022-05-10 16:46:57,MGB,MTP
2022-05-10 16:46:57,MZ,PL
2022-05-10 16:46:57,DB,MZ
2022-05-10 16:46:57,MCM,MTP
2022-05-10 16:46:57,MGB,MZ
2022-05-10 16:46:57,LL,PL
2022-05-10 16:46:57,LL,MGB
2022-05-10 16:46:57,LL,MTP
2022-05-10 16:46:57,MCM,MWB
2022-05-10 16:46:57,MWB,PL
2022-05-10 16:46:57,DB,IG
2022-05-10 16:46:57,DB,LL
2022-05-10 16:46:57,MTP,MZ
2022-05-10 16:46:57,IG,MZ
2022-05-10 16:46:57,MTP,PL
2022-05-10 16:46:57,DB,MCM
2022-05-10 16:46:57,MCM,MGB
2022-05-10 16:46:57,IG,LL
2022-05-10 16:46:57,MGB,PL
2022-05-10 16:46:57,DB,MWB
2022-05-10 16:46:57,IG,MGB
2022-05-10 16:46:57,IG,MWB
2022-05-10 16:46:57,LL,MZ
2022-05-10 16:46:57,IG,PL
2022-05-10 16:46:57,DB,PL
2022-05-10 16:46:57,DB,MGB
2022-05-10 16:46:57,MCM,PL
2022-05-10 16:46:57,MWB,MZ
2022-05-10 16:46:57,MCM,MZ
2022-05-10 16:46:57,LL,MCM
2022-05-10 16:46:58,MTP,PL
2022-05-10 16:46:58,DB,IG
2022-05-10 16:46:58,MCM,MGB
2022-05-10 16:46:58,IG,MWB
2022-05-10 16:46:58,MCM,MZ
2022-05-10 16:46:58,MZ,PL
2022-05-10 16:46:58,MTP,MWB
2022-05-10 16:46:58,LL,MWB
2022-05-10 16:46:58,MCM,MTP
2022-05-10 16:46:58,LL,MZ
2022-05-10 16:46:58,IG,PL
2022-05-10 16:46:58,MCM,MWB
2022-05-10 16:46:58,IG,MTP
2022-05-10 16:46:58,MCM,PL
2022-05-10 16:46:58,MGB,PL
2022-05-10 16:46:58,MTP,MZ
2022-05-10 16:46:58,LL,MGB
2022-05-10 16:46:58,IG,MCM
2022-05-10 16:46:58,IG,LL
2022-05-10 16:46:58,DB,PL
2022-05-10 16:46:58,LL,MCM
2022-05-10 16:46:58,DB,MTP
2022-05-10 16:46:58,DB,MZ
2022-05-10 16:46:58,MWB,PL
2022-05-10 16:46:58,MWB,MZ
2022-05-10 16:46:58,MGB,MTP
2022-05-10 16:46:58,MGB,MZ
2022-05-10 16:46:58,IG,MGB
2022-05-10 16:46:58,LL,PL
2022-05-10 16:46:58,IG,MZ
2022-05-10 16:46:58,DB,MGB
2022-05-10 16:46:58,DB,MWB
2022-05-10 16:46:58,DB,LL
2022-05-10 16:46:58,LL,MTP
2022-05-10 16:46:58,DB,MCM
2022-05-10 16:46:58,MGB,MWB
2022-05-10 16:46:59,MGB,MWB
2022-05-10 16:46:59,MTP,MZ
2022-05-10 16:46:59,LL,PL
2022-05-10 16:46:59,MGB,MZ
2022-05-10 16:46:59,DB,MGB
2022-05-10 16:46:59,DB,PL
2022-05-10 16:46:59,IG,LL
2022-05-10 16:46:59,IG,MCM
2022-05-10 16:46:59,MCM,MGB
2022-05-10 16:46:59,LL,MZ
2022-05-10 16:46:59,MTP,PL
2022-05-10 16:46:59,MWB,MZ
2022-05-10 16:46:59,MTP,MWB
2022-05-10 16:46:59,DB,MCM
2022-05-10 16:46:59,MGB,PL
2022-05-10 16:46:59,DB,LL
2022-05-10 16:46:59,MCM,PL
2022-05-10 16:46:59,IG,PL
2022-05-10 16:46:59,MWB,PL
2022-05-10 16:46:59,LL,MWB
2022-05-10 16:46:59,DB,IG
2022-05-10 16:46:59,LL,MCM
2022-05-10 16:46:59,DB,MTP
2022-05-10 16:46:59,IG,MGB
2022-05-10 16:46:59,IG,MTP
2022-05-10 16:46:59,DB,MZ
2022-05-10 16:46:59,MZ,PL
2022-05-10 16:46:59,MCM,MZ
2022-05-10 16:46:59,DB,MWB
2022-05-10 16:46:59,IG,MWB
2022-05-10 16:46:59,IG,MZ
2022-05-10 16:46:59,MCM,MTP
2022-05-10 16:46:59,LL,MGB
2022-05-10 16:46:59,MGB,MTP
2022-05-10 16:46:59,MCM,MWB
2022-05-10 16:46:59,LL,MTP
2022-05-10 16:47:00,IG,PL
2022-05-10 16:47:00,IG,MWB
2022-05-10 16:47:00,LL,MZ
2022-05-10 16:47:00,MCM,MZ
2022-05-10 16:47:00,LL,PL
2022-05-10 16:47:00,MTP,PL
2022-05-10 16:47:00,IG,MCM
2022-05-10 16:47:00,MGB,MZ
2022-05-10 16:47:00,MTP,MZ
2022-05-10 16:47:00,DB,PL
2022-05-10 16:47:00,LL,MCM
2022-05-10 16:47:00,DB,IG
2022-05-10 16:47:00,IG,MGB
2022-05-10 16:47:00,DB,MZ
2022-05-10 16:47:00,MWB,PL
2022-05-10 16:47:00,MTP,MWB
2022-05-10 16:47:00,MGB,MWB
2022-05-10 16:47:00,MWB,MZ
2022-05-10 16:47:00,MCM,MWB
2022-05-10 16:47:00,LL,MGB
2022-05-10 16:47:00,MGB,MTP
2022-05-10 16:47:00,MGB,PL
2022-05-10 16:47:00,MCM,PL
2022-05-10 16:47:00,IG,LL
2022-05-10 16:47:00,DB,MTP
2022-05-10 16:47:00,IG,MTP
2022-05-10 16:47:00,DB,LL
2022-05-10 16:47:00,DB,MWB
2022-05-10 16:47:00,DB,MCM
2022-05-10 16:47:00,MCM,MTP
2022-05-10 16:47:00,DB,MGB
2022-05-10 16:47:00,LL,MWB
2022-05-10 16:47:00,MZ,PL
2022-05-10 16:47:00,MCM,MGB
2022-05-10 16:47:00,LL,MTP
2022-05-10 16:47:00,IG,MZ
2022-05-10 16:47:01,MTP,MZ
2022-05-10 16:47:01,MCM,MWB
2022-05-10 16:47:01,DB,PL
2022-05-10 16:47:01,IG,MCM
2022-05-10 16:47:01,LL,MTP
2022-05-10 16:47:01,LL,MCM
2022-05-10 16:47:01,DB,LL
2022-05-10 16:47:01,IG,LL
2022-05-10 16:47:01,MCM,MGB
2022-05-10 16:47:01,DB,MTP
2022-05-10 16:47:01,IG,MGB
2022-05-10 16:47:01,MGB,MTP
2022-05-10 16:47:01,MCM,MTP
2022-05-10 16:47:01,DB,MZ
2022-05-10 16:47:01,LL,MGB
2022-05-10 16:47:01,MWB,PL
2022-05-10 16:47:01,MTP,MWB
2022-05-10 16:47:01,MZ,PL
2022-05-10 16:47:01,MGB,MWB
2022-05-10 16:47:01,MWB,MZ
2022-05-10 16:47:01,IG,MZ
2022-05-10 16:47:01,DB,MCM
2022-05-10 16:47:01,IG,MTP
2022-05-10 16:47:01,IG,PL
2022-05-10 16:47:01,MCM,MZ
2022-05-10 16:47:01,MGB,PL
2022-05-10 16:47:01,DB,IG
2022-05-10 16:47:01,LL,MWB
2022-05-10 16:47:01,MGB,MZ
2022-05-10 16:47:01,LL,PL
2022-05-10 16:47:01,DB,MWB
2022-05-10 16:47:01,DB,MGB
2022-05-10 16:47:01,MTP,PL
2022-05-10 16:47:01,MCM,PL
2022-05-10 16:47:01,IG,MWB
2022-05-10 16:47:01,LL,MZ
2022-05-10 16:47:02,DB,MZ
2022-05-10 16:47:02,MGB,MZ
2022-05-10 16:47:02,MWB,PL
2022-05-10 16:47:02,MTP,MWB
2022-05-10 16:47:02,MCM,PL
2022-05-10 16:47:02,LL,MWB
2022-05-10 16:47:02,MCM,MZ
2022-05-10 16:47:02,MGB,MWB
2022-05-10 16:47:02,MZ,PL
2022-05-10 16:47:02,DB,IG
2022-05-10 16:47:02,MGB,PL
2022-05-10 16:47:02,IG,MZ
2022-05-10 16:47:02,MWB,MZ
2022-05-10 16:47:02,MCM,MGB
2022-05-10 16:47:02,DB,PL
2022-05-10 16:47:02,LL,MGB
2022-05-10 16:47:02,MCM,MWB
2022-05-10 16:47:02,DB,MTP
2022-05-10 16:47:02,DB,MGB
2022-05-10 16:47:02,MGB,MTP
2022-05-10 16:47:02,LL,PL
2022-05-10 16:47:02,IG,MCM
2022-05-10 16:47:02,IG,PL
2022-05-10 16:47:02,MCM,MTP
2022-05-10 16:47:02,IG,LL
2022-05-10 16:47:02,MTP,MZ
2022-05-10 16:47:02,IG,MWB
2022-05-10 16:47:02,DB,MWB
2022-05-10 16:47:02,DB,LL
2022-05-10 16:47:02,LL,MZ
2022-05-10 16:47:02,DB,MCM
2022-05-10 16:47:02,MTP,PL
2022-05-10 16:47:02,LL,MTP
2022-05-10 16:47:02,IG,MGB
2022-05-10 16:47:02,IG,MTP
2022-05-10 16:47:02,LL,MCM
2022-05-10 16:47:03,MTP,PL
2022-05-10 16:47:03,LL,MGB
2022-05-10 16:47:03,MCM,MTP
2022-05-10 16:47:03,MGB,MTP
2022-05-10 16:47:03,DB,PL
2022-05-10 16:47:03,DB,MCM
2022-05-10 16:47:03,MWB,MZ
2022-05-10 16:47:03,DB,IG
2022-05-10 16:47:03,MGB,MZ
2022-05-10 16:47:03,MCM,MZ
2022-05-10 16:47:03,MCM,MGB
2022-05-10 16:47:03,LL,MTP
2022-05-10 16:47:03,LL,MZ
2022-05-10 16:47:03,IG,MWB
2022-05-10 16:47:03,LL,PL
2022-05-10 16:47:03,IG,MTP
2022-05-10 16:47:03,MCM,MWB
2022-05-10 16:47:03,MTP,MZ
2022-05-10 16:47:03,IG,LL
2022-05-10 16:47:03,LL,MCM
2022-05-10 16:47:03,DB,LL
2022-05-10 16:47:03,DB,MTP
2022-05-10 16:47:03,IG,MZ
2022-05-10 16:47:03,DB,MZ
2022-05-10 16:47:03,MWB,PL
2022-05-10 16:47:03,MGB,MWB
2022-05-10 16:47:03,MGB,PL
2022-05-10 16:47:03,IG,MCM
2022-05-10 16:47:03,MCM,PL
2022-05-10 16:47:03,IG,PL
2022-05-10 16:47:03,MTP,MWB
2022-05-10 16:47:03,MZ,PL
2022-05-10 16:47:03,DB,MWB
2022-05-10 16:47:03,DB,MGB
2022-05-10 16:47:03,IG,MGB
2022-05-10 16:47:03,LL,MWB
2022-05-10 16:47:04,MZ,PL
2022-05-10 16:47:04,LL,MZ
2022-05-10 16:47:04,DB,MZ
2022-05-10 16:47:04,MTP,PL
2022-05-10 16:47:04,DB,IG
2022-05-10 16:47:04,DB,MTP
2022-05-10 16:47:04,LL,MCM
2022-05-10 16:47:04,MCM,MTP
2022-05-10 16:47:04,DB,MCM
2022-05-10 16:47:04,IG,MTP
2022-05-10 16:47:04,MGB,MZ
2022-05-10 16:47:04,MGB,PL
2022-05-10 16:47:04,IG,MCM
2022-05-10 16:47:04,IG,LL
2022-05-10 16:47:04,MCM,MZ
2022-05-10 16:47:04,LL,MGB
2022-05-10 16:47:04,IG,MZ
2022-05-10 16:47:04,MGB,MTP
2022-05-10 16:47:04,MTP,MWB
2022-05-10 16:47:04,MCM,MWB
2022-05-10 16:47:04,DB,MWB
2022-05-10 16:47:04,MCM,MGB
2022-05-10 16:47:04,MTP,MZ
2022-05-10 16:47:04,IG,MWB
2022-05-10 16:47:04,LL,MWB
2022-05-10 16:47:04,LL,PL
2022-05-10 16:47:04,DB,MGB
2022-05-10 16:47:04,DB,PL
2022-05-10 16:47:04,MCM,PL
2022-05-10 16:47:04,LL,MTP
2022-05-10 16:47:04,MWB,MZ
2022-05-10 16:47:04,IG,PL
2022-05-10 16:47:04,DB,LL
2022-05-10 16:47:04,MWB,PL
2022-05-10 16:47:04,MGB,MWB
2022-05-10 16:47:04,IG,MGB
2022-05-10 16:47:05,IG,MCM
2022-05-10 16:47:05,MGB,MWB
2022-05-10 16:47:05,LL,MTP
2022-05-10 16:47:05,MTP,MZ
2022-05-10 16:47:05,IG,MGB
2022-05-10 16:47:05,MGB,PL
2022-05-10 16:47:05,IG,MZ
2022-05-10 16:47:05,LL,MGB
2022-05-10 16:47:05,MCM,MWB
2022-05-10 16:47:05,DB,MCM
2022-05-10 16:47:05,LL,MCM
2022-05-10 16:47:05,DB,MTP
2022-05-10 16:47:05,DB,IG
2022-05-10 16:47:05,DB,MGB
2022-05-10 16:47:05,MWB,PL
2022-05-10 16:47:05,LL,MWB
2022-05-10 16:47:05,MCM,MGB
2022-05-10 16:47:05,DB,LL
2022-05-10 16:47:05,DB,MZ
2022-05-10 16:47:05,MTP,MWB
2022-05-10 16:47:05,MWB,MZ
2022-05-10 16:47:05,MZ,PL
2022-05-10 16:47:05,MGB,MZ
2022-05-10 16:47:05,MTP,PL
2022-05-10 16:47:05,MCM,MTP
2022-05-10 16:47:05,DB,PL
2022-05-10 16:47:05,LL,PL
2022-05-10 16:47:05,IG,MTP
2022-05-10 16:47:05,LL,MZ
2022-05-10 16:47:05,MCM,PL
2022-05-10 16:47:05,IG,LL
2022-05-10 16:47:05,IG,PL
2022-05-10 16:47:05,IG,MWB
2022-05-10 16:47:05,MCM,MZ
2022-05-10 16:47:05,MGB,MTP
2022-05-10 16:47:05,DB,MWB
2022-05-10 16:47:06,MTP,PL
2022-05-10 16:47:06,IG,MWB
2022-05-10 16:47:06,DB,MTP
2022-05-10 16:47:06,DB,PL
2022-05-10 16:47:06,DB,IG
2022-05-10 16:47:06,DB,MWB
2022-05-10 16:47:06,LL,MZ
2022-05-10 16:47:06,DB,MZ
2022-05-10 16:47:06,IG,PL
2022-05-10 16:47:06,DB,MGB
2022-05-10 16:47:06,LL,MWB
2022-05-10 16:47:06,MWB,MZ
2022-05-10 16:47:06,DB,LL
2022-05-10 16:47:06,MWB,PL
2022-05-10 16:47:06,MTP,MWB
2022-05-10 16:47:06,MCM,MGB
2022-05-10 16:47:06,MTP,MZ
2022-05-10 16:47:06,LL,PL
2022-05-10 16:47:06,MGB,MZ
2022-05-10 16:47:06,MCM,MZ
2022-05-10 16:47:06,MGB,MTP
2022-05-10 16:47:06,IG,MZ
2022-05-10 16:47:06,IG,MCM
2022-05-10 16:47:06,IG,MGB
2022-05-10 16:47:06,LL,MGB
2022-05-10 16:47:06,IG,LL
2022-05-10 16:47:06,MZ,PL
2022-05-10 16:47:06,MCM,PL
2022-05-10 16:47:06,MGB,PL
2022-05-10 16:47:06,LL,MTP
2022-05-10 16:47:06,MCM,MWB
2022-05-10 16:47:06,MCM,MTP
2022-05-10 16:47:06,DB,MCM
2022-05-10 16:47:06,LL,MCM
2022-05-10 16:47:06,IG,MTP
2022-05-10 16:47:06,MGB,MWB
2022-05-10 16:47:07,IG,MWB
2022-05-10 16:47:07,MWB,MZ
2022-05-10 16:47:07,DB,LL
2022-05-10 16:47:07,IG,MGB
2022-05-10 16:47:07,MGB,MWB
2022-05-10 16:47:07,MTP,MZ
2022-05-10 16:47:07,MCM,PL
2022-05-10 16:47:07,LL,MTP
2022-05-10 16:47:07,DB,MGB
2022-05-10 16:47:07,LL,PL
2022-05-10 16:47:07,MWB,PL
2022-05-10 16:47:07,IG,PL
2022-05-10 16:47:07,DB,PL
2022-05-10 16:47:07,MGB,PL
2022-05-10 16:47:07,MCM,MZ
2022-05-10 16:47:07,IG,MTP
2022-05-10 16:47:07,IG,MZ
2022-05-10 16:47:07,MGB,MTP
2022-05-10 16:47:07,IG,MCM
2022-05-10 16:47:07,LL,MGB
2022-05-10 16:47:07,IG,LL
2022-05-10 16:47:07,MZ,PL
2022-05-10 16:47:07,DB,MCM
2022-05-10 16:47:07,LL,MCM
2022-05-10 16:47:07,MGB,MZ
2022-05-10 16:47:07,MCM,MTP
2022-05-10 16:47:07,MCM,MWB
2022-05-10 16:47:07,DB,MTP
2022-05-10 16:47:07,LL,MZ
2022-05-10 16:47:07,MTP,MWB
2022-05-10 16:47:07,DB,MWB
2022-05-10 16:47:07,DB,MZ
2022-05-10 16:47:07,MTP,PL
2022-05-10 16:47:07,LL,MWB
2022-05-10 16:47:07,MCM,MGB
2022-05-10 16:47:07,DB,IG
2022-05-10 16:47:08,LL,MZ
2022-05-10 16:47:08,DB,MZ
2022-05-10 16:47:08,MZ,PL
2022-05-10 16:47:08,DB,MTP
2022-05-10 16:47:08,IG,MWB
2022-05-10 16:47:08,IG,MCM
2022-05-10 16:47:08,DB,MWB
2022-05-10 16:47:08,IG,LL
2022-05-10 16:47:08,IG,MGB
2022-05-10 16:47:08,LL,MCM
2022-05-10 16:47:08,DB,IG
2022-05-10 16:47:08,MTP,MWB
2022-05-10 16:47:08,LL,PL
2022-05-10 16:47:08,IG,PL
2022-05-10 16:47:08,MGB,MZ
2022-05-10 16:47:08,LL,MWB
2022-05-10 16:47:08,MCM,MZ
2022-05-10 16:47:08,MWB,PL
2022-05-10 16:47:08,MGB,MWB
2022-05-10 16:47:08,MGB,PL
2022-05-10 16:47:08,MWB,MZ
2022-05-10 16:47:08,MCM,MGB
2022-05-10 16:47:08,DB,MGB
2022-05-10 16:47:08,DB,PL
2022-05-10 16:47:08,MGB,MTP
2022-05-10 16:47:08,IG,MZ
2022-05-10 16:47:08,DB,MCM
2022-05-10 16:47:08,LL,MTP
2022-05-10 16:47:08,IG,MTP
2022-05-10 16:47:08,MCM,PL
2022-05-10 16:47:08,MCM,MWB
2022-05-10 16:47:08,DB,LL
2022-05-10 16:47:08,MTP,PL
2022-05-10 16:47:08,MCM,MTP
2022-05-10 16:47:08,LL,MGB
2022-05-10 16:47:08,MTP,MZ
2022-05-10 16:47:09,IG,PL
2022-05-10 16:47:09,DB,LL
2022-05-10 16:47:09,IG,LL
2022-05-10 16:47:09,DB,MGB
2022-05-10 16:47:09,DB,PL
2022-05-10 16:47:09,MTP,MWB
2022-05-10 16:47:09,MCM,MGB
2022-05-10 16:47:09,IG,MCM
2022-05-10 16:47:09,DB,IG
2022-05-10 16:47:09,IG,MWB
2022-05-10 16:47:09,DB,MTP
2022-05-10 16:47:09,IG,MTP
2022-05-10 16:47:09,LL,MWB
2022-05-10 16:47:09,LL,MZ
2022-05-10 16:47:09,MTP,PL
2022-05-10 16:47:09,DB,MCM
2022-05-10 16:47:09,MTP,MZ
2022-05-10 16:47:09,MGB,MTP
2022-05-10 16:47:09,MWB,PL
2022-05-10 16:47:09,IG,MZ
2022-05-10 16:47:09,LL,MGB
2022-05-10 16:47:09,IG,MGB
2022-05-10 16:47:09,MCM,MWB
2022-05-10 16:47:09,LL,MTP
2022-05-10 16:47:09,LL,MCM
2022-05-10 16:47:09,MCM,PL
2022-05-10 16:47:09,MGB,PL
2022-05-10 16:47:09,MCM,MZ
2022-05-10 16:47:09,LL,PL
2022-05-10 16:47:09,MGB,MWB
2022-05-10 16:47:09,MZ,PL
2022-05-10 16:47:09,MCM,MTP
2022-05-10 16:47:09,DB,MZ
2022-05-10 16:47:09,MWB,MZ
2022-05-10 16:47:09,DB,MWB
2022-05-10 16:47:09,MGB,MZ
2022-05-10 16:47:10,DB,IG
2022-05-10 16:47:10,MGB,MZ
2022-05-10 16:47:10,LL,MZ
2022-05-10 16:47:10,DB,MTP
2022-05-10 16:47:10,IG,LL
2022-05-10 16:47:10,LL,MCM
2022-05-10 16:47:10,LL,MGB
2022-05-10 16:47:10,MWB,PL
2022-05-10 16:47:10,MGB,MTP
2022-05-10 16:47:10,DB,MCM
2022-05-10 16:47:10,MCM,MZ
2022-05-10 16:47:10,DB,MGB
2022-05-10 16:47:10,MCM,MWB
2022-05-10 16:47:10,IG,MZ
2022-05-10 16:47:10,MCM,MTP
2022-05-10 16:47:10,MGB,PL
2022-05-10 16:47:10,IG,MGB
2022-05-10 16:47:10,MCM,PL
2022-05-10 16:47:10,LL,MTP
2022-05-10 16:47:10,IG,MWB
2022-05-10 16:47:10,MGB,MWB
2022-05-10 16:47:10,LL,PL
2022-05-10 16:47:10,MWB,MZ
2022-05-10 16:47:10,MZ,PL
2022-05-10 16:47:10,IG,MCM
2022-05-10 16:47:10,DB,MZ
2022-05-10 16:47:10,IG,PL
2022-05-10 16:47:10,DB,MWB
2022-05-10 16:47:10,DB,PL
2022-05-10 16:47:10,MTP,MZ
2022-05-10 16:47:10,MTP,PL
2022-05-10 16:47:10,MCM,MGB
2022-05-10 16:47:10,MTP,MWB
2022-05-10 16:47:10,IG,MTP
2022-05-10 16:47:10,DB,LL
2022-05-10 16:47:10,LL,MWB
2022-05-10 16:47:11,MGB,MTP
2022-05-10 16:47:11,MCM,MTP
2022-05-10 16:47:11,DB,IG
2022-05-10 16:47:11,MGB,PL
2022-05-10 16:47:11,MTP,PL
2022-05-10 16:47:11,LL,MZ
2022-05-10 16:47:11,IG,MWB
2022-05-10 16:47:11,LL,PL
2022-05-10 16:47:11,IG,MCM
2022-05-10 16:47:11,MCM,PL
2022-05-10 16:47:11,DB,MGB
2022-05-10 16:47:11,DB,MWB
2022-05-10 16:47:11,DB,PL
2022-05-10 16:47:11,IG,LL
2022-05-10 16:47:11,IG,PL
2022-05-10 16:47:11,MCM,MZ
2022-05-10 16:47:11,IG,MTP
2022-05-10 16:47:11,MCM,MWB
2022-05-10 16:47:11,DB,MZ
2022-05-10 16:47:11,MTP,MWB
2022-05-10 16:47:11,IG,MGB
2022-05-10 16:47:11,LL,MWB
2022-05-10 16:47:11,MGB,MWB
2022-05-10 16:47:11,MGB,MZ
2022-05-10 16:47:11,LL,MGB
2022-05-10 16:47:11,IG,MZ
2022-05-10 16:47:11,MWB,PL
2022-05-10 16:47:11,DB,MTP
2022-05-10 16:47:11,MTP,MZ
2022-05-10 16:47:11,LL,MTP
2022-05-10 16:47:11,DB,MCM
2022-05-10 16:47:11,LL,MCM
2022-05-10 16:47:11,MZ,PL
2022-05-10 16:47:11,MWB,MZ
2022-05-10 16:47:11,MCM,MGB
2022-05-10 16:47:11,DB,LL
2022-05-10 16:47:12,MCM,MGB
2022-05-10 16:47:12,DB,MTP
2022-05-10 16:47:12,IG,PL
2022-05-10 16:47:12,DB,MCM
2022-05-10 16:47:12,MWB,MZ
2022-05-10 16:47:12,MZ,PL
2022-05-10 16:47:12,DB,LL
2022-05-10 16:47:12,MGB,MWB
2022-05-10 16:47:12,MTP,MZ
2022-05-10 16:47:12,IG,MTP
2022-05-10 16:47:12,MTP,PL
2022-05-10 16:47:12,DB,PL
2022-05-10 16:47:12,LL,PL
2022-05-10 16:47:12,MCM,PL
2022-05-10 16:47:12,MCM,MTP
2022-05-10 16:47:12,IG,LL
2022-05-10 16:47:12,LL,MWB
2022-05-10 16:47:12,DB,IG
2022-05-10 16:47:12,MCM,MWB
2022-05-10 16:47:12,IG,MZ
2022-05-10 16:47:12,MGB,PL
2022-05-10 16:47:12,LL,MCM
2022-05-10 16:47:12,MCM,MZ
2022-05-10 16:47:12,LL,MTP
2022-05-10 16:47:12,MWB,PL
2022-05-10 16:47:12,DB,MZ
2022-05-10 16:47:12,DB,MWB
2022-05-10 16:47:12,DB,MGB
2022-05-10 16:47:12,IG,MCM
2022-05-10 16:47:12,MGB,MTP
2022-05-10 16:47:12,IG,MWB
2022-05-10 16:47:12,IG,MGB
2022-05-10 16:47:12,LL,MZ
2022-05-10 16:47:12,MGB,MZ
2022-05-10 16:47:12,LL,MGB
2022-05-10 16:47:12,MTP,MWB
2022-05-10 16:47:13,LL,MTP
2022-05-10 16:47:13,DB,MZ
2022-05-10 16:47:13,LL,PL
2022-05-10 16:47:13,IG,MWB
2022-05-10 16:47:13,MGB,MWB
2022-05-10 16:47:13,MGB,PL
2022-05-10 16:47:13,IG,MGB
2022-05-10 16:47:13,MCM,PL
2022-05-10 16:47:13,MCM,MWB
2022-05-10 16:47:13,IG,MCM
2022-05-10 16:47:13,LL,MWB
2022-05-10 16:47:13,MWB,MZ
2022-05-10 16:47:13,DB,IG
2022-05-10 16:47:13,IG,MZ
2022-05-10 16:47:13,LL,MCM
2022-05-10 16:47:13,MCM,MZ
2022-05-10 16:47:13,MWB,PL
2022-05-10 16:47:13,MTP,MWB
2022-05-10 16:47:13,DB,MGB
2022-05-10 16:47:13,LL,MZ
2022-05-10 16:47:13,MGB,MTP
2022-05-10 16:47:13,LL,MGB
2022-05-10 16:47:13,IG,PL
2022-05-10 16:47:13,IG,LL
2022-05-10 16:47:13,MGB,MZ
2022-05-10 16:47:13,DB,MCM
2022-05-10 16:47:13,MZ,PL
2022-05-10 16:47:13,MTP,MZ
2022-05-10 16:47:13,MTP,PL
2022-05-10 16:47:13,MCM,MTP
2022-05-10 16:47:13,MCM,MGB
2022-05-10 16:47:13,DB,PL
2022-05-10 16:47:13,DB,LL
2022-05-10 16:47:13,IG,MTP
2022-05-10 16:47:13,DB,MTP
2022-05-10 16:47:13,DB,MWB
2022-05-10 16:47:14,MTP,MZ
2022-05-10 16:47:14,IG,MCM
2022-05-10 16:47:14,MZ,PL
2022-05-10 16:47:14,DB,MWB
2022-05-10 16:47:14,MCM,MWB
2022-05-10 16:47:14,LL,MTP
2022-05-10 16:47:14,MGB,PL
2022-05-10 16:47:14,IG,MGB
2022-05-10 16:47:14,MWB,MZ
2022-05-10 16:47:14,DB,LL
2022-05-10 16:47:14,MCM,MGB
2022-05-10 16:47:14,LL,MGB
2022-05-10 16:47:14,DB,MCM
2022-05-10 16:47:14,MWB,PL
2022-05-10 16:47:14,IG,MZ
2022-05-10 16:47:14,MTP,MWB
2022-05-10 16:47:14,MGB,MTP
2022-05-10 16:47:14,DB,MGB
2022-05-10 16:47:14,MTP,PL
2022-05-10 16:47:14,MCM,MTP
2022-05-10 16:47:14,DB,PL
2022-05-10 16:47:14,MCM,PL
2022-05-10 16:47:14,DB,MZ
2022-05-10 16:47:14,MGB,MWB
2022-05-10 16:47:14,IG,MTP
2022-05-10 16:47:14,MGB,MZ
2022-05-10 16:47:14,IG,MWB
2022-05-10 16:47:14,LL,PL
2022-05-10 16:47:14,IG,PL
2022-05-10 16:47:14,IG,LL
2022-05-10 16:47:14,LL,MZ
2022-05-10 16:47:14,DB,IG
2022-05-10 16:47:14,MCM,MZ
2022-05-10 16:47:14,DB,MTP
2022-05-10 16:47:14,LL,MWB
2022-05-10 16:47:14,LL,MCM
2022-05-10 16:47:15,MTP,MZ
2022-05-10 16:47:15,LL,MTP
2022-05-10 16:47:15,MGB,PL
2022-05-10 16:47:15,DB,PL
2022-05-10 16:47:15,MCM,MTP
2022-05-10 16:47:15,LL,PL
2022-05-10 16:47:15,DB,MGB
2022-05-10 16:47:15,MGB,MTP
2022-05-10 16:47:15,LL,MZ
2022-05-10 16:47:15,IG,MZ
2022-05-10 16:47:15,MGB,MZ
2022-05-10 16:47:15,MCM,MZ
2022-05-10 16:47:15,DB,MCM
2022-05-10 16:47:15,DB,IG
2022-05-10 16:47:15,MCM,MGB
2022-05-10 16:47:15,LL,MWB
2022-05-10 16:47:15,IG,MWB
2022-05-10 16:47:15,DB,LL
2022-05-10 16:47:15,MWB,MZ
2022-05-10 16:47:15,MGB,MWB
2022-05-10 16:47:15,IG,MTP
2022-05-10 16:47:15,DB,MTP
2022-05-10 16:47:15,IG,MGB
2022-05-10 16:47:15,LL,MCM
2022-05-10 16:47:15,MZ,PL
2022-05-10 16:47:15,LL,MGB
2022-05-10 16:47:15,MCM,MWB
2022-05-10 16:47:15,DB,MWB
2022-05-10 16:47:15,IG,MCM
2022-05-10 16:47:15,MWB,PL
2022-05-10 16:47:15,MTP,MWB
2022-05-10 16:47:15,IG,LL
2022-05-10 16:47:15,MCM,PL
2022-05-10 16:47:15,MTP,PL
2022-05-10 16:47:15,IG,PL
2022-05-10 16:47:15,DB,MZ
2022-05-10 16:47:16,LL,MZ
2022-05-10 16:47:16,LL,MWB
2022-05-10 16:47:16,DB,IG
2022-05-10 16:47:16,LL,MCM
2022-05-10 16:47:16,IG,LL
2022-05-10 16:47:16,IG,PL
2022-05-10 16:47:16,MGB,MZ
2022-05-10 16:47:16,MGB,MWB
2022-05-10 16:47:16,LL,PL
2022-05-10 16:47:16,MCM,MWB
2022-05-10 16:47:16,IG,MTP
2022-05-10 16:47:16,LL,MTP
2022-05-10 16:47:16,DB,MGB
2022-05-10 16:47:16,DB,PL
2022-05-10 16:47:16,MCM,MTP
2022-05-10 16:47:16,MTP,PL
2022-05-10 16:47:16,MCM,PL
2022-05-10 16:47:16,MTP,MWB
2022-05-10 16:47:16,IG,MZ
2022-05-10 16:47:16,MWB,PL
2022-05-10 16:47:16,MCM,MGB
2022-05-10 16:47:16,LL,MGB
2022-05-10 16:47:16,DB,LL
2022-05-10 16:47:16,IG,MGB
2022-05-10 16:47:16,DB,MCM
2022-05-10 16:47:16,MCM,MZ
2022-05-10 16:47:16,MWB,MZ
2022-05-10 16:47:16,MGB,PL
2022-05-10 16:47:16,MGB,MTP
2022-05-10 16:47:16,DB,MZ
2022-05-10 16:47:16,IG,MWB
2022-05-10 16:47:16,DB,MTP
2022-05-10 16:47:16,MTP,MZ
2022-05-10 16:47:16,IG,MCM
2022-05-10 16:47:16,DB,MWB
2022-05-10 16:47:16,MZ,PL
2022-05-10 16:47:17,MTP,MWB
2022-05-10 16:47:17,DB,MZ
2022-05-10 16:47:17,MCM,MGB
2022-05-10 16:47:17,MCM,PL
2022-05-10 16:47:17,IG,MWB
2022-05-10 16:47:17,DB,MWB
2022-05-10 16:47:17,LL,MCM
2022-05-10 16:47:17,MTP,PL
2022-05-10 16:47:17,DB,PL
2022-05-10 16:47:17,LL,MGB
2022-05-10 16:47:17,MWB,MZ
2022-05-10 16:47:17,IG,LL
2022-05-10 16:47:17,IG,PL
2022-05-10 16:47:17,LL,MWB
2022-05-10 16:47:17,LL,MTP
2022-05-10 16:47:17,DB,MCM
2022-05-10 16:47:17,MZ,PL
2022-05-10 16:47:17,DB,LL
2022-05-10 16:47:17,MGB,MTP
2022-05-10 16:47:17,IG,MGB
2022-05-10 16:47:17,LL,PL
2022-05-10 16:47:17,IG,MTP
2022-05-10 16:47:17,DB,MGB
2022-05-10 16:47:17,MGB,MWB
2022-05-10 16:47:17,MGB,PL
2022-05-10 16:47:17,MCM,MWB
2022-05-10 16:47:17,MWB,PL
2022-05-10 16:47:17,IG,MCM
2022-05-10 16:47:17,MCM,MTP
2022-05-10 16:47:17,MCM,MZ
2022-05-10 16:47:17,MGB,MZ
2022-05-10 16:47:17,DB,IG
2022-05-10 16:47:17,IG,MZ
2022-05-10 16:47:17,DB,MTP
2022-05-10 16:47:17,LL,MZ
2022-05-10 16:47:17,MTP,MZ
2022-05-10 16:47:18,DB,LL
2022-05-10 16:47:18,IG,MGB
2022-05-10 16:47:18,DB,MCM
2022-05-10 16:47:18,LL,MZ
2022-05-10 16:47:18,LL,MWB
2022-05-10 16:47:18,MGB,MWB
2022-05-10 16:47:18,IG,LL
2022-05-10 16:47:18,MCM,MTP
2022-05-10 16:47:18,MTP,PL
2022-05-10 16:47:18,IG,MCM
2022-05-10 16:47:18,MCM,MZ
2022-05-10 16:47:18,DB,MWB
2022-05-10 16:47:18,MCM,MWB
2022-05-10 16:47:18,MZ,PL
2022-05-10 16:47:18,LL,MTP
2022-05-10 16:47:18,LL,PL
2022-05-10 16:47:18,MGB,PL
2022-05-10 16:47:18,DB,MTP
2022-05-10 16:47:18,MWB,PL
2022-05-10 16:47:18,MGB,MZ
2022-05-10 16:47:18,MTP,MWB
2022-05-10 16:47:18,MTP,MZ
2022-05-10 16:47:18,IG,MZ
2022-05-10 16:47:18,DB,MGB
2022-05-10 16:47:18,IG,MWB
2022-05-10 16:47:18,DB,IG
2022-05-10 16:47:18,MCM,MGB
2022-05-10 16:47:18,IG,MTP
2022-05-10 16:47:18,MWB,MZ
2022-05-10 16:47:18,LL,MCM
2022-05-10 16:47:18,MCM,PL
2022-05-10 16:47:18,LL,MGB
2022-05-10 16:47:18,DB,MZ
2022-05-10 16:47:18,MGB,MTP
2022-05-10 16:47:18,IG,PL
2022-05-10 16:47:18,DB,PL
2022-05-10 16:47:19,MTP,MZ
2022-05-10 16:47:19,MCM,PL
2022-05-10 16:47:19,MCM,MWB
2022-05-10 16:47:19,DB,MTP
2022-05-10 16:47:19,DB,MGB
2022-05-10 16:47:19,DB,MWB
2022-05-10 16:47:19,LL,MTP
2022-05-10 16:47:19,MGB,MZ
2022-05-10 16:47:19,IG,MTP
2022-05-10 16:47:19,IG,MWB
2022-05-10 16:47:19,DB,MCM
2022-05-10 16:47:19,DB,MZ
2022-05-10 16:47:19,MCM,MZ
2022-05-10 16:47:19,MGB,MWB
2022-05-10 16:47:19,DB,IG
2022-05-10 16:47:19,LL,MCM
2022-05-10 16:47:19,LL,MWB
2022-05-10 16:47:19,LL,MGB
2022-05-10 16:47:19,IG,PL
2022-05-10 16:47:19,MWB,PL
2022-05-10 16:47:19,MTP,PL
2022-05-10 16:47:19,MCM,MGB
2022-05-10 16:47:19,DB,LL
2022-05-10 16:47:19,LL,PL
2022-05-10 16:47:19,IG,MGB
2022-05-10 16:47:19,DB,PL
2022-05-10 16:47:19,IG,LL
2022-05-10 16:47:19,IG,MCM
2022-05-10 16:47:19,MTP,MWB
2022-05-10 16:47:19,IG,MZ
2022-05-10 16:47:19,MZ,PL
2022-05-10 16:47:19,MWB,MZ
2022-05-10 16:47:19,LL,MZ
2022-05-10 16:47:19,MCM,MTP
2022-05-10 16:47:19,MGB,MTP
2022-05-10 16:47:19,MGB,PL
2022-05-10 16:47:20,MTP,MWB
2022-05-10 16:47:20,LL,MCM
2022-05-10 16:47:20,LL,MTP
2022-05-10 16:47:20,IG,PL
2022-05-10 16:47:20,DB,MTP
2022-05-10 16:47:20,MTP,MZ
2022-05-10 16:47:20,MCM,PL
2022-05-10 16:47:20,MCM,MGB
2022-05-10 16:47:20,MGB,PL
2022-05-10 16:47:20,DB,MZ
2022-05-10 16:47:20,LL,PL
2022-05-10 16:47:20,MGB,MZ
2022-05-10 16:47:20,IG,MZ
2022-05-10 16:47:20,MZ,PL
2022-05-10 16:47:20,MTP,PL
2022-05-10 16:47:20,IG,MCM
2022-05-10 16:47:20,DB,PL
2022-05-10 16:47:20,MCM,MWB
2022-05-10 16:47:20,LL,MWB
2022-05-10 16:47:20,MWB,MZ
2022-05-10 16:47:20,MCM,MTP
2022-05-10 16:47:20,LL,MZ
2022-05-10 16:47:20,MCM,MZ
2022-05-10 16:47:20,MGB,MTP
2022-05-10 16:47:20,IG,MTP
2022-05-10 16:47:20,IG,LL
2022-05-10 16:47:20,IG,MWB
2022-05-10 16:47:20,DB,MGB
2022-05-10 16:47:20,DB,MCM
2022-05-10 16:47:20,IG,MGB
2022-05-10 16:47:20,DB,MWB
2022-05-10 16:47:20,DB,IG
2022-05-10 16:47:20,LL,MGB
2022-05-10 16:47:20,MWB,PL
2022-05-10 16:47:20,DB,LL
2022-05-10 16:47:20,MGB,MWB
2022-05-10 16:47:21,DB,MZ
2022-05-10 16:47:21,IG,MWB
2022-05-10 16:47:21,MWB,MZ
2022-05-10 16:47:21,IG,MGB
2022-05-10 16:47:21,DB,MCM
2022-05-10 16:47:21,MCM,MZ
2022-05-10 16:47:21,MTP,MWB
2022-05-10 16:47:21,MWB,PL
2022-05-10 16:47:21,DB,LL
2022-05-10 16:47:21,MCM,MGB
2022-05-10 16:47:21,LL,MTP
2022-05-10 16:47:21,LL,MGB
2022-05-10 16:47:21,IG,MZ
2022-05-10 16:47:21,IG,MTP
2022-05-10 16:47:21,LL,PL
2022-05-10 16:47:21,MCM,MWB
2022-05-10 16:47:21,LL,MWB
2022-05-10 16:47:21,DB,MGB
2022-05-10 16:47:21,LL,MZ
2022-05-10 16:47:21,MCM,MTP
2022-05-10 16:47:21,DB,IG
2022-05-10 16:47:21,IG,LL
2022-05-10 16:47:21,MZ,PL
2022-05-10 16:47:21,MTP,PL
2022-05-10 16:47:21,MGB,MTP
2022-05-10 16:47:21,LL,MCM
2022-05-10 16:47:21,DB,MWB
2022-05-10 16:47:21,MTP,MZ
2022-05-10 16:47:21,DB,PL
2022-05-10 16:47:21,DB,MTP
2022-05-10 16:47:21,MGB,MZ
2022-05-10 16:47:21,MGB,PL
2022-05-10 16:47:21,MCM,PL
2022-05-10 16:47:21,IG,MCM
2022-05-10 16:47:21,MGB,MWB
2022-05-10 16:47:21,IG,PL
2022-05-10 16:47:22,MTP,MZ
2022-05-10 16:47:22,IG,PL
2022-05-10 16:47:22,LL,MWB
2022-05-10 16:47:22,MCM,MGB
2022-05-10 16:47:22,MWB,MZ
2022-05-10 16:47:22,IG,LL
2022-05-10 16:47:22,MCM,MWB
2022-05-10 16:47:22,MWB,PL
2022-05-10 16:47:22,LL,MZ
2022-05-10 16:47:22,MCM,MTP
2022-05-10 16:47:22,MTP,PL
2022-05-10 16:47:22,DB,LL
2022-05-10 16:47:22,LL,PL
2022-05-10 16:47:22,IG,MGB
2022-05-10 16:47:22,IG,MCM
2022-05-10 16:47:22,LL,MGB
2022-05-10 16:47:22,MGB,MZ
2022-05-10 16:47:22,LL,MCM
2022-05-10 16:47:22,DB,MWB
2022-05-10 16:47:22,MZ,PL
2022-05-10 16:47:22,MGB,MWB
2022-05-10 16:47:22,MCM,PL
2022-05-10 16:47:22,MGB,MTP
2022-05-10 16:47:22,DB,MCM
2022-05-10 16:47:22,DB,IG
2022-05-10 16:47:22,MGB,PL
2022-05-10 16:47:22,LL,MTP
2022-05-10 16:47:22,DB,MZ
2022-05-10 16:47:22,IG,MWB
2022-05-10 16:47:22,IG,MTP
2022-05-10 16:47:22,MTP,MWB
2022-05-10 16:47:22,IG,MZ
2022-05-10 16:47:22,DB,PL
2022-05-10 16:47:22,DB,MTP
2022-05-10 16:47:22,MCM,MZ
2022-05-10 16:47:22,DB,MGB
2022-05-10 16:47:23,IG,MCM
2022-05-10 16:47:23,LL,PL
2022-05-10 16:47:23,MTP,MZ
2022-05-10 16:47:23,MGB,PL
2022-05-10 16:47:23,MZ,PL
2022-05-10 16:47:23,MTP,PL
2022-05-10 16:47:23,MGB,MTP
2022-05-10 16:47:23,MTP,MWB
2022-05-10 16:47:23,MCM,MGB
2022-05-10 16:47:23,IG,PL
2022-05-10 16:47:23,DB,MTP
2022-05-10 16:47:23,MCM,PL
2022-05-10 16:47:23,DB,PL
2022-05-10 16:47:23,IG,MZ
2022-05-10 16:47:23,DB,MWB
2022-05-10 16:47:23,LL,MTP
2022-05-10 16:47:23,DB,MZ
2022-05-10 16:47:23,LL,MCM
2022-05-10 16:47:23,MCM,MZ
2022-05-10 16:47:23,IG,MTP
2022-05-10 16:47:23,DB,MCM
2022-05-10 16:47:23,DB,MGB
2022-05-10 16:47:23,IG,MWB
2022-05-10 16:47:23,DB,IG
2022-05-10 16:47:23,LL,MGB
2022-05-10 16:47:23,MGB,MZ
2022-05-10 16:47:23,MGB,MWB
2022-05-10 16:47:23,LL,MWB
2022-05-10 16:47:23,MCM,MWB
2022-05-10 16:47:23,DB,LL
2022-05-10 16:47:23,IG,LL
2022-05-10 16:47:23,MCM,MTP
2022-05-10 16:47:23,IG,MGB
2022-05-10 16:47:23,MWB,PL
2022-05-10 16:47:23,LL,MZ
2022-05-10 16:47:23,MWB,MZ
2022-05-10 16:47:24,MWB,PL
2022-05-10 16:47:24,DB,MZ
2022-05-10 16:47:24,IG,MGB
2022-05-10 16:47:24,MGB,MTP
2022-05-10 16:47:24,MCM,MTP
2022-05-10 16:47:24,DB,PL
2022-05-10 16:47:24,MTP,PL
2022-05-10 16:47:24,DB,MWB
2022-05-10 16:47:24,IG,MTP
2022-05-10 16:47:24,IG,MCM
2022-05-10 16:47:24,LL,MTP
2022-05-10 16:47:24,MTP,MWB
2022-05-10 16:47:24,MCM,MWB
2022-05-10 16:47:24,DB,MTP
2022-05-10 16:47:24,MCM,MZ
2022-05-10 16:47:24,MGB,MZ
2022-05-10 16:47:24,MGB,MWB
2022-05-10 16:47:24,MTP,MZ
2022-05-10 16:47:24,IG,PL
2022-05-10 16:47:24,DB,MCM
2022-05-10 16:47:24,IG,MWB
2022-05-10 16:47:24,IG,LL
2022-05-10 16:47:24,LL,MCM
2022-05-10 16:47:24,MWB,MZ
2022-05-10 16:47:24,MZ,PL
2022-05-10 16:47:24,DB,MGB
2022-05-10 16:47:24,LL,MWB
2022-05-10 16:47:24,LL,PL
2022-05-10 16:47:24,DB,LL
2022-05-10 16:47:24,DB,IG
2022-05-10 16:47:24,LL,MGB
2022-05-10 16:47:24,MCM,PL
2022-05-10 16:47:24,MCM,MGB
2022-05-10 16:47:24,MGB,PL
2022-05-10 16:47:24,LL,MZ
2022-05-10 16:47:24,IG,MZ
2022-05-10 16:47:25,MCM,MTP
2022-05-10 16:47:25,LL,MWB
2022-05-10 16:47:25,MTP,MZ
2022-05-10 16:47:25,IG,LL
2022-05-10 16:47:25,MCM,MWB
2022-05-10 16:47:25,MGB,MZ
2022-05-10 16:47:25,IG,PL
2022-05-10 16:47:25,MZ,PL
2022-05-10 16:47:25,MTP,PL
2022-05-10 16:47:25,MGB,MTP
2022-05-10 16:47:25,LL,PL
2022-05-10 16:47:25,MGB,PL
2022-05-10 16:47:25,IG,MCM
2022-05-10 16:47:25,DB,PL
2022-05-10 16:47:25,LL,MZ
2022-05-10 16:47:25,DB,MZ
2022-05-10 16:47:25,MGB,MWB
2022-05-10 16:47:25,MWB,PL
2022-05-10 16:47:25,IG,MWB
2022-05-10 16:47:25,IG,MGB
2022-05-10 16:47:25,DB,MCM
2022-05-10 16:47:25,LL,MTP
2022-05-10 16:47:25,IG,MTP
2022-05-10 16:47:25,LL,MGB
2022-05-10 16:47:25,DB,LL
2022-05-10 16:47:25,DB,MTP
2022-05-10 16:47:25,IG,MZ
2022-05-10 16:47:25,MCM,PL
2022-05-10 16:47:25,LL,MCM
2022-05-10 16:47:25,MCM,MGB
2022-05-10 16:47:25,MCM,MZ
2022-05-10 16:47:25,DB,MGB
2022-05-10 16:47:25,DB,IG
2022-05-10 16:47:25,MTP,MWB
2022-05-10 16:47:25,DB,MWB
2022-05-10 16:47:25,MWB,MZ
2022-05-10 16:47:26,LL,PL
2022-05-10 16:47:26,IG,MWB
2022-05-10 16:47:26,LL,MGB
2022-05-10 16:47:26,DB,MCM
2022-05-10 16:47:26,IG,PL
2022-05-10 16:47:26,MGB,MWB
2022-05-10 16:47:26,MGB,MZ
2022-05-10 16:47:26,MCM,MWB
2022-05-10 16:47:26,DB,MWB
2022-05-10 16:47:26,DB,PL
2022-05-10 16:47:26,MGB,MTP
2022-05-10 16:47:26,MCM,PL
2022-05-10 16:47:26,MZ,PL
2022-05-10 16:47:26,DB,IG
2022-05-10 16:47:26,IG,MTP
2022-05-10 16:47:26,MTP,PL
2022-05-10 16:47:26,LL,MZ
2022-05-10 16:47:26,IG,MCM
2022-05-10 16:47:26,MCM,MTP
2022-05-10 16:47:26,MWB,MZ
2022-05-10 16:47:26,DB,MZ
2022-05-10 16:47:26,LL,MWB
2022-05-10 16:47:26,MTP,MZ
2022-05-10 16:47:26,MWB,PL
2022-05-10 16:47:26,MTP,MWB
2022-05-10 16:47:26,DB,MGB
2022-05-10 16:47:26,MCM,MZ
2022-05-10 16:47:26,DB,MTP
2022-05-10 16:47:26,DB,LL
2022-05-10 16:47:26,MGB,PL
2022-05-10 16:47:26,LL,MTP
2022-05-10 16:47:26,LL,MCM
2022-05-10 16:47:26,MCM,MGB
2022-05-10 16:47:26,IG,MGB
2022-05-10 16:47:26,IG,MZ
2022-05-10 16:47:26,IG,LL
2022-05-10 16:47:27,DB,LL
2022-05-10 16:47:27,MCM,PL
2022-05-10 16:47:27,IG,MTP
2022-05-10 16:47:27,LL,MZ
2022-05-10 16:47:27,IG,MZ
2022-05-10 16:47:27,IG,MCM
2022-05-10 16:47:27,MGB,MWB
2022-05-10 16:47:27,MGB,MZ
2022-05-10 16:47:27,LL,MTP
2022-05-10 16:47:27,MZ,PL
2022-05-10 16:47:27,IG,MWB
2022-05-10 16:47:27,IG,MGB
2022-05-10 16:47:27,MTP,PL
2022-05-10 16:47:27,LL,MCM
2022-05-10 16:47:27,DB,MGB
2022-05-10 16:47:27,MCM,MZ
2022-05-10 16:47:27,DB,MZ
2022-05-10 16:47:27,DB,IG
2022-05-10 16:47:27,DB,MTP
2022-05-10 16:47:27,MGB,MTP
2022-05-10 16:47:27,MWB,PL
2022-05-10 16:47:27,MTP,MWB
2022-05-10 16:47:27,IG,PL
2022-05-10 16:47:27,MTP,MZ
2022-05-10 16:47:27,LL,MWB
2022-05-10 16:47:27,LL,MGB
2022-05-10 16:47:27,MWB,MZ
2022-05-10 16:47:27,MCM,MGB
2022-05-10 16:47:27,DB,MCM
2022-05-10 16:47:27,DB,PL
2022-05-10 16:47:27,MGB,PL
2022-05-10 16:47:27,IG,LL
2022-05-10 16:47:27,DB,MWB
2022-05-10 16:47:27,MCM,MWB
2022-05-10 16:47:27,MCM,MTP
2022-05-10 16:47:27,LL,PL
2022-05-10 16:47:28,LL,MGB
2022-05-10 16:47:28,MCM,MZ
2022-05-10 16:47:28,MGB,PL
2022-05-10 16:47:28,MWB,MZ
2022-05-10 16:47:28,MTP,MWB
2022-05-10 16:47:28,IG,MZ
2022-05-10 16:47:28,LL,PL
2022-05-10 16:47:28,DB,IG
2022-05-10 16:47:28,IG,MTP
2022-05-10 16:47:28,DB,MGB
2022-05-10 16:47:28,MCM,PL
2022-05-10 16:47:28,MWB,PL
2022-05-10 16:47:28,IG,MGB
2022-05-10 16:47:28,MTP,MZ
2022-05-10 16:47:28,DB,MZ
2022-05-10 16:47:28,IG,MCM
2022-05-10 16:47:28,LL,MZ
2022-05-10 16:47:28,DB,MCM
2022-05-10 16:47:28,DB,MWB
2022-05-10 16:47:28,MGB,MTP
2022-05-10 16:47:28,MTP,PL
2022-05-10 16:47:28,IG,LL
2022-05-10 16:47:28,MZ,PL
2022-05-10 16:47:28,IG,MWB
2022-05-10 16:47:28,LL,MTP
2022-05-10 16:47:28,DB,LL
2022-05-10 16:47:28,DB,MTP
2022-05-10 16:47:28,LL,MWB
2022-05-10 16:47:28,MCM,MWB
2022-05-10 16:47:28,IG,PL
2022-05-10 16:47:28,MCM,MGB
2022-05-10 16:47:28,MGB,MZ
2022-05-10 16:47:28,MCM,MTP
2022-05-10 16:47:28,DB,PL
2022-05-10 16:47:28,MGB,MWB
2022-05-10 16:47:28,LL,MCM
2022-05-10 16:47:29,MCM,MWB
2022-05-10 16:47:29,IG,MTP
2022-05-10 16:47:29,DB,PL
2022-05-10 16:47:29,DB,MWB
2022-05-10 16:47:29,DB,IG
2022-05-10 16:47:29,MWB,PL
2022-05-10 16:47:29,MZ,PL
2022-05-10 16:47:29,MTP,PL
2022-05-10 16:47:29,MTP,MZ
2022-05-10 16:47:29,IG,MGB
2022-05-10 16:47:29,LL,MWB
2022-05-10 16:47:29,MCM,MTP
2022-05-10 16:47:29,MGB,MZ
2022-05-10 16:47:29,MCM,PL
2022-05-10 16:47:29,IG,MCM
2022-05-10 16:47:29,LL,MCM
2022-05-10 16:47:29,LL,PL
2022-05-10 16:47:29,IG,MWB
2022-05-10 16:47:29,DB,MTP
2022-05-10 16:47:29,LL,MZ
2022-05-10 16:47:29,IG,PL
2022-05-10 16:47:29,MWB,MZ
2022-05-10 16:47:29,MGB,MTP
2022-05-10 16:47:29,MGB,PL
2022-05-10 16:47:29,IG,MZ
2022-05-10 16:47:29,DB,MGB
2022-05-10 16:47:29,LL,MGB
2022-05-10 16:47:29,DB,LL
2022-05-10 16:47:29,MCM,MGB
2022-05-10 16:47:29,MCM,MZ
2022-05-10 16:47:29,MTP,MWB
2022-05-10 16:47:29,IG,LL
2022-05-10 16:47:29,MGB,MWB
2022-05-10 16:47:29,DB,MZ
2022-05-10 16:47:29,LL,MTP
2022-05-10 16:47:29,DB,MCM
2022-05-10 16:47:30,MCM,PL
2022-05-10 16:47:30,MGB,MTP
2022-05-10 16:47:30,DB,PL
2022-05-10 16:47:30,DB,MWB
2022-05-10 16:47:30,MTP,MZ
2022-05-10 16:47:30,IG,LL
2022-05-10 16:47:30,MWB,PL
2022-05-10 16:47:30,IG,PL
2022-05-10 16:47:30,DB,MGB
2022-05-10 16:47:30,IG,MTP
2022-05-10 16:47:30,MGB,PL
2022-05-10 16:47:30,LL,PL
2022-05-10 16:47:30,MTP,MWB
2022-05-10 16:47:30,MCM,MGB
2022-05-10 16:47:30,MCM,MTP
2022-05-10 16:47:30,LL,MGB
2022-05-10 16:47:30,MWB,MZ
2022-05-10 16:47:30,IG,MWB
2022-05-10 16:47:30,DB,MCM
2022-05-10 16:47:30,LL,MWB
2022-05-10 16:47:30,MCM,MWB
2022-05-10 16:47:30,MCM,MZ
2022-05-10 16:47:30,DB,LL
2022-05-10 16:47:30,LL,MTP
2022-05-10 16:47:30,DB,MZ
2022-05-10 16:47:30,IG,MZ
2022-05-10 16:47:30,MTP,PL
2022-05-10 16:47:30,IG,MGB
2022-05-10 16:47:30,MGB,MZ
2022-05-10 16:47:30,IG,MCM
2022-05-10 16:47:30,MGB,MWB
2022-05-10 16:47:30,MZ,PL
2022-05-10 16:47:30,LL,MCM
2022-05-10 16:47:30,DB,MTP
2022-05-10 16:47:30,DB,IG
2022-05-10 16:47:30,LL,MZ
2022-05-10 16:47:31,MCM,MWB
2022-05-10 16:47:31,IG,MTP
2022-05-10 16:47:31,IG,MGB
2022-05-10 16:47:31,MGB,MTP
2022-05-10 16:47:31,DB,MGB
2022-05-10 16:47:31,MCM,MGB
2022-05-10 16:47:31,IG,LL
2022-05-10 16:47:31,MTP,MZ
2022-05-10 16:47:31,DB,IG
2022-05-10 16:47:31,MGB,MZ
2022-05-10 16:47:31,IG,MZ
2022-05-10 16:47:31,MCM,MZ
2022-05-10 16:47:31,MZ,PL
2022-05-10 16:47:31,LL,PL
2022-05-10 16:47:31,MGB,MWB
2022-05-10 16:47:31,MWB,PL
2022-05-10 16:47:31,MTP,MWB
2022-05-10 16:47:31,LL,MTP
2022-05-10 16:47:31,DB,LL
2022-05-10 16:47:31,LL,MWB
2022-05-10 16:47:31,IG,PL
2022-05-10 16:47:31,IG,MWB
2022-05-10 16:47:31,LL,MZ
2022-05-10 16:47:31,DB,PL
2022-05-10 16:47:31,MWB,MZ
2022-05-10 16:47:31,MGB,PL
2022-05-10 16:47:31,DB,MTP
2022-05-10 16:47:31,DB,MWB
2022-05-10 16:47:31,IG,MCM
2022-05-10 16:47:31,LL,MGB
2022-05-10 16:47:31,DB,MZ
2022-05-10 16:47:31,DB,MCM
2022-05-10 16:47:31,MCM,MTP
2022-05-10 16:47:31,LL,MCM
2022-05-10 16:47:31,MCM,PL
2022-05-10 16:47:31,MTP,PL
2022-05-10 16:47:32,MWB,MZ
2022-05-10 16:47:32,IG,MTP
2022-05-10 16:47:32,LL,PL
2022-05-10 16:47:32,MCM,MGB
2022-05-10 16:47:32,LL,MGB
2022-05-10 16:47:32,DB,LL
2022-05-10 16:47:32,MTP,PL
2022-05-10 16:47:32,MCM,MZ
2022-05-10 16:47:32,MCM,MWB
2022-05-10 16:47:32,LL,MTP
2022-05-10 16:47:32,DB,MGB
2022-05-10 16:47:32,IG,MWB
2022-05-10 16:47:32,DB,MTP
2022-05-10 16:47:32,DB,MCM
2022-05-10 16:47:32,IG,PL
2022-05-10 16:47:32,DB,PL
2022-05-10 16:47:32,LL,MZ
2022-05-10 16:47:32,MCM,MTP
2022-05-10 16:47:32,IG,MCM
2022-05-10 16:47:32,DB,MZ
2022-05-10 16:47:32,MCM,PL
2022-05-10 16:47:32,DB,MWB
2022-05-10 16:47:32,MGB,PL
2022-05-10 16:47:32,LL,MCM
2022-05-10 16:47:32,MTP,MZ
2022-05-10 16:47:32,MTP,MWB
2022-05-10 16:47:32,MZ,PL
2022-05-10 16:47:32,MGB,MTP
2022-05-10 16:47:32,MGB,MZ
2022-05-10 16:47:32,IG,LL
2022-05-10 16:47:32,IG,MZ
2022-05-10 16:47:32,MWB,PL
2022-05-10 16:47:32,IG,MGB
2022-05-10 16:47:32,LL,MWB
2022-05-10 16:47:32,DB,IG
2022-05-10 16:47:32,MGB,MWB
2022-05-10 16:47:33,MTP,MWB
2022-05-10 16:47:33,DB,MTP
2022-05-10 16:47:33,IG,PL
2022-05-10 16:47:33,MGB,MWB
2022-05-10 16:47:33,IG,MWB
2022-05-10 16:47:33,MWB,MZ
2022-05-10 16:47:33,MZ,PL
2022-05-10 16:47:33,IG,MTP
2022-05-10 16:47:33,MCM,PL
2022-05-10 16:47:33,DB,MCM
2022-05-10 16:47:33,LL,MCM
2022-05-10 16:47:33,IG,LL
2022-05-10 16:47:33,IG,MCM
2022-05-10 16:47:33,DB,MGB
2022-05-10 16:47:33,MCM,MTP
2022-05-10 16:47:33,MWB,PL
2022-05-10 16:47:33,MTP,MZ
2022-05-10 16:47:33,DB,MWB
2022-05-10 16:47:33,MCM,MWB
2022-05-10 16:47:33,MCM,MZ
2022-05-10 16:47:33,LL,MZ
2022-05-10 16:47:33,DB,MZ
2022-05-10 16:47:33,IG,MGB
2022-05-10 16:47:33,DB,IG
2022-05-10 16:47:33,LL,MTP
2022-05-10 16:47:33,MGB,PL
2022-05-10 16:47:33,MGB,MZ
2022-05-10 16:47:33,DB,LL
2022-05-10 16:47:33,MTP,PL
2022-05-10 16:47:33,LL,PL
2022-05-10 16:47:33,LL,MWB
2022-05-10 16:47:33,MGB,MTP
2022-05-10 16:47:33,DB,PL
2022-05-10 16:47:33,IG,MZ
2022-05-10 16:47:33,MCM,MGB
2022-05-10 16:47:33,LL,MGB
2022-05-10 16:47:34,LL,MWB
2022-05-10 16:47:34,MCM,MTP
2022-05-10 16:47:34,MCM,PL
2022-05-10 16:47:34,DB,MGB
2022-05-10 16:47:34,MCM,MWB
2022-05-10 16:47:34,DB,MTP
2022-05-10 16:47:34,MCM,MZ
2022-05-10 16:47:34,MCM,MGB
2022-05-10 16:47:34,DB,MZ
2022-05-10 16:47:34,LL,MCM
2022-05-10 16:47:34,DB,IG
2022-05-10 16:47:34,MGB,MWB
2022-05-10 16:47:34,IG,MZ
2022-05-10 16:47:34,MZ,PL
2022-05-10 16:47:34,LL,MTP
2022-05-10 16:47:34,IG,MCM
2022-05-10 16:47:34,MGB,MZ
2022-05-10 16:47:34,DB,MCM
2022-05-10 16:47:34,DB,PL
2022-05-10 16:47:34,DB,LL
2022-05-10 16:47:34,MTP,PL
2022-05-10 16:47:34,IG,PL
2022-05-10 16:47:34,IG,MGB
2022-05-10 16:47:34,DB,MWB
2022-05-10 16:47:34,LL,MZ
2022-05-10 16:47:34,MGB,PL
2022-05-10 16:47:34,MWB,PL
2022-05-10 16:47:34,MWB,MZ
2022-05-10 16:47:34,IG,MWB
2022-05-10 16:47:34,IG,LL
2022-05-10 16:47:34,MGB,MTP
2022-05-10 16:47:34,LL,PL
2022-05-10 16:47:34,IG,MTP
2022-05-10 16:47:34,MTP,MWB
2022-05-10 16:47:34,LL,MGB
2022-05-10 16:47:34,MTP,MZ
2022-05-10 16:47:35,DB,LL
2022-05-10 16:47:35,IG,MZ
2022-05-10 16:47:35,MWB,MZ
2022-05-10 16:47:35,DB,IG
2022-05-10 16:47:35,MWB,PL
2022-05-10 16:47:35,IG,MCM
2022-05-10 16:47:35,IG,PL
2022-05-10 16:47:35,MZ,PL
2022-05-10 16:47:35,MTP,PL
2022-05-10 16:47:35,LL,MTP
2022-05-10 16:47:35,MGB,PL
2022-05-10 16:47:35,LL,MGB
2022-05-10 16:47:35,LL,PL
2022-05-10 16:47:35,DB,PL
2022-05-10 16:47:35,MGB,MZ
2022-05-10 16:47:35,IG,MTP
2022-05-10 16:47:35,IG,LL
2022-05-10 16:47:35,DB,MZ
2022-05-10 16:47:35,IG,MWB
2022-05-10 16:47:35,DB,MWB
2022-05-10 16:47:35,MTP,MZ
2022-05-10 16:47:35,DB,MCM
2022-05-10 16:47:35,MGB,MTP
2022-05-10 16:47:35,MCM,MTP
2022-05-10 16:47:35,MCM,PL
2022-05-10 16:47:35,DB,MGB
2022-05-10 16:47:35,MTP,MWB
2022-05-10 16:47:35,MCM,MWB
2022-05-10 16:47:35,MCM,MGB
2022-05-10 16:47:35,MCM,MZ
2022-05-10 16:47:35,LL,MWB
2022-05-10 16:47:35,DB,MTP
2022-05-10 16:47:35,MGB,MWB
2022-05-10 16:47:35,LL,MZ
2022-05-10 16:47:35,IG,MGB
2022-05-10 16:47:35,LL,MCM
2022-05-10 16:47:36,IG,MZ
2022-05-10 16:47:36,LL,PL
2022-05-10 16:47:36,MGB,MWB
2022-05-10 16:47:36,IG,MWB
2022-05-10 16:47:36,DB,MGB
2022-05-10 16:47:36,MCM,MGB
2022-05-10 16:47:36,DB,PL
2022-05-10 16:47:36,IG,MCM
2022-05-10 16:47:36,LL,MCM
2022-05-10 16:47:36,MWB,MZ
2022-05-10 16:47:36,LL,MGB
2022-05-10 16:47:36,MCM,MTP
2022-05-10 16:47:36,IG,PL
2022-05-10 16:47:36,DB,MWB
2022-05-10 16:47:36,MGB,MTP
2022-05-10 16:47:36,MCM,MZ
2022-05-10 16:47:36,DB,MTP
2022-05-10 16:47:36,IG,MGB
2022-05-10 16:47:36,MCM,PL
2022-05-10 16:47:36,LL,MWB
2022-05-10 16:47:36,LL,MZ
2022-05-10 16:47:36,DB,MZ
2022-05-10 16:47:36,IG,LL
2022-05-10 16:47:36,MTP,MWB
2022-05-10 16:47:36,MWB,PL
2022-05-10 16:47:36,DB,IG
2022-05-10 16:47:36,MZ,PL
2022-05-10 16:47:36,MGB,PL
2022-05-10 16:47:36,MGB,MZ
2022-05-10 16:47:36,MTP,MZ
2022-05-10 16:47:36,DB,LL
2022-05-10 16:47:36,DB,MCM
2022-05-10 16:47:36,IG,MTP
2022-05-10 16:47:36,MTP,PL
2022-05-10 16:47:36,LL,MTP
2022-05-10 16:47:36,MCM,MWB
2022-05-10 16:47:37,DB,MTP
2022-05-10 16:47:37,IG,MZ
2022-05-10 16:47:37,DB,MCM
2022-05-10 16:47:37,LL,MCM
2022-05-10 16:47:37,MTP,MWB
2022-05-10 16:47:37,LL,MWB
2022-05-10 16:47:37,DB,MWB
2022-05-10 16:47:37,IG,MGB
2022-05-10 16:47:37,MGB,MWB
2022-05-10 16:47:37,MWB,PL
2022-05-10 16:47:37,LL,MGB
2022-05-10 16:47:37,MGB,MZ
2022-05-10 16:47:37,MWB,MZ
2022-05-10 16:47:37,DB,MZ
2022-05-10 16:47:37,MGB,MTP
2022-05-10 16:47:37,IG,PL
2022-05-10 16:47:37,MTP,PL
2022-05-10 16:47:37,MCM,MZ
2022-05-10 16:47:37,MCM,MWB
2022-05-10 16:47:37,LL,MZ
2022-05-10 16:47:37,MCM,PL
2022-05-10 16:47:37,DB,IG
2022-05-10 16:47:37,MZ,PL
2022-05-10 16:47:37,LL,MTP
2022-05-10 16:47:37,DB,LL
2022-05-10 16:47:37,MGB,PL
2022-05-10 16:47:37,LL,PL
2022-05-10 16:47:37,IG,MCM
2022-05-10 16:47:37,IG,LL
2022-05-10 16:47:37,DB,PL
2022-05-10 16:47:37,MTP,MZ
2022-05-10 16:47:37,IG,MTP
2022-05-10 16:47:37,MCM,MGB
2022-05-10 16:47:37,DB,MGB
2022-05-10 16:47:37,IG,MWB
2022-05-10 16:47:37,MCM,MTP
2022-05-10 16:47:38,LL,MGB
2022-05-10 16:47:38,MWB,PL
2022-05-10 16:47:38,MZ,PL
2022-05-10 16:47:38,IG,MWB
2022-05-10 16:47:38,IG,MZ
2022-05-10 16:47:38,DB,IG
2022-05-10 16:47:38,IG,MGB
2022-05-10 16:47:38,MCM,MZ
2022-05-10 16:47:38,DB,MGB
2022-05-10 16:47:38,MGB,MTP
2022-05-10 16:47:38,LL,MZ
2022-05-10 16:47:38,DB,MZ
2022-05-10 16:47:38,MCM,PL
2022-05-10 16:47:38,DB,MCM
2022-05-10 16:47:38,MCM,MWB
2022-05-10 16:47:38,IG,MTP
2022-05-10 16:47:38,DB,MWB
2022-05-10 16:47:38,DB,MTP
2022-05-10 16:47:38,MGB,PL
2022-05-10 16:47:38,LL,MTP
2022-05-10 16:47:38,LL,PL
2022-05-10 16:47:38,MCM,MGB
2022-05-10 16:47:38,DB,PL
2022-05-10 16:47:38,MWB,MZ
2022-05-10 16:47:38,MGB,MWB
2022-05-10 16:47:38,LL,MWB
2022-05-10 16:47:38,IG,LL
2022-05-10 16:47:38,MGB,MZ
2022-05-10 16:47:38,IG,MCM
2022-05-10 16:47:38,IG,PL
2022-05-10 16:47:38,MTP,PL
2022-05-10 16:47:38,MCM,MTP
2022-05-10 16:47:38,DB,LL
2022-05-10 16:47:38,MTP,MWB
2022-05-10 16:47:38,MTP,MZ
2022-05-10 16:47:38,LL,MCM
2022-05-10 16:47:39,MTP,MWB
2022-05-10 16:47:39,LL,MGB
2022-05-10 16:47:39,MWB,MZ
2022-05-10 16:47:39,DB,MWB
2022-05-10 16:47:39,DB,MCM
2022-05-10 16:47:39,MCM,MZ
2022-05-10 16:47:39,IG,MTP
2022-05-10 16:47:39,IG,LL
2022-05-10 16:47:39,LL,PL
2022-05-10 16:47:39,MCM,PL
2022-05-10 16:47:39,IG,MGB
2022-05-10 16:47:39,IG,MWB
2022-05-10 16:47:39,MWB,PL
2022-05-10 16:47:39,MGB,PL
2022-05-10 16:47:39,LL,MZ
2022-05-10 16:47:39,IG,PL
2022-05-10 16:47:39,MTP,PL
2022-05-10 16:47:39,IG,MZ
2022-05-10 16:47:39,DB,MGB
2022-05-10 16:47:39,LL,MCM
2022-05-10 16:47:39,MCM,MGB
2022-05-10 16:47:39,DB,PL
2022-05-10 16:47:39,MGB,MWB
2022-05-10 16:47:39,LL,MWB
2022-05-10 16:47:39,IG,MCM
2022-05-10 16:47:39,MTP,MZ
2022-05-10 16:47:39,DB,LL
2022-05-10 16:47:39,MCM,MTP
2022-05-10 16:47:39,MGB,MZ
2022-05-10 16:47:39,LL,MTP
2022-05-10 16:47:39,MGB,MTP
2022-05-10 16:47:39,MCM,MWB
2022-05-10 16:47:39,DB,IG
2022-05-10 16:47:39,DB,MZ
2022-05-10 16:47:39,DB,MTP
2022-05-10 16:47:39,MZ,PL
2022-05-10 16:47:40,MGB,MZ
2022-05-10 16:47:40,MTP,PL
2022-05-10 16:47:40,IG,MZ
2022-05-10 16:47:40,IG,MTP
2022-05-10 16:47:40,DB,MWB
2022-05-10 16:47:40,MCM,MWB
2022-05-10 16:47:40,DB,MZ
2022-05-10 16:47:40,LL,MGB
2022-05-10 16:47:40,MCM,MGB
2022-05-10 16:47:40,DB,PL
2022-05-10 16:47:40,MWB,MZ
2022-05-10 16:47:40,DB,IG
2022-05-10 16:47:40,LL,MWB
2022-05-10 16:47:40,LL,PL
2022-05-10 16:47:40,DB,LL
2022-05-10 16:47:40,MCM,MZ
2022-05-10 16:47:40,LL,MTP
2022-05-10 16:47:40,IG,MGB
2022-05-10 16:47:40,MCM,MTP
2022-05-10 16:47:40,MWB,PL
2022-05-10 16:47:40,LL,MZ
2022-05-10 16:47:40,MTP,MZ
2022-05-10 16:47:40,MGB,PL
2022-05-10 16:47:40,DB,MTP
2022-05-10 16:47:40,IG,LL
2022-05-10 16:47:40,MGB,MTP
2022-05-10 16:47:40,IG,MWB
2022-05-10 16:47:40,MTP,MWB
2022-05-10 16:47:40,MGB,MWB
2022-05-10 16:47:40,MZ,PL
2022-05-10 16:47:40,LL,MCM
2022-05-10 16:47:40,IG,PL
2022-05-10 16:47:40,DB,MCM
2022-05-10 16:47:40,DB,MGB
2022-05-10 16:47:40,MCM,PL
2022-05-10 16:47:40,IG,MCM
2022-05-10 16:47:41,LL,MCM
2022-05-10 16:47:41,LL,MTP
2022-05-10 16:47:41,MZ,PL
2022-05-10 16:47:41,MTP,MWB
2022-05-10 16:47:41,DB,IG
2022-05-10 16:47:41,MGB,MTP
2022-05-10 16:47:41,LL,MZ
2022-05-10 16:47:41,DB,MTP
2022-05-10 16:47:41,DB,MZ
2022-05-10 16:47:41,MWB,PL
2022-05-10 16:47:41,MCM,MWB
2022-05-10 16:47:41,MTP,MZ
2022-05-10 16:47:41,MCM,MZ
2022-05-10 16:47:41,DB,MCM
2022-05-10 16:47:41,IG,MGB
2022-05-10 16:47:41,DB,MWB
2022-05-10 16:47:41,MGB,PL
2022-05-10 16:47:41,LL,PL
2022-05-10 16:47:41,IG,LL
2022-05-10 16:47:41,MGB,MWB
2022-05-10 16:47:41,DB,MGB
2022-05-10 16:47:41,MTP,PL
2022-05-10 16:47:41,IG,MTP
2022-05-10 16:47:41,IG,MZ
2022-05-10 16:47:41,MCM,MGB
2022-05-10 16:47:41,LL,MGB
2022-05-10 16:47:41,IG,MWB
2022-05-10 16:47:41,MGB,MZ
2022-05-10 16:47:41,DB,PL
2022-05-10 16:47:41,IG,MCM
2022-05-10 16:47:41,MCM,PL
2022-05-10 16:47:41,MWB,MZ
2022-05-10 16:47:41,MCM,MTP
2022-05-10 16:47:41,IG,PL
2022-05-10 16:47:41,DB,LL
2022-05-10 16:47:41,LL,MWB
2022-05-10 16:47:42,LL,MCM
2022-05-10 16:47:42,DB,MWB
2022-05-10 16:47:42,MTP,PL
2022-05-10 16:47:42,IG,MZ
2022-05-10 16:47:42,IG,PL
2022-05-10 16:47:42,DB,MCM
2022-05-10 16:47:42,MTP,MWB
2022-05-10 16:47:42,MZ,PL
2022-05-10 16:47:42,MCM,MGB
2022-05-10 16:47:42,DB,MZ
2022-05-10 16:47:42,DB,LL
2022-05-10 16:47:42,DB,MTP
2022-05-10 16:47:42,MGB,MWB
2022-05-10 16:47:42,LL,MWB
2022-05-10 16:47:42,LL,MTP
2022-05-10 16:47:42,LL,MZ
2022-05-10 16:47:42,MCM,MTP
2022-05-10 16:47:42,DB,IG
2022-05-10 16:47:42,DB,PL
2022-05-10 16:47:42,IG,MCM
2022-05-10 16:47:42,MCM,MWB
2022-05-10 16:47:42,MGB,MZ
2022-05-10 16:47:42,DB,MGB
2022-05-10 16:47:42,IG,LL
2022-05-10 16:47:42,LL,MGB
2022-05-10 16:47:42,IG,MTP
2022-05-10 16:47:42,LL,PL
2022-05-10 16:47:42,MGB,PL
2022-05-10 16:47:42,MWB,PL
2022-05-10 16:47:42,MWB,MZ
2022-05-10 16:47:42,MCM,PL
2022-05-10 16:47:42,MGB,MTP
2022-05-10 16:47:42,IG,MGB
2022-05-10 16:47:42,IG,MWB
2022-05-10 16:47:42,MTP,MZ
2022-05-10 16:47:42,MCM,MZ
2022-05-10 16:47:43,DB,MTP
2022-05-10 16:47:43,MWB,MZ
2022-05-10 16:47:43,MGB,MZ
2022-05-10 16:47:43,MZ,PL
2022-05-10 16:47:43,LL,MGB
2022-05-10 16:47:43,LL,MZ
2022-05-10 16:47:43,MCM,MZ
2022-05-10 16:47:43,MCM,MGB
2022-05-10 16:47:43,MGB,PL
2022-05-10 16:47:43,MTP,MZ
2022-05-10 16:47:43,DB,IG
2022-05-10 16:47:43,DB,MGB
2022-05-10 16:47:43,IG,LL
2022-05-10 16:47:43,LL,MCM
2022-05-10 16:47:43,MGB,MWB
2022-05-10 16:47:43,MCM,MTP
2022-05-10 16:47:43,IG,MTP
2022-05-10 16:47:43,IG,MGB
2022-05-10 16:47:43,DB,LL
2022-05-10 16:47:43,MGB,MTP
2022-05-10 16:47:43,MWB,PL
2022-05-10 16:47:43,MTP,MWB
2022-05-10 16:47:43,LL,MTP
2022-05-10 16:47:43,MTP,PL
2022-05-10 16:47:43,DB,PL
2022-05-10 16:47:43,LL,MWB
2022-05-10 16:47:43,LL,PL
2022-05-10 16:47:43,IG,MCM
2022-05-10 16:47:43,DB,MZ
2022-05-10 16:47:43,IG,MWB
2022-05-10 16:47:43,IG,MZ
2022-05-10 16:47:43,MCM,PL
2022-05-10 16:47:43,IG,PL
2022-05-10 16:47:43,MCM,MWB
2022-05-10 16:47:43,DB,MWB
2022-05-10 16:47:43,DB,MCM
2022-05-10 16:47:44,IG,MGB
2022-05-10 16:47:44,IG,LL
2022-05-10 16:47:44,IG,MTP
2022-05-10 16:47:44,DB,PL
2022-05-10 16:47:44,DB,LL
2022-05-10 16:47:44,LL,PL
2022-05-10 16:47:44,MGB,MZ
2022-05-10 16:47:44,IG,MWB
2022-05-10 16:47:44,MZ,PL
2022-05-10 16:47:44,IG,PL
2022-05-10 16:47:44,LL,MWB
2022-05-10 16:47:44,DB,MTP
2022-05-10 16:47:44,DB,IG
2022-05-10 16:47:44,MWB,MZ
2022-05-10 16:47:44,DB,MWB
2022-05-10 16:47:44,MCM,PL
2022-05-10 16:47:44,DB,MCM
2022-05-10 16:47:44,MGB,MTP
2022-05-10 16:47:44,MWB,PL
2022-05-10 16:47:44,MTP,MWB
2022-05-10 16:47:44,MTP,PL
2022-05-10 16:47:44,DB,MZ
2022-05-10 16:47:44,IG,MZ
2022-05-10 16:47:44,LL,MTP
2022-05-10 16:47:44,MCM,MWB
2022-05-10 16:47:44,DB,MGB
2022-05-10 16:47:44,MTP,MZ
2022-05-10 16:47:44,LL,MCM
2022-05-10 16:47:44,IG,MCM
2022-05-10 16:47:44,MCM,MGB
2022-05-10 16:47:44,MCM,MTP
2022-05-10 16:47:44,MCM,MZ
2022-05-10 16:47:44,LL,MZ
2022-05-10 16:47:44,LL,MGB
2022-05-10 16:47:44,MGB,MWB
2022-05-10 16:47:44,MGB,PL
2022-05-10 16:47:45,MCM,MGB
2022-05-10 16:47:45,MTP,MZ
2022-05-10 16:47:45,DB,MGB
2022-05-10 16:47:45,MTP,PL
2022-05-10 16:47:45,IG,MZ
2022-05-10 16:47:45,LL,MGB
2022-05-10 16:47:45,IG,MCM
2022-05-10 16:47:45,IG,MTP
2022-05-10 16:47:45,MGB,MTP
2022-05-10 16:47:45,MGB,MWB
2022-05-10 16:47:45,DB,MWB
2022-05-10 16:47:45,DB,PL
2022-05-10 16:47:45,MCM,PL
2022-05-10 16:47:45,MWB,PL
2022-05-10 16:47:45,DB,MCM
2022-05-10 16:47:45,MTP,MWB
2022-05-10 16:47:45,DB,MZ
2022-05-10 16:47:45,DB,MTP
2022-05-10 16:47:45,IG,LL
2022-05-10 16:47:45,MCM,MWB
2022-05-10 16:47:45,LL,MWB
2022-05-10 16:47:45,MCM,MTP
2022-05-10 16:47:45,MCM,MZ
2022-05-10 16:47:45,MGB,PL
2022-05-10 16:47:45,MGB,MZ
2022-05-10 16:47:45,DB,IG
2022-05-10 16:47:45,DB,LL
2022-05-10 16:47:45,LL,MCM
2022-05-10 16:47:45,MWB,MZ
2022-05-10 16:47:45,LL,PL
2022-05-10 16:47:45,IG,PL
2022-05-10 16:47:45,LL,MTP
2022-05-10 16:47:45,IG,MGB
2022-05-10 16:47:45,MZ,PL
2022-05-10 16:47:45,LL,MZ
2022-05-10 16:47:45,IG,MWB
2022-05-10 16:47:46,DB,MCM
2022-05-10 16:47:46,MZ,PL
2022-05-10 16:47:46,MTP,MWB
2022-05-10 16:47:46,DB,MTP
2022-05-10 16:47:46,MCM,PL
2022-05-10 16:47:46,IG,LL
2022-05-10 16:47:46,MGB,MTP
2022-05-10 16:47:46,DB,MGB
2022-05-10 16:47:46,MCM,MWB
2022-05-10 16:47:46,MCM,MGB
2022-05-10 16:47:46,MGB,PL
2022-05-10 16:47:46,MTP,PL
2022-05-10 16:47:46,MCM,MTP
2022-05-10 16:47:46,IG,MCM
2022-05-10 16:47:46,MCM,MZ
2022-05-10 16:47:46,IG,MWB
2022-05-10 16:47:46,MTP,MZ
2022-05-10 16:47:46,MGB,MWB
2022-05-10 16:47:46,IG,MTP
2022-05-10 16:47:46,LL,MGB
2022-05-10 16:47:46,IG,MGB
2022-05-10 16:47:46,MGB,MZ
2022-05-10 16:47:46,DB,MWB
2022-05-10 16:47:46,MWB,MZ
2022-05-10 16:47:46,LL,MTP
2022-05-10 16:47:46,LL,MWB
2022-05-10 16:47:46,DB,MZ
2022-05-10 16:47:46,LL,MCM
2022-05-10 16:47:46,DB,IG
2022-05-10 16:47:46,DB,PL
2022-05-10 16:47:46,LL,MZ
2022-05-10 16:47:46,LL,PL
2022-05-10 16:47:46,DB,LL
2022-05-10 16:47:46,IG,PL
2022-05-10 16:47:46,MWB,PL
2022-05-10 16:47:46,IG,MZ
2022-05-10 16:47:47,IG,LL
2022-05-10 16:47:47,MGB,PL
2022-05-10 16:47:47,LL,PL
2022-05-10 16:47:47,MTP,MZ
2022-05-10 16:47:47,IG,MTP
2022-05-10 16:47:47,DB,PL
2022-05-10 16:47:47,DB,MTP
2022-05-10 16:47:47,DB,MGB
2022-05-10 16:47:47,MTP,MWB
2022-05-10 16:47:47,IG,MGB
2022-05-10 16:47:47,MCM,MGB
2022-05-10 16:47:47,DB,LL
2022-05-10 16:47:47,MWB,MZ
2022-05-10 16:47:47,LL,MZ
2022-05-10 16:47:47,LL,MWB
2022-05-10 16:47:47,IG,MCM
2022-05-10 16:47:47,DB,MZ
2022-05-10 16:47:47,MCM,PL
2022-05-10 16:47:47,MGB,MWB
2022-05-10 16:47:47,LL,MTP
2022-05-10 16:47:47,MCM,MTP
2022-05-10 16:47:47,MZ,PL
2022-05-10 16:47:47,IG,PL
2022-05-10 16:47:47,MWB,PL
2022-05-10 16:47:47,MTP,PL
2022-05-10 16:47:47,IG,MZ
2022-05-10 16:47:47,LL,MCM
2022-05-10 16:47:47,DB,IG
2022-05-10 16:47:47,DB,MWB
2022-05-10 16:47:47,MGB,MZ
2022-05-10 16:47:47,LL,MGB
2022-05-10 16:47:47,MGB,MTP
2022-05-10 16:47:47,MCM,MZ
2022-05-10 16:47:47,DB,MCM
2022-05-10 16:47:47,IG,MWB
2022-05-10 16:47:47,MCM,MWB
2022-05-10 16:47:48,MTP,MWB
2022-05-10 16:47:48,LL,PL
2022-05-10 16:47:48,MZ,PL
2022-05-10 16:47:48,DB,IG
2022-05-10 16:47:48,DB,PL
2022-05-10 16:47:48,MCM,MTP
2022-05-10 16:47:48,IG,PL
2022-05-10 16:47:48,MCM,MWB
2022-05-10 16:47:48,MCM,MGB
2022-05-10 16:47:48,DB,LL
2022-05-10 16:47:48,MWB,PL
2022-05-10 16:47:48,LL,MTP
2022-05-10 16:47:48,LL,MZ
2022-05-10 16:47:48,MTP,PL
2022-05-10 16:47:48,IG,MZ
2022-05-10 16:47:48,MGB,PL
2022-05-10 16:47:48,IG,MCM
2022-05-10 16:47:48,MGB,MTP
2022-05-10 16:47:48,IG,MTP
2022-05-10 16:47:48,IG,MGB
2022-05-10 16:47:48,MGB,MZ
2022-05-10 16:47:48,DB,MCM
2022-05-10 16:47:48,MWB,MZ
2022-05-10 16:47:48,IG,MWB
2022-05-10 16:47:48,LL,MGB
2022-05-10 16:47:48,DB,MWB
2022-05-10 16:47:48,MCM,MZ
2022-05-10 16:47:48,LL,MWB
2022-05-10 16:47:48,MCM,PL
2022-05-10 16:47:48,LL,MCM
2022-05-10 16:47:48,DB,MZ
2022-05-10 16:47:48,DB,MGB
2022-05-10 16:47:48,DB,MTP
2022-05-10 16:47:48,IG,LL
2022-05-10 16:47:48,MTP,MZ
2022-05-10 16:47:48,MGB,MWB
2022-05-10 16:47:49,LL,MZ
2022-05-10 16:47:49,IG,MWB
2022-05-10 16:47:49,IG,LL
2022-05-10 16:47:49,DB,MGB
2022-05-10 16:47:49,IG,MCM
2022-05-10 16:47:49,LL,MCM
2022-05-10 16:47:49,MWB,PL
2022-05-10 16:47:49,DB,MCM
2022-05-10 16:47:49,MGB,MTP
2022-05-10 16:47:49,MCM,MZ
2022-05-10 16:47:49,DB,PL
2022-05-10 16:47:49,MTP,PL
2022-05-10 16:47:49,MGB,PL
2022-05-10 16:47:49,MTP,MZ
2022-05-10 16:47:49,DB,MTP
2022-05-10 16:47:49,IG,MTP
2022-05-10 16:47:49,DB,MZ
2022-05-10 16:47:49,MTP,MWB
2022-05-10 16:47:49,LL,MGB
2022-05-10 16:47:49,MGB,MZ
2022-05-10 16:47:49,IG,MZ
2022-05-10 16:47:49,DB,MWB
2022-05-10 16:47:49,DB,LL
2022-05-10 16:47:49,MCM,MWB
2022-05-10 16:47:49,MCM,MGB
2022-05-10 16:47:49,IG,MGB
2022-05-10 16:47:49,IG,PL
2022-05-10 16:47:49,MGB,MWB
2022-05-10 16:47:49,MWB,MZ
2022-05-10 16:47:49,MZ,PL
2022-05-10 16:47:49,MCM,MTP
2022-05-10 16:47:49,LL,MTP
2022-05-10 16:47:49,LL,MWB
2022-05-10 16:47:49,DB,IG
2022-05-10 16:47:49,LL,PL
2022-05-10 16:47:49,MCM,PL
2022-05-10 16:47:50,IG,MTP
2022-05-10 16:47:50,DB,MWB
2022-05-10 16:47:50,MGB,PL
2022-05-10 16:47:50,MGB,MWB
2022-05-10 16:47:50,MTP,MZ
2022-05-10 16:47:50,DB,IG
2022-05-10 16:47:50,MZ,PL
2022-05-10 16:47:50,DB,MZ
2022-05-10 16:47:50,LL,MGB
2022-05-10 16:47:50,MCM,MTP
2022-05-10 16:47:50,LL,MWB
2022-05-10 16:47:50,MTP,MWB
2022-05-10 16:47:50,MGB,MZ
2022-05-10 16:47:50,IG,MZ
2022-05-10 16:47:50,DB,PL
2022-05-10 16:47:50,MWB,MZ
2022-05-10 16:47:50,MCM,PL
2022-05-10 16:47:50,DB,LL
2022-05-10 16:47:50,MCM,MWB
2022-05-10 16:47:50,IG,MWB
2022-05-10 16:47:50,IG,LL
2022-05-10 16:47:50,LL,MTP
2022-05-10 16:47:50,MCM,MGB
2022-05-10 16:47:50,IG,MCM
2022-05-10 16:47:50,MTP,PL
2022-05-10 16:47:50,DB,MGB
2022-05-10 16:47:50,MWB,PL
2022-05-10 16:47:50,DB,MTP
2022-05-10 16:47:50,MCM,MZ
2022-05-10 16:47:50,DB,MCM
2022-05-10 16:47:50,LL,MZ
2022-05-10 16:47:50,LL,PL
2022-05-10 16:47:50,MGB,MTP
2022-05-10 16:47:50,IG,PL
2022-05-10 16:47:50,IG,MGB
2022-05-10 16:47:50,LL,MCM
2022-05-10 16:47:51,DB,MTP
2022-05-10 16:47:51,LL,MWB
2022-05-10 16:47:51,MCM,PL
2022-05-10 16:47:51,MGB,MTP
2022-05-10 16:47:51,MGB,MZ
2022-05-10 16:47:51,DB,IG
2022-05-10 16:47:51,MCM,MTP
2022-05-10 16:47:51,MWB,MZ
2022-05-10 16:47:51,IG,MTP
2022-05-10 16:47:51,MCM,MWB
2022-05-10 16:47:51,IG,MWB
2022-05-10 16:47:51,DB,MWB
2022-05-10 16:47:51,LL,MTP
2022-05-10 16:47:51,DB,MGB
2022-05-10 16:47:51,DB,MCM
2022-05-10 16:47:51,MGB,PL
2022-05-10 16:47:51,DB,PL
2022-05-10 16:47:51,MTP,MZ
2022-05-10 16:47:51,LL,MGB
2022-05-10 16:47:51,MCM,MGB
2022-05-10 16:47:51,LL,PL
2022-05-10 16:47:51,MCM,MZ
2022-05-10 16:47:51,IG,PL
2022-05-10 16:47:51,MWB,PL
2022-05-10 16:47:51,LL,MZ
2022-05-10 16:47:51,DB,LL
2022-05-10 16:47:51,DB,MZ
2022-05-10 16:47:51,MZ,PL
2022-05-10 16:47:51,MTP,PL
2022-05-10 16:47:51,IG,MZ
2022-05-10 16:47:51,MGB,MWB
2022-05-10 16:47:51,IG,MCM
2022-05-10 16:47:51,MTP,MWB
2022-05-10 16:47:51,IG,LL
2022-05-10 16:47:51,LL,MCM
2022-05-10 16:47:51,IG,MGB
2022-05-10 16:47:52,LL,PL
2022-05-10 16:47:52,DB,MZ
2022-05-10 16:47:52,MGB,MTP
2022-05-10 16:47:52,IG,MGB
2022-05-10 16:47:52,DB,MGB
2022-05-10 16:47:52,MTP,PL
2022-05-10 16:47:52,DB,PL
2022-05-10 16:47:52,LL,MGB
2022-05-10 16:47:52,MGB,PL
2022-05-10 16:47:52,DB,LL
2022-05-10 16:47:52,MCM,MGB
2022-05-10 16:47:52,MWB,PL
2022-05-10 16:47:52,LL,MTP
2022-05-10 16:47:52,IG,MWB
2022-05-10 16:47:52,IG,LL
2022-05-10 16:47:52,MCM,MWB
2022-05-10 16:47:52,IG,PL
2022-05-10 16:47:52,MGB,MWB
2022-05-10 16:47:52,IG,MTP
2022-05-10 16:47:52,MCM,MTP
2022-05-10 16:47:52,MZ,PL
2022-05-10 16:47:52,LL,MZ
2022-05-10 16:47:52,DB,IG
2022-05-10 16:47:52,DB,MCM
2022-05-10 16:47:52,MTP,MZ
2022-05-10 16:47:52,MWB,MZ
2022-05-10 16:47:52,LL,MWB
2022-05-10 16:47:52,IG,MZ
2022-05-10 16:47:52,LL,MCM
2022-05-10 16:47:52,MGB,MZ
2022-05-10 16:47:52,MCM,MZ
2022-05-10 16:47:52,DB,MTP
2022-05-10 16:47:52,MTP,MWB
2022-05-10 16:47:52,IG,MCM
2022-05-10 16:47:52,DB,MWB
2022-05-10 16:47:52,MCM,PL
2022-05-10 16:47:53,MCM,MGB
2022-05-10 16:47:53,LL,MTP
2022-05-10 16:47:53,MGB,MWB
2022-05-10 16:47:53,MWB,MZ
2022-05-10 16:47:53,MTP,MWB
2022-05-10 16:47:53,IG,MWB
2022-05-10 16:47:53,DB,MCM
2022-05-10 16:47:53,LL,MCM
2022-05-10 16:47:53,MWB,PL
2022-05-10 16:47:53,MTP,MZ
2022-05-10 16:47:53,IG,LL
2022-05-10 16:47:53,MCM,MWB
2022-05-10 16:47:53,LL,MZ
2022-05-10 16:47:53,IG,PL
2022-05-10 16:47:53,LL,MWB
2022-05-10 16:47:53,IG,MTP
2022-05-10 16:47:53,MCM,MTP
2022-05-10 16:47:53,MCM,PL
2022-05-10 16:47:53,DB,MTP
2022-05-10 16:47:53,MZ,PL
2022-05-10 16:47:53,DB,IG
2022-05-10 16:47:53,MCM,MZ
2022-05-10 16:47:53,IG,MCM
2022-05-10 16:47:53,LL,PL
2022-05-10 16:47:53,IG,MZ
2022-05-10 16:47:53,DB,MGB
2022-05-10 16:47:53,MGB,PL
2022-05-10 16:47:53,DB,LL
2022-05-10 16:47:53,MGB,MZ
2022-05-10 16:47:53,DB,PL
2022-05-10 16:47:53,MGB,MTP
2022-05-10 16:47:53,LL,MGB
2022-05-10 16:47:53,DB,MWB
2022-05-10 16:47:53,DB,MZ
2022-05-10 16:47:53,IG,MGB
2022-05-10 16:47:53,MTP,PL
2022-05-10 16:47:54,LL,MZ
2022-05-10 16:47:54,LL,MWB
2022-05-10 16:47:54,MCM,MWB
2022-05-10 16:47:54,DB,PL
2022-05-10 16:47:54,MGB,MWB
2022-05-10 16:47:54,MWB,MZ
2022-05-10 16:47:54,IG,MGB
2022-05-10 16:47:54,LL,MGB
2022-05-10 16:47:54,IG,MTP
2022-05-10 16:47:54,MCM,MTP
2022-05-10 16:47:54,MGB,MZ
2022-05-10 16:47:54,MCM,PL
2022-05-10 16:47:54,DB,MTP
2022-05-10 16:47:54,IG,PL
2022-05-10 16:47:54,MTP,PL
2022-05-10 16:47:54,MCM,MZ
2022-05-10 16:47:54,IG,MZ
2022-05-10 16:47:54,MWB,PL
2022-05-10 16:47:54,MGB,PL
2022-05-10 16:47:54,MGB,MTP
2022-05-10 16:47:54,DB,MCM
2022-05-10 16:47:54,IG,MCM
2022-05-10 16:47:54,LL,MCM
2022-05-10 16:47:54,DB,IG
2022-05-10 16:47:54,IG,LL
2022-05-10 16:47:54,MTP,MZ
2022-05-10 16:47:54,MTP,MWB
2022-05-10 16:47:54,DB,LL
2022-05-10 16:47:54,MCM,MGB
2022-05-10 16:47:54,LL,MTP
2022-05-10 16:47:54,DB,MZ
2022-05-10 16:47:54,DB,MGB
2022-05-10 16:47:54,IG,MWB
2022-05-10 16:47:54,LL,PL
2022-05-10 16:47:54,DB,MWB
2022-05-10 16:47:54,MZ,PL
2022-05-10 16:47:55,MTP,MZ
2022-05-10 16:47:55,DB,MTP
2022-05-10 16:47:55,IG,MTP
2022-05-10 16:47:55,MGB,PL
2022-05-10 16:47:55,IG,MGB
2022-05-10 16:47:55,DB,LL
2022-05-10 16:47:55,MTP,MWB
2022-05-10 16:47:55,LL,MTP
2022-05-10 16:47:55,IG,MCM
2022-05-10 16:47:55,MWB,MZ
2022-05-10 16:47:55,LL,MZ
2022-05-10 16:47:55,IG,MWB
2022-05-10 16:47:55,MGB,MTP
2022-05-10 16:47:55,MCM,PL
2022-05-10 16:47:55,DB,MWB
2022-05-10 16:47:55,MGB,MZ
2022-05-10 16:47:55,LL,PL
2022-05-10 16:47:55,LL,MGB
2022-05-10 16:47:55,LL,MWB
2022-05-10 16:47:55,DB,PL
2022-05-10 16:47:55,LL,MCM
2022-05-10 16:47:55,DB,MGB
2022-05-10 16:47:55,IG,MZ
2022-05-10 16:47:55,MTP,PL
2022-05-10 16:47:55,MCM,MGB
2022-05-10 16:47:55,MWB,PL
2022-05-10 16:47:55,DB,MCM
2022-05-10 16:47:55,IG,LL
2022-05-10 16:47:55,MZ,PL
2022-05-10 16:47:55,IG,PL
2022-05-10 16:47:55,DB,IG
2022-05-10 16:47:55,MCM,MTP
2022-05-10 16:47:55,MGB,MWB
2022-05-10 16:47:55,DB,MZ
2022-05-10 16:47:55,MCM,MZ
2022-05-10 16:47:55,MCM,MWB
2022-05-10 16:47:56,MWB,MZ
2022-05-10 16:47:56,MZ,PL
2022-05-10 16:47:56,MWB,PL
2022-05-10 16:47:56,MCM,PL
2022-05-10 16:47:56,DB,MTP
2022-05-10 16:47:56,MGB,MWB
2022-05-10 16:47:56,IG,PL
2022-05-10 16:47:56,LL,PL
2022-05-10 16:47:56,DB,MCM
2022-05-10 16:47:56,DB,LL
2022-05-10 16:47:56,LL,MWB
2022-05-10 16:47:56,MTP,MWB
2022-05-10 16:47:56,MTP,PL
2022-05-10 16:47:56,LL,MCM
2022-05-10 16:47:56,DB,MZ
2022-05-10 16:47:56,MCM,MZ
2022-05-10 16:47:56,IG,LL
2022-05-10 16:47:56,IG,MZ
2022-05-10 16:47:56,IG,MGB
2022-05-10 16:47:56,LL,MZ
2022-05-10 16:47:56,DB,IG
2022-05-10 16:47:56,MCM,MWB
2022-05-10 16:47:56,MGB,PL
2022-05-10 16:47:56,LL,MTP
2022-05-10 16:47:56,MGB,MTP
2022-05-10 16:47:56,IG,MWB
2022-05-10 16:47:56,MCM,MGB
2022-05-10 16:47:56,LL,MGB
2022-05-10 16:47:56,DB,PL
2022-05-10 16:47:56,DB,MGB
2022-05-10 16:47:56,IG,MCM
2022-05-10 16:47:56,MTP,MZ
2022-05-10 16:47:56,MCM,MTP
2022-05-10 16:47:56,MGB,MZ
2022-05-10 16:47:56,DB,MWB
2022-05-10 16:47:56,IG,MTP
2022-05-10 16:47:57,MWB,MZ
2022-05-10 16:47:57,DB,LL
2022-05-10 16:47:57,IG,MCM
2022-05-10 16:47:57,LL,MTP
2022-05-10 16:47:57,IG,MTP
2022-05-10 16:47:57,MWB,PL
2022-05-10 16:47:57,MCM,MTP
2022-05-10 16:47:57,IG,PL
2022-05-10 16:47:57,MCM,MGB
2022-05-10 16:47:57,DB,MZ
2022-05-10 16:47:57,MGB,MWB
2022-05-10 16:47:57,IG,LL
2022-05-10 16:47:57,MCM,MWB
2022-05-10 16:47:57,LL,MZ
2022-05-10 16:47:57,DB,MWB
2022-05-10 16:47:57,MGB,PL
2022-05-10 16:47:57,MTP,PL
2022-05-10 16:47:57,MCM,MZ
2022-05-10 16:47:57,MTP,MZ
2022-05-10 16:47:57,DB,IG
2022-05-10 16:47:57,DB,MTP
2022-05-10 16:47:57,MGB,MZ
2022-05-10 16:47:57,DB,MGB
2022-05-10 16:47:57,DB,MCM
2022-05-10 16:47:57,LL,PL
2022-05-10 16:47:57,IG,MWB
2022-05-10 16:47:57,DB,PL
2022-05-10 16:47:57,MTP,MWB
2022-05-10 16:47:57,LL,MCM
2022-05-10 16:47:57,LL,MGB
2022-05-10 16:47:57,LL,MWB
2022-05-10 16:47:57,MGB,MTP
2022-05-10 16:47:57,IG,MZ
2022-05-10 16:47:57,IG,MGB
2022-05-10 16:47:57,MZ,PL
2022-05-10 16:47:57,MCM,PL
2022-05-10 16:47:58,MWB,MZ
2022-05-10 16:47:58,LL,MWB
2022-05-10 16:47:58,DB,MGB
2022-05-10 16:47:58,IG,MCM
2022-05-10 16:47:58,MZ,PL
2022-05-10 16:47:58,DB,LL
2022-05-10 16:47:58,IG,MWB
2022-05-10 16:47:58,LL,MZ
2022-05-10 16:47:58,LL,MGB
2022-05-10 16:47:58,DB,PL
2022-05-10 16:47:58,MGB,MZ
2022-05-10 16:47:58,DB,MWB
2022-05-10 16:47:58,MCM,MZ
2022-05-10 16:47:58,MCM,MGB
2022-05-10 16:47:58,LL,PL
2022-05-10 16:47:58,LL,MCM
2022-05-10 16:47:58,MGB,MWB
2022-05-10 16:47:58,IG,MZ
2022-05-10 16:47:58,MTP,PL
2022-05-10 16:47:58,MWB,PL
2022-05-10 16:47:58,IG,LL
2022-05-10 16:47:58,IG,PL
2022-05-10 16:47:58,MCM,PL
2022-05-10 16:47:58,MCM,MWB
2022-05-10 16:47:58,MGB,MTP
2022-05-10 16:47:58,DB,MZ
2022-05-10 16:47:58,DB,MTP
2022-05-10 16:47:58,MTP,MZ
2022-05-10 16:47:58,MGB,PL
2022-05-10 16:47:58,LL,MTP
2022-05-10 16:47:58,MTP,MWB
2022-05-10 16:47:58,IG,MTP
2022-05-10 16:47:58,IG,MGB
2022-05-10 16:47:58,DB,IG
2022-05-10 16:47:58,MCM,MTP
2022-05-10 16:47:58,DB,MCM
2022-05-10 16:47:59,MWB,PL
2022-05-10 16:47:59,LL,MWB
2022-05-10 16:47:59,IG,MGB
2022-05-10 16:47:59,MTP,MWB
2022-05-10 16:47:59,MTP,PL
2022-05-10 16:47:59,DB,MCM
2022-05-10 16:47:59,IG,PL
2022-05-10 16:47:59,MCM,MTP
2022-05-10 16:47:59,DB,MTP
2022-05-10 16:47:59,LL,MCM
2022-05-10 16:47:59,MCM,MWB
2022-05-10 16:47:59,DB,MWB
2022-05-10 16:47:59,LL,MTP
2022-05-10 16:47:59,IG,MTP
2022-05-10 16:47:59,LL,MGB
2022-05-10 16:47:59,DB,IG
2022-05-10 16:47:59,MGB,MTP
2022-05-10 16:47:59,IG,MWB
2022-05-10 16:47:59,MGB,MWB
2022-05-10 16:47:59,MCM,PL
2022-05-10 16:47:59,MGB,PL
2022-05-10 16:47:59,LL,PL
2022-05-10 16:47:59,DB,PL
2022-05-10 16:47:59,MCM,MGB
2022-05-10 16:47:59,DB,LL
2022-05-10 16:47:59,IG,MCM
2022-05-10 16:47:59,DB,MGB
2022-05-10 16:47:59,IG,LL
2022-05-10 16:48:00,IG,MCM
2022-05-10 16:48:00,LL,MWB
2022-05-10 16:48:00,MCM,PL
2022-05-10 16:48:00,LL,PL
2022-05-10 16:48:00,IG,PL
2022-05-10 16:48:00,LL,MCM
2022-05-10 16:48:00,DB,LL
2022-05-10 16:48:00,IG,MGB
2022-05-10 16:48:00,MGB,MWB
2022-05-10 16:48:00,MTP,MWB
2022-05-10 16:48:00,DB,MWB
2022-05-10 16:48:00,DB,PL
2022-05-10 16:48:00,MTP,PL
2022-05-10 16:48:00,MGB,MTP
2022-05-10 16:48:00,DB,MGB
2022-05-10 16:48:00,MGB,PL
2022-05-10 16:48:00,MWB,PL
2022-05-10 16:48:00,MCM,MTP
2022-05-10 16:48:00,DB,MCM
2022-05-10 16:48:00,LL,MGB
2022-05-10 16:48:00,IG,LL
2022-05-10 16:48:00,LL,MTP
2022-05-10 16:48:00,MCM,MWB
2022-05-10 16:48:00,DB,MTP
2022-05-10 16:48:00,IG,MTP
2022-05-10 16:48:00,IG,MWB
2022-05-10 16:48:00,DB,IG
2022-05-10 16:48:00,MCM,MGB
2022-05-10 16:48:01,DB,IG
2022-05-10 16:48:01,DB,MGB
2022-05-10 16:48:01,DB,MCM
2022-05-10 16:48:01,LL,MWB
2022-05-10 16:48:01,LL,PL
2022-05-10 16:48:01,MGB,MWB
2022-05-10 16:48:01,MTP,PL
2022-05-10 16:48:01,LL,MTP
2022-05-10 16:48:01,IG,MTP
2022-05-10 16:48:01,LL,MCM
2022-05-10 16:48:01,MCM,MWB
2022-05-10 16:48:01,MCM,MTP
2022-05-10 16:48:01,MCM,PL
2022-05-10 16:48:01,DB,MTP
2022-05-10 16:48:01,MCM,MGB
2022-05-10 16:48:01,DB,LL
2022-05-10 16:48:01,IG,MGB
2022-05-10 16:48:01,MTP,MWB
2022-05-10 16:48:01,MGB,PL
2022-05-10 16:48:01,IG,MWB
2022-05-10 16:48:01,MWB,PL
2022-05-10 16:48:01,LL,MGB
2022-05-10 16:48:01,MGB,MTP
2022-05-10 16:48:01,IG,MCM
2022-05-10 16:48:01,DB,PL
2022-05-10 16:48:01,DB,MWB
2022-05-10 16:48:01,IG,LL
2022-05-10 16:48:01,IG,PL
2022-05-10 16:48:02,MGB,MWB
2022-05-10 16:48:02,DB,LL
2022-05-10 16:48:02,IG,MGB
2022-05-10 16:48:02,LL,MCM
2022-05-10 16:48:02,LL,PL
2022-05-10 16:48:02,IG,PL
2022-05-10 16:48:02,MGB,MTP
2022-05-10 16:48:02,LL,MGB
2022-05-10 16:48:02,IG,MTP
2022-05-10 16:48:02,IG,LL
2022-05-10 16:48:02,MTP,MWB
2022-05-10 16:48:02,MCM,MTP
2022-05-10 16:48:02,DB,MCM
2022-05-10 16:48:02,MGB,PL
2022-05-10 16:48:02,MCM,MWB
2022-05-10 16:48:02,MTP,PL
2022-05-10 16:48:02,LL,MTP
2022-05-10 16:48:02,DB,IG
2022-05-10 16:48:02,IG,MCM
2022-05-10 16:48:02,LL,MWB
2022-05-10 16:48:02,MCM,MGB
2022-05-10 16:48:02,DB,PL
2022-05-10 16:48:02,IG,MWB
2022-05-10 16:48:02,MWB,PL
2022-05-10 16:48:02,DB,MTP
2022-05-10 16:48:02,DB,MWB
2022-05-10 16:48:02,MCM,PL
2022-05-10 16:48:02,DB,MGB
2022-05-10 16:48:03,MCM,MGB
2022-05-10 16:48:03,IG,LL
2022-05-10 16:48:03,MTP,MWB
2022-05-10 16:48:03,LL,MWB
2022-05-10 16:48:03,MCM,MTP
2022-05-10 16:48:03,IG,MCM
2022-05-10 16:48:03,MGB,MWB
2022-05-10 16:48:03,LL,PL
2022-05-10 16:48:03,MCM,PL
2022-05-10 16:48:03,DB,MTP
2022-05-10 16:48:03,LL,MCM
2022-05-10 16:48:03,IG,MGB
2022-05-10 16:48:03,LL,MTP
2022-05-10 16:48:03,DB,LL
2022-05-10 16:48:03,MCM,MWB
2022-05-10 16:48:03,LL,MGB
2022-05-10 16:48:03,IG,MWB
2022-05-10 16:48:03,DB,MGB
2022-05-10 16:48:03,DB,MCM
2022-05-10 16:48:03,IG,PL
2022-05-10 16:48:03,MGB,MTP
2022-05-10 16:48:03,DB,MWB
2022-05-10 16:48:03,MTP,PL
2022-05-10 16:48:03,DB,PL
2022-05-10 16:48:03,IG,MTP
2022-05-10 16:48:03,DB,IG
2022-05-10 16:48:03,MWB,PL
2022-05-10 16:48:03,MGB,PL
2022-05-10 16:48:04,IG,PL
2022-05-10 16:48:04,IG,MWB
2022-05-10 16:48:04,IG,MGB
2022-05-10 16:48:04,MCM,PL
2022-05-10 16:48:04,DB,PL
2022-05-10 16:48:04,DB,LL
2022-05-10 16:48:04,MCM,MWB
2022-05-10 16:48:04,MTP,PL
2022-05-10 16:48:04,LL,PL
2022-05-10 16:48:04,IG,MCM
2022-05-10 16:48:04,DB,MTP
2022-05-10 16:48:04,DB,MCM
2022-05-10 16:48:04,DB,IG
2022-05-10 16:48:04,LL,MCM
2022-05-10 16:48:04,LL,MTP
2022-05-10 16:48:04,IG,LL
2022-05-10 16:48:04,MGB,PL
2022-05-10 16:48:04,MCM,MGB
2022-05-10 16:48:04,LL,MWB
2022-05-10 16:48:04,LL,MGB
2022-05-10 16:48:04,DB,MWB
2022-05-10 16:48:04,DB,MGB
2022-05-10 16:48:04,MGB,MTP
2022-05-10 16:48:04,IG,MTP
2022-05-10 16:48:04,MGB,MWB
2022-05-10 16:48:04,MTP,MWB
2022-05-10 16:48:04,MCM,MTP
2022-05-10 16:48:04,MWB,PL
2022-05-10 16:48:05,DB,MGB
2022-05-10 16:48:05,IG,MCM
2022-05-10 16:48:05,IG,LL
2022-05-10 16:48:05,MCM,MGB
2022-05-10 16:48:05,DB,MTP
2022-05-10 16:48:05,MCM,PL
2022-05-10 16:48:05,LL,MWB
2022-05-10 16:48:05,DB,MWB
2022-05-10 16:48:05,DB,MCM
2022-05-10 16:48:05,MWB,PL
2022-05-10 16:48:05,DB,IG
2022-05-10 16:48:05,IG,MWB
2022-05-10 16:48:05,MGB,PL
2022-05-10 16:48:05,MTP,MWB
2022-05-10 16:48:05,MGB,MTP
2022-05-10 16:48:05,MCM,MTP
2022-05-10 16:48:05,IG,MTP
2022-05-10 16:48:05,LL,MTP
2022-05-10 16:48:05,LL,MGB
2022-05-10 16:48:05,MGB,MWB
2022-05-10 16:48:05,LL,PL
2022-05-10 16:48:05,MCM,MWB
2022-05-10 16:48:05,IG,PL
2022-05-10 16:48:05,LL,MCM
2022-05-10 16:48:05,DB,LL
2022-05-10 16:48:05,MTP,PL
2022-05-10 16:48:05,DB,PL
2022-05-10 16:48:05,IG,MGB
2022-05-10 16:48:06,IG,PL
2022-05-10 16:48:06,IG,LL
2022-05-10 16:48:06,LL,MGB
2022-05-10 16:48:06,MCM,PL
2022-05-10 16:48:06,IG,MGB
2022-05-10 16:48:06,MGB,MWB
2022-05-10 16:48:06,DB,LL
2022-05-10 16:48:06,DB,MWB
2022-05-10 16:48:06,MTP,MWB
2022-05-10 16:48:06,IG,MWB
2022-05-10 16:48:06,IG,MCM
2022-05-10 16:48:06,MGB,MTP
2022-05-10 16:48:06,DB,PL
2022-05-10 16:48:06,MCM,MGB
2022-05-10 16:48:06,MTP,PL
2022-05-10 16:48:06,MCM,MTP
2022-05-10 16:48:06,LL,MTP
2022-05-10 16:48:06,IG,MTP
2022-05-10 16:48:06,DB,MGB
2022-05-10 16:48:06,DB,IG
2022-05-10 16:48:06,MGB,PL
2022-05-10 16:48:06,DB,MCM
2022-05-10 16:48:06,DB,MTP
2022-05-10 16:48:06,LL,PL
2022-05-10 16:48:06,LL,MWB
2022-05-10 16:48:06,MWB,PL
2022-05-10 16:48:06,LL,MCM
2022-05-10 16:48:06,MCM,MWB
2022-05-10 16:48:07,LL,PL
2022-05-10 16:48:07,DB,LL
2022-05-10 16:48:07,IG,MGB
2022-05-10 16:48:07,LL,MTP
2022-05-10 16:48:07,MCM,MTP
2022-05-10 16:48:07,DB,MGB
2022-05-10 16:48:07,MGB,MTP
2022-05-10 16:48:07,MTP,MWB
2022-05-10 16:48:07,LL,MCM
2022-05-10 16:48:07,IG,MTP
2022-05-10 16:48:07,MGB,MWB
2022-05-10 16:48:07,DB,IG
2022-05-10 16:48:07,MTP,PL
2022-05-10 16:48:07,DB,MCM
2022-05-10 16:48:07,DB,MWB
2022-05-10 16:48:07,MWB,PL
2022-05-10 16:48:07,IG,PL
2022-05-10 16:48:07,DB,PL
2022-05-10 16:48:07,MGB,PL
2022-05-10 16:48:07,IG,MWB
2022-05-10 16:48:07,LL,MGB
2022-05-10 16:48:07,LL,MWB
2022-05-10 16:48:07,DB,MTP
2022-05-10 16:48:07,IG,LL
2022-05-10 16:48:07,MCM,MGB
2022-05-10 16:48:07,MCM,PL
2022-05-10 16:48:07,IG,MCM
2022-05-10 16:48:07,MCM,MWB
2022-05-10 16:48:08,IG,MWB
2022-05-10 16:48:08,DB,MTP
2022-05-10 16:48:08,MTP,MWB
2022-05-10 16:48:08,LL,MCM
2022-05-10 16:48:08,MGB,MTP
2022-05-10 16:48:08,IG,MTP
2022-05-10 16:48:08,MCM,PL
2022-05-10 16:48:08,DB,IG
2022-05-10 16:48:08,MTP,PL
2022-05-10 16:48:08,MCM,MGB
2022-05-10 16:48:08,DB,MCM
2022-05-10 16:48:08,DB,MWB
2022-05-10 16:48:08,MWB,PL
2022-05-10 16:48:08,IG,LL
2022-05-10 16:48:08,IG,PL
2022-05-10 16:48:08,DB,MGB
2022-05-10 16:48:08,DB,PL
2022-05-10 16:48:08,IG,MCM
2022-05-10 16:48:08,MCM,MTP
2022-05-10 16:48:08,MGB,MWB
2022-05-10 16:48:08,LL,MGB
2022-05-10 16:48:08,MGB,PL
2022-05-10 16:48:08,LL,MWB
2022-05-10 16:48:08,IG,MGB
2022-05-10 16:48:08,LL,PL
2022-05-10 16:48:08,MCM,MWB
2022-05-10 16:48:08,LL,MTP
2022-05-10 16:48:08,DB,LL
2022-05-10 16:48:09,MCM,MWB
2022-05-10 16:48:09,MGB,MWB
2022-05-10 16:48:09,MCM,MTP
2022-05-10 16:48:09,MTP,PL
2022-05-10 16:48:09,MCM,PL
2022-05-10 16:48:09,LL,MTP
2022-05-10 16:48:09,IG,MWB
2022-05-10 16:48:09,DB,MCM
2022-05-10 16:48:09,DB,MWB
2022-05-10 16:48:09,IG,MGB
2022-05-10 16:48:09,MWB,PL
2022-05-10 16:48:09,MCM,MGB
2022-05-10 16:48:09,IG,MCM
2022-05-10 16:48:09,LL,MCM
2022-05-10 16:48:09,LL,MGB
2022-05-10 16:48:09,IG,PL
2022-05-10 16:48:09,LL,PL
2022-05-10 16:48:09,DB,MGB
2022-05-10 16:48:09,DB,MTP
2022-05-10 16:48:09,LL,MWB
2022-05-10 16:48:09,MTP,MWB
2022-05-10 16:48:09,DB,IG
2022-05-10 16:48:09,MGB,MTP
2022-05-10 16:48:09,IG,MTP
2022-05-10 16:48:09,IG,LL
2022-05-10 16:48:09,DB,PL
2022-05-10 16:48:09,DB,LL
2022-05-10 16:48:09,MGB,PL
2022-05-10 16:48:10,DB,MCM
2022-05-10 16:48:10,DB,PL
2022-05-10 16:48:10,MCM,MWB
2022-05-10 16:48:10,MCM,MTP
2022-05-10 16:48:10,MCM,MGB
2022-05-10 16:48:10,IG,MWB
2022-05-10 16:48:10,DB,MTP
2022-05-10 16:48:10,LL,MGB
2022-05-10 16:48:10,DB,IG
2022-05-10 16:48:10,IG,LL
2022-05-10 16:48:10,IG,MTP
2022-05-10 16:48:10,LL,MTP
2022-05-10 16:48:10,MGB,MTP
2022-05-10 16:48:10,MGB,MWB
2022-05-10 16:48:10,IG,PL
2022-05-10 16:48:10,LL,PL
2022-05-10 16:48:10,MWB,PL
2022-05-10 16:48:10,DB,LL
2022-05-10 16:48:10,MTP,MWB
2022-05-10 16:48:10,MTP,PL
2022-05-10 16:48:10,IG,MCM
2022-05-10 16:48:10,MCM,PL
2022-05-10 16:48:10,MGB,PL
2022-05-10 16:48:10,IG,MGB
2022-05-10 16:48:10,LL,MWB
2022-05-10 16:48:10,LL,MCM
2022-05-10 16:48:10,DB,MGB
2022-05-10 16:48:10,DB,MWB
2022-05-10 16:48:11,MTP,MWB
2022-05-10 16:48:11,LL,MCM
2022-05-10 16:48:11,MGB,MTP
2022-05-10 16:48:11,MGB,PL
2022-05-10 16:48:11,IG,MGB
2022-05-10 16:48:11,LL,MWB
2022-05-10 16:48:11,MTP,PL
2022-05-10 16:48:11,IG,MCM
2022-05-10 16:48:11,DB,LL
2022-05-10 16:48:11,LL,MGB
2022-05-10 16:48:11,MCM,PL
2022-05-10 16:48:11,IG,PL
2022-05-10 16:48:11,LL,MTP
2022-05-10 16:48:11,IG,MWB
2022-05-10 16:48:11,DB,IG
2022-05-10 16:48:11,MCM,MGB
2022-05-10 16:48:11,IG,LL
2022-05-10 16:48:11,DB,MTP
2022-05-10 16:48:11,DB,MGB
2022-05-10 16:48:11,MGB,MWB
2022-05-10 16:48:11,MWB,PL
2022-05-10 16:48:11,MCM,MWB
2022-05-10 16:48:11,DB,PL
2022-05-10 16:48:11,DB,MCM
2022-05-10 16:48:11,IG,MTP
2022-05-10 16:48:11,LL,PL
2022-05-10 16:48:11,MCM,MTP
2022-05-10 16:48:11,DB,MWB
2022-05-10 16:48:12,IG,MCM
2022-05-10 16:48:12,DB,LL
2022-05-10 16:48:12,MCM,MTP
2022-05-10 16:48:12,MCM,PL
2022-05-10 16:48:12,LL,MWB
2022-05-10 16:48:12,DB,IG
2022-05-10 16:48:12,DB,PL
2022-05-10 16:48:12,IG,PL
2022-05-10 16:48:12,MTP,PL
2022-05-10 16:48:12,IG,MTP
2022-05-10 16:48:12,IG,MGB
2022-05-10 16:48:12,LL,MTP
2022-05-10 16:48:12,MGB,MWB
2022-05-10 16:48:12,LL,MGB
2022-05-10 16:48:12,LL,PL
2022-05-10 16:48:12,DB,MGB
2022-05-10 16:48:12,MTP,MWB
2022-05-10 16:48:12,DB,MCM
2022-05-10 16:48:12,IG,LL
2022-05-10 16:48:12,MWB,PL
2022-05-10 16:48:12,MGB,PL
2022-05-10 16:48:12,MCM,MGB
2022-05-10 16:48:12,MCM,MWB
2022-05-10 16:48:12,LL,MCM
2022-05-10 16:48:12,MGB,MTP
2022-05-10 16:48:12,DB,MWB
2022-05-10 16:48:12,IG,MWB
2022-05-10 16:48:12,DB,MTP
2022-05-10 16:48:13,IG,LL
2022-05-10 16:48:13,LL,MCM
2022-05-10 16:48:13,MCM,MWB
2022-05-10 16:48:13,DB,IG
2022-05-10 16:48:13,LL,PL
2022-05-10 16:48:13,LL,MWB
2022-05-10 16:48:13,DB,MGB
2022-05-10 16:48:13,MCM,PL
2022-05-10 16:48:13,MCM,MGB
2022-05-10 16:48:13,MCM,MTP
2022-05-10 16:48:13,MGB,PL
2022-05-10 16:48:13,IG,MCM
2022-05-10 16:48:13,DB,MTP
2022-05-10 16:48:13,IG,MWB
2022-05-10 16:48:13,IG,PL
2022-05-10 16:48:13,IG,MTP
2022-05-10 16:48:13,MGB,MTP
2022-05-10 16:48:13,DB,LL
2022-05-10 16:48:13,MTP,MWB
2022-05-10 16:48:13,IG,MGB
2022-05-10 16:48:13,DB,MCM
2022-05-10 16:48:13,DB,MWB
2022-05-10 16:48:13,DB,PL
2022-05-10 16:48:13,LL,MGB
2022-05-10 16:48:13,MTP,PL
2022-05-10 16:48:13,MGB,MWB
2022-05-10 16:48:13,MWB,PL
2022-05-10 16:48:13,LL,MTP
2022-05-10 16:48:14,MGB,MWB
2022-05-10 16:48:14,MGB,MTP
2022-05-10 16:48:14,MCM,MGB
2022-05-10 16:48:14,DB,IG
2022-05-10 16:48:14,DB,MGB
2022-05-10 16:48:14,DB,MTP
2022-05-10 16:48:14,MCM,MWB
2022-05-10 16:48:14,LL,MWB
2022-05-10 16:48:14,IG,MWB
2022-05-10 16:48:14,LL,MCM
2022-05-10 16:48:14,MTP,MWB
2022-05-10 16:48:14,DB,MWB
2022-05-10 16:48:14,IG,MTP
2022-05-10 16:48:14,DB,MCM
2022-05-10 16:48:14,MWB,PL
2022-05-10 16:48:14,MCM,MTP
2022-05-10 16:48:14,MTP,PL
2022-05-10 16:48:14,LL,MTP
2022-05-10 16:48:14,IG,LL
2022-05-10 16:48:14,DB,PL
2022-05-10 16:48:14,IG,PL
2022-05-10 16:48:14,LL,MGB
2022-05-10 16:48:14,MGB,PL
2022-05-10 16:48:14,MCM,PL
2022-05-10 16:48:14,LL,PL
2022-05-10 16:48:14,IG,MGB
2022-05-10 16:48:14,DB,LL
2022-05-10 16:48:14,IG,MCM
2022-05-10 16:48:15,DB,MGB
2022-05-10 16:48:15,IG,MGB
2022-05-10 16:48:15,LL,PL
2022-05-10 16:48:15,IG,PL
2022-05-10 16:48:15,DB,MWB
2022-05-10 16:48:15,MGB,MWB
2022-05-10 16:48:15,IG,MTP
2022-05-10 16:48:15,DB,PL
2022-05-10 16:48:15,LL,MWB
2022-05-10 16:48:15,MTP,PL
2022-05-10 16:48:15,DB,MCM
2022-05-10 16:48:15,MCM,MWB
2022-05-10 16:48:15,MCM,MTP
2022-05-10 16:48:15,IG,MWB
2022-05-10 16:48:15,MCM,MGB
2022-05-10 16:48:15,LL,MTP
2022-05-10 16:48:15,LL,MGB
2022-05-10 16:48:15,MCM,PL
2022-05-10 16:48:15,DB,LL
2022-05-10 16:48:15,IG,MCM
2022-05-10 16:48:15,MGB,MTP
2022-05-10 16:48:15,MGB,PL
2022-05-10 16:48:15,DB,MTP
2022-05-10 16:48:15,IG,LL
2022-05-10 16:48:15,DB,IG
2022-05-10 16:48:15,MTP,MWB
2022-05-10 16:48:15,MWB,PL
2022-05-10 16:48:15,LL,MCM
2022-05-10 16:48:16,IG,LL
2022-05-10 16:48:16,IG,MWB
2022-05-10 16:48:16,MCM,MGB
2022-05-10 16:48:16,LL,MGB
2022-05-10 16:48:16,IG,MTP
2022-05-10 16:48:16,LL,PL
2022-05-10 16:48:16,MWB,PL
2022-05-10 16:48:16,MCM,PL
2022-05-10 16:48:16,IG,MGB
2022-05-10 16:48:16,MTP,MWB
2022-05-10 16:48:16,LL,MWB
2022-05-10 16:48:16,DB,MCM
2022-05-10 16:48:16,DB,LL
2022-05-10 16:48:16,LL,MTP
2022-05-10 16:48:16,IG,PL
2022-05-10 16:48:16,MCM,MTP
2022-05-10 16:48:16,MTP,PL
2022-05-10 16:48:16,MGB,MTP
2022-05-10 16:48:16,LL,MCM
2022-05-10 16:48:16,MGB,MWB
2022-05-10 16:48:16,DB,PL
2022-05-10 16:48:16,DB,MTP
2022-05-10 16:48:16,DB,MGB
2022-05-10 16:48:16,MCM,MWB
2022-05-10 16:48:16,DB,MWB
2022-05-10 16:48:16,IG,MCM
2022-05-10 16:48:16,DB,IG
2022-05-10 16:48:16,MGB,PL
2022-05-10 16:48:17,DB,MTP
2022-05-10 16:48:17,DB,IG
2022-05-10 16:48:17,IG,PL
2022-05-10 16:48:17,MWB,PL
2022-05-10 16:48:17,DB,MCM
2022-05-10 16:48:17,DB,MGB
2022-05-10 16:48:17,IG,MTP
2022-05-10 16:48:17,IG,LL
2022-05-10 16:48:17,MGB,MTP
2022-05-10 16:48:17,IG,MWB
2022-05-10 16:48:17,LL,MCM
2022-05-10 16:48:17,LL,MWB
2022-05-10 16:48:17,DB,MWB
2022-05-10 16:48:17,MGB,MWB
2022-05-10 16:48:17,MCM,MWB
2022-05-10 16:48:17,MGB,PL
2022-05-10 16:48:17,MCM,PL
2022-05-10 16:48:17,IG,MCM
2022-05-10 16:48:17,DB,LL
2022-05-10 16:48:17,MCM,MTP
2022-05-10 16:48:17,LL,PL
2022-05-10 16:48:17,DB,PL
2022-05-10 16:48:17,LL,MTP
2022-05-10 16:48:17,MCM,MGB
2022-05-10 16:48:17,IG,MGB
2022-05-10 16:48:17,MTP,PL
2022-05-10 16:48:17,LL,MGB
2022-05-10 16:48:17,MTP,MWB
2022-05-10 16:48:18,LL,MTP
2022-05-10 16:48:18,DB,LL
2022-05-10 16:48:18,LL,MGB
2022-05-10 16:48:18,DB,MWB
2022-05-10 16:48:18,MWB,PL
2022-05-10 16:48:18,IG,PL
2022-05-10 16:48:18,MGB,PL
2022-05-10 16:48:18,DB,PL
2022-05-10 16:48:18,IG,MGB
2022-05-10 16:48:18,MTP,MWB
2022-05-10 16:48:18,MGB,MWB
2022-05-10 16:48:18,DB,MCM
2022-05-10 16:48:18,IG,MTP
2022-05-10 16:48:18,MCM,MGB
2022-05-10 16:48:18,MTP,PL
2022-05-10 16:48:18,LL,PL
2022-05-10 16:48:18,MCM,MTP
2022-05-10 16:48:18,IG,MCM
2022-05-10 16:48:18,MCM,MWB
2022-05-10 16:48:18,MGB,MTP
2022-05-10 16:48:18,LL,MWB
2022-05-10 16:48:18,DB,MGB
2022-05-10 16:48:18,IG,LL
2022-05-10 16:48:18,DB,IG
2022-05-10 16:48:18,LL,MCM
2022-05-10 16:48:18,DB,MTP
2022-05-10 16:48:18,MCM,PL
2022-05-10 16:48:18,IG,MWB
2022-05-10 16:48:19,MGB,PL
2022-05-10 16:48:19,LL,MTP
2022-05-10 16:48:19,IG,LL
2022-05-10 16:48:19,IG,PL
2022-05-10 16:48:19,DB,IG
2022-05-10 16:48:19,MWB,PL
2022-05-10 16:48:19,MTP,PL
2022-05-10 16:48:19,LL,PL
2022-05-10 16:48:19,IG,MCM
2022-05-10 16:48:19,LL,MWB
2022-05-10 16:48:19,LL,MCM
2022-05-10 16:48:19,MCM,PL
2022-05-10 16:48:19,MTP,MWB
2022-05-10 16:48:19,DB,MWB
2022-05-10 16:48:19,DB,PL
2022-05-10 16:48:19,IG,MGB
2022-05-10 16:48:19,DB,MCM
2022-05-10 16:48:19,DB,LL
2022-05-10 16:48:19,MGB,MTP
2022-05-10 16:48:19,LL,MGB
2022-05-10 16:48:19,MCM,MGB
2022-05-10 16:48:19,IG,MTP
2022-05-10 16:48:19,IG,MWB
2022-05-10 16:48:19,MGB,MWB
2022-05-10 16:48:19,DB,MTP
2022-05-10 16:48:19,MCM,MWB
2022-05-10 16:48:19,DB,MGB
2022-05-10 16:48:19,MCM,MTP
2022-05-10 16:48:20,MGB,MTP
2022-05-10 16:48:20,MWB,PL
2022-05-10 16:48:20,IG,LL
2022-05-10 16:48:20,MTP,PL
2022-05-10 16:48:20,LL,PL
2022-05-10 16:48:20,IG,MTP
2022-05-10 16:48:20,MCM,MGB
2022-05-10 16:48:20,MCM,MTP
2022-05-10 16:48:20,MCM,PL
2022-05-10 16:48:20,LL,MGB
2022-05-10 16:48:20,MCM,MWB
2022-05-10 16:48:20,DB,MWB
2022-05-10 16:48:20,DB,PL
2022-05-10 16:48:20,MGB,MWB
2022-05-10 16:48:20,MGB,PL
2022-05-10 16:48:20,IG,PL
2022-05-10 16:48:20,IG,MWB
2022-05-10 16:48:20,LL,MCM
2022-05-10 16:48:20,LL,MTP
2022-05-10 16:48:20,DB,MGB
2022-05-10 16:48:20,DB,LL
2022-05-10 16:48:20,LL,MWB
2022-05-10 16:48:20,DB,MCM
2022-05-10 16:48:20,DB,IG
2022-05-10 16:48:20,IG,MGB
2022-05-10 16:48:20,IG,MCM
2022-05-10 16:48:20,MTP,MWB
2022-05-10 16:48:20,DB,MTP
2022-05-10 16:48:21,MGB,MTP
2022-05-10 16:48:21,IG,LL
2022-05-10 16:48:21,DB,MGB
2022-05-10 16:48:21,IG,MWB
2022-05-10 16:48:21,MCM,MWB
2022-05-10 16:48:21,DB,MTP
2022-05-10 16:48:21,LL,PL
2022-05-10 16:48:21,IG,PL
2022-05-10 16:48:21,DB,LL
2022-05-10 16:48:21,MCM,MGB
2022-05-10 16:48:21,IG,MTP
2022-05-10 16:48:21,DB,IG
2022-05-10 16:48:21,DB,MCM
2022-05-10 16:48:21,LL,MTP
2022-05-10 16:48:21,MCM,MTP
2022-05-10 16:48:21,IG,MCM
2022-05-10 16:48:21,LL,MGB
2022-05-10 16:48:21,MGB,MWB
2022-05-10 16:48:21,LL,MWB
2022-05-10 16:48:21,LL,MCM
2022-05-10 16:48:21,MCM,PL
2022-05-10 16:48:21,MTP,PL
2022-05-10 16:48:21,MTP,MWB
2022-05-10 16:48:21,DB,PL
2022-05-10 16:48:21,DB,MWB
2022-05-10 16:48:21,MGB,PL
2022-05-10 16:48:21,IG,MGB
2022-05-10 16:48:21,MWB,PL
2022-05-10 16:48:22,LL,MWB
2022-05-10 16:48:22,DB,MCM
2022-05-10 16:48:22,IG,MGB
2022-05-10 16:48:22,MGB,MTP
2022-05-10 16:48:22,LL,MCM
2022-05-10 16:48:22,MCM,PL
2022-05-10 16:48:22,DB,IG
2022-05-10 16:48:22,IG,MTP
2022-05-10 16:48:22,MTP,PL
2022-05-10 16:48:22,MCM,MGB
2022-05-10 16:48:22,IG,MWB
2022-05-10 16:48:22,IG,MCM
2022-05-10 16:48:22,DB,MWB
2022-05-10 16:48:22,IG,PL
2022-05-10 16:48:22,MGB,MWB
2022-05-10 16:48:22,MCM,MTP
2022-05-10 16:48:22,DB,LL
2022-05-10 16:48:22,MTP,MWB
2022-05-10 16:48:22,DB,PL
2022-05-10 16:48:22,DB,MTP
2022-05-10 16:48:22,LL,MGB
2022-05-10 16:48:22,MCM,MWB
2022-05-10 16:48:22,MWB,PL
2022-05-10 16:48:22,LL,PL
2022-05-10 16:48:22,LL,MTP
2022-05-10 16:48:22,IG,LL
2022-05-10 16:48:22,MGB,PL
2022-05-10 16:48:22,DB,MGB
2022-05-10 16:48:23,IG,MGB
2022-05-10 16:48:23,MGB,MWB
2022-05-10 16:48:23,LL,MTP
2022-05-10 16:48:23,MGB,MTP
2022-05-10 16:48:23,MCM,MWB
2022-05-10 16:48:23,LL,MGB
2022-05-10 16:48:23,IG,MWB
2022-05-10 16:48:23,DB,MTP
2022-05-10 16:48:23,IG,LL
2022-05-10 16:48:23,DB,MCM
2022-05-10 16:48:23,DB,MGB
2022-05-10 16:48:23,DB,LL
2022-05-10 16:48:23,MCM,MTP
2022-05-10 16:48:23,IG,PL
2022-05-10 16:48:23,IG,MCM
2022-05-10 16:48:23,MCM,MGB
2022-05-10 16:48:23,IG,MTP
2022-05-10 16:48:23,MWB,PL
2022-05-10 16:48:23,DB,PL
2022-05-10 16:48:23,MGB,PL
2022-05-10 16:48:23,DB,IG
2022-05-10 16:48:23,MTP,PL
2022-05-10 16:48:23,MCM,PL
2022-05-10 16:48:23,MTP,MWB
2022-05-10 16:48:23,DB,MWB
2022-05-10 16:48:23,LL,MWB
2022-05-10 16:48:23,LL,MCM
2022-05-10 16:48:23,LL,PL
2022-05-10 16:48:24,MCM,PL
2022-05-10 16:48:24,DB,MCM
2022-05-10 16:48:24,LL,MCM
2022-05-10 16:48:24,DB,LL
2022-05-10 16:48:24,MCM,MTP
2022-05-10 16:48:24,IG,LL
2022-05-10 16:48:24,DB,MGB
2022-05-10 16:48:24,IG,PL
2022-05-10 16:48:24,IG,MCM
2022-05-10 16:48:24,LL,MWB
2022-05-10 16:48:24,MCM,MGB
2022-05-10 16:48:24,IG,MTP
2022-05-10 16:48:24,MGB,PL
2022-05-10 16:48:24,MTP,MWB
2022-05-10 16:48:24,IG,MWB
2022-05-10 16:48:24,DB,MTP
2022-05-10 16:48:24,LL,MGB
2022-05-10 16:48:24,LL,MTP
2022-05-10 16:48:24,DB,PL
2022-05-10 16:48:24,MTP,PL
2022-05-10 16:48:24,MCM,MWB
2022-05-10 16:48:24,DB,IG
2022-05-10 16:48:24,MGB,MWB
2022-05-10 16:48:24,DB,MWB
2022-05-10 16:48:24,IG,MGB
2022-05-10 16:48:24,MGB,MTP
2022-05-10 16:48:24,LL,PL
2022-05-10 16:48:24,MWB,PL
2022-05-10 16:48:25,IG,MWB
2022-05-10 16:48:25,IG,MCM
2022-05-10 16:48:25,MWB,PL
2022-05-10 16:48:25,MCM,MGB
2022-05-10 16:48:25,IG,MTP
2022-05-10 16:48:25,DB,PL
2022-05-10 16:48:25,DB,IG
2022-05-10 16:48:25,LL,MWB
2022-05-10 16:48:25,IG,MGB
2022-05-10 16:48:25,LL,PL
2022-05-10 16:48:25,DB,MGB
2022-05-10 16:48:25,DB,MWB
2022-05-10 16:48:25,LL,MGB
2022-05-10 16:48:25,MCM,MTP
2022-05-10 16:48:25,DB,LL
2022-05-10 16:48:25,MGB,MWB
2022-05-10 16:48:25,LL,MCM
2022-05-10 16:48:25,MGB,MTP
2022-05-10 16:48:25,MCM,PL
2022-05-10 16:48:25,DB,MTP
2022-05-10 16:48:25,IG,LL
2022-05-10 16:48:25,MTP,PL
2022-05-10 16:48:25,IG,PL
2022-05-10 16:48:25,MTP,MWB
2022-05-10 16:48:25,MCM,MWB
2022-05-10 16:48:25,LL,MTP
2022-05-10 16:48:25,MGB,PL
2022-05-10 16:48:25,DB,MCM
2022-05-10 16:48:26,DB,LL
2022-05-10 16:48:26,LL,MWB
2022-05-10 16:48:26,MGB,PL
2022-05-10 16:48:26,IG,MWB
2022-05-10 16:48:26,LL,MCM
2022-05-10 16:48:26,IG,MGB
2022-05-10 16:48:26,MWB,PL
2022-05-10 16:48:26,MTP,PL
2022-05-10 16:48:26,DB,PL
2022-05-10 16:48:26,MTP,MWB
2022-05-10 16:48:26,DB,MWB
2022-05-10 16:48:26,DB,MTP
2022-05-10 16:48:26,DB,MCM
2022-05-10 16:48:26,MCM,MGB
2022-05-10 16:48:26,LL,PL
2022-05-10 16:48:26,IG,LL
2022-05-10 16:48:26,MCM,PL
2022-05-10 16:48:26,MCM,MTP
2022-05-10 16:48:26,DB,MGB
2022-05-10 16:48:26,MGB,MWB
2022-05-10 16:48:26,IG,MTP
2022-05-10 16:48:26,IG,PL
2022-05-10 16:48:26,DB,IG
2022-05-10 16:48:26,MCM,MWB
2022-05-10 16:48:26,IG,MCM
2022-05-10 16:48:26,LL,MGB
2022-05-10 16:48:26,LL,MTP
2022-05-10 16:48:26,MGB,MTP
2022-05-10 16:48:27,IG,MTP
2022-05-10 16:48:27,IG,LL
2022-05-10 16:48:27,LL,MGB
2022-05-10 16:48:27,IG,MGB
2022-05-10 16:48:27,MGB,MTP
2022-05-10 16:48:27,MWB,PL
2022-05-10 16:48:27,DB,LL
2022-05-10 16:48:27,DB,PL
2022-05-10 16:48:27,LL,PL
2022-05-10 16:48:27,DB,MWB
2022-05-10 16:48:27,LL,MCM
2022-05-10 16:48:27,DB,IG
2022-05-10 16:48:27,IG,MCM
2022-05-10 16:48:27,IG,MWB
2022-05-10 16:48:27,MCM,PL
2022-05-10 16:48:27,MCM,MWB
2022-05-10 16:48:27,MGB,PL
2022-05-10 16:48:27,LL,MTP
2022-05-10 16:48:27,LL,MWB
2022-05-10 16:48:27,MCM,MTP
2022-05-10 16:48:27,DB,MTP
2022-05-10 16:48:27,DB,MCM
2022-05-10 16:48:27,DB,MGB
2022-05-10 16:48:27,MGB,MWB
2022-05-10 16:48:27,IG,PL
2022-05-10 16:48:27,MTP,PL
2022-05-10 16:48:27,MTP,MWB
2022-05-10 16:48:27,MCM,MGB
2022-05-10 16:48:28,DB,IG
2022-05-10 16:48:28,IG,LL
2022-05-10 16:48:28,LL,PL
2022-05-10 16:48:28,DB,PL
2022-05-10 16:48:28,MCM,PL
2022-05-10 16:48:28,MCM,MTP
2022-05-10 16:48:28,DB,MGB
2022-05-10 16:48:28,MCM,MWB
2022-05-10 16:48:28,IG,PL
2022-05-10 16:48:28,DB,LL
2022-05-10 16:48:28,DB,MCM
2022-05-10 16:48:28,MWB,PL
2022-05-10 16:48:28,MCM,MGB
2022-05-10 16:48:28,IG,MCM
2022-05-10 16:48:28,LL,MCM
2022-05-10 16:48:28,IG,MGB
2022-05-10 16:48:28,MGB,MTP
2022-05-10 16:48:28,LL,MTP
2022-05-10 16:48:28,IG,MWB
2022-05-10 16:48:28,LL,MWB
2022-05-10 16:48:28,MTP,PL
2022-05-10 16:48:28,MTP,MWB
2022-05-10 16:48:28,MGB,MWB
2022-05-10 16:48:28,LL,MGB
2022-05-10 16:48:28,DB,MWB
2022-05-10 16:48:28,IG,MTP
2022-05-10 16:48:28,DB,MTP
2022-05-10 16:48:28,MGB,PL
2022-05-10 16:48:29,MGB,MWB
2022-05-10 16:48:29,IG,PL
2022-05-10 16:48:29,LL,MTP
2022-05-10 16:48:29,IG,LL
2022-05-10 16:48:29,IG,MWB
2022-05-10 16:48:29,MCM,MWB
2022-05-10 16:48:29,IG,MGB
2022-05-10 16:48:29,DB,MCM
2022-05-10 16:48:29,DB,PL
2022-05-10 16:48:29,MWB,PL
2022-05-10 16:48:29,MGB,MTP
2022-05-10 16:48:29,MTP,MWB
2022-05-10 16:48:29,LL,PL
2022-05-10 16:48:29,DB,LL
2022-05-10 16:48:29,LL,MGB
2022-05-10 16:48:29,DB,MWB
2022-05-10 16:48:29,MCM,MTP
2022-05-10 16:48:29,DB,MTP
2022-05-10 16:48:29,IG,MCM
2022-05-10 16:48:29,MTP,PL
2022-05-10 16:48:29,DB,IG
2022-05-10 16:48:29,IG,MTP
2022-05-10 16:48:29,MGB,PL
2022-05-10 16:48:29,LL,MWB
2022-05-10 16:48:29,DB,MGB
2022-05-10 16:48:29,MCM,PL
2022-05-10 16:48:29,MCM,MGB
2022-05-10 16:48:29,LL,MCM
2022-05-10 16:48:30,MTP,MWB
2022-05-10 16:48:30,MGB,MTP
2022-05-10 16:48:30,IG,MWB
2022-05-10 16:48:30,IG,PL
2022-05-10 16:48:30,DB,PL
2022-05-10 16:48:30,DB,LL
2022-05-10 16:48:30,MTP,PL
2022-05-10 16:48:30,DB,MTP
2022-05-10 16:48:30,MGB,PL
2022-05-10 16:48:30,DB,MGB
2022-05-10 16:48:30,IG,MGB
2022-05-10 16:48:30,MGB,MWB
2022-05-10 16:48:30,DB,IG
2022-05-10 16:48:30,LL,PL
2022-05-10 16:48:30,IG,MCM
2022-05-10 16:48:30,MCM,PL
2022-05-10 16:48:30,LL,MGB
2022-05-10 16:48:30,DB,MWB
2022-05-10 16:48:30,MCM,MWB
2022-05-10 16:48:30,IG,MTP
2022-05-10 16:48:30,DB,MCM
2022-05-10 16:48:30,MWB,PL
2022-05-10 16:48:30,MCM,MTP
2022-05-10 16:48:30,IG,LL
2022-05-10 16:48:30,LL,MCM
2022-05-10 16:48:30,LL,MWB
2022-05-10 16:48:30,LL,MTP
2022-05-10 16:48:30,MCM,MGB
2022-05-10 16:48:31,MCM,MGB
2022-05-10 16:48:31,MTP,PL
2022-05-10 16:48:31,MGB,MTP
2022-05-10 16:48:31,LL,MTP
2022-05-10 16:48:31,DB,LL
2022-05-10 16:48:31,MWB,PL
2022-05-10 16:48:31,LL,MGB
2022-05-10 16:48:31,LL,MCM
2022-05-10 16:48:31,DB,IG
2022-05-10 16:48:31,DB,MWB
2022-05-10 16:48:31,IG,MGB
2022-05-10 16:48:31,IG,LL
2022-05-10 16:48:31,IG,MCM
2022-05-10 16:48:31,DB,MGB
2022-05-10 16:48:31,LL,MWB
2022-05-10 16:48:31,MCM,MTP
2022-05-10 16:48:31,LL,PL
2022-05-10 16:48:31,IG,MTP
2022-05-10 16:48:31,MCM,MWB
2022-05-10 16:48:31,MGB,MWB
2022-05-10 16:48:31,IG,MWB
2022-05-10 16:48:31,DB,MTP
2022-05-10 16:48:31,DB,MCM
2022-05-10 16:48:31,DB,PL
2022-05-10 16:48:31,MGB,PL
2022-05-10 16:48:31,IG,PL
2022-05-10 16:48:31,MCM,PL
2022-05-10 16:48:31,MTP,MWB
2022-05-10 16:48:32,MWB,PL
2022-05-10 16:48:32,DB,MWB
2022-05-10 16:48:32,IG,MTP
2022-05-10 16:48:32,IG,LL
2022-05-10 16:48:32,MCM,MGB
2022-05-10 16:48:32,DB,MGB
2022-05-10 16:48:32,DB,IG
2022-05-10 16:48:32,DB,MTP
2022-05-10 16:48:32,MGB,MWB
2022-05-10 16:48:32,MTP,MWB
2022-05-10 16:48:32,MGB,MTP
2022-05-10 16:48:32,DB,LL
2022-05-10 16:48:32,IG,PL
2022-05-10 16:48:32,MCM,PL
2022-05-10 16:48:32,IG,MCM
2022-05-10 16:48:32,DB,PL
2022-05-10 16:48:32,MGB,PL
2022-05-10 16:48:32,DB,MCM
2022-05-10 16:48:32,IG,MGB
2022-05-10 16:48:32,IG,MWB
2022-05-10 16:48:32,LL,PL
2022-05-10 16:48:32,LL,MWB
2022-05-10 16:48:32,LL,MGB
2022-05-10 16:48:32,MCM,MWB
2022-05-10 16:48:32,MTP,PL
2022-05-10 16:48:32,LL,MTP
2022-05-10 16:48:32,LL,MCM
2022-05-10 16:48:32,MCM,MTP
2022-05-10 16:48:33,IG,MGB
2022-05-10 16:48:33,DB,LL
2022-05-10 16:48:33,LL,MTP
2022-05-10 16:48:33,MGB,MWB
2022-05-10 16:48:33,DB,MCM
2022-05-10 16:48:33,LL,MCM
2022-05-10 16:48:33,DB,MGB
2022-05-10 16:48:33,IG,MWB
2022-05-10 16:48:33,LL,MWB
2022-05-10 16:48:33,MWB,PL
2022-05-10 16:48:33,IG,MTP
2022-05-10 16:48:33,IG,PL
2022-05-10 16:48:33,LL,PL
2022-05-10 16:48:33,DB,PL
2022-05-10 16:48:33,LL,MGB
2022-05-10 16:48:33,IG,MCM
2022-05-10 16:48:33,MCM,PL
2022-05-10 16:48:33,MTP,PL
2022-05-10 16:48:33,MCM,MTP
2022-05-10 16:48:33,MGB,PL
2022-05-10 16:48:33,DB,MWB
2022-05-10 16:48:33,MGB,MTP
2022-05-10 16:48:33,MCM,MGB
2022-05-10 16:48:33,MCM,MWB
2022-05-10 16:48:33,MTP,MWB
2022-05-10 16:48:33,IG,LL
2022-05-10 16:48:33,DB,MTP
2022-05-10 16:48:33,DB,IG
2022-05-10 16:48:34,IG,PL
2022-05-10 16:48:34,IG,MTP
2022-05-10 16:48:34,DB,PL
2022-05-10 16:48:34,MGB,PL
2022-05-10 16:48:34,IG,LL
2022-05-10 16:48:34,MCM,MWB
2022-05-10 16:48:34,IG,MWB
2022-05-10 16:48:34,MCM,MTP
2022-05-10 16:48:34,IG,MCM
2022-05-10 16:48:34,IG,MGB
2022-05-10 16:48:34,MCM,PL
2022-05-10 16:48:34,LL,MWB
2022-05-10 16:48:34,MTP,MWB
2022-05-10 16:48:34,LL,MTP
2022-05-10 16:48:34,DB,MWB
2022-05-10 16:48:34,MGB,MWB
2022-05-10 16:48:34,MGB,MTP
2022-05-10 16:48:34,DB,MTP
2022-05-10 16:48:34,MTP,PL
2022-05-10 16:48:34,MCM,MGB
2022-05-10 16:48:34,LL,MCM
2022-05-10 16:48:34,DB,MGB
2022-05-10 16:48:34,DB,LL
2022-05-10 16:48:34,LL,PL
2022-05-10 16:48:34,MWB,PL
2022-05-10 16:48:34,DB,IG
2022-05-10 16:48:34,DB,MCM
2022-05-10 16:48:34,LL,MGB
2022-05-10 16:48:35,MCM,MWB
2022-05-10 16:48:35,IG,MCM
2022-05-10 16:48:35,LL,MGB
2022-05-10 16:48:35,DB,LL
2022-05-10 16:48:35,LL,MWB
2022-05-10 16:48:35,DB,MCM
2022-05-10 16:48:35,DB,IG
2022-05-10 16:48:35,LL,MCM
2022-05-10 16:48:35,MGB,MTP
2022-05-10 16:48:35,LL,PL
2022-05-10 16:48:35,DB,MWB
2022-05-10 16:48:35,MCM,MGB
2022-05-10 16:48:35,MWB,PL
2022-05-10 16:48:35,DB,MTP
2022-05-10 16:48:35,MCM,PL
2022-05-10 16:48:35,MTP,MWB
2022-05-10 16:48:35,IG,PL
2022-05-10 16:48:35,DB,PL
2022-05-10 16:48:35,IG,LL
2022-05-10 16:48:35,MTP,PL
2022-05-10 16:48:35,DB,MGB
2022-05-10 16:48:35,LL,MTP
2022-05-10 16:48:35,IG,MTP
2022-05-10 16:48:35,IG,MGB
2022-05-10 16:48:35,MGB,PL
2022-05-10 16:48:35,IG,MWB
2022-05-10 16:48:35,MGB,MWB
2022-05-10 16:48:35,MCM,MTP
2022-05-10 16:48:36,LL,PL
2022-05-10 16:48:36,MWB,PL
2022-05-10 16:48:36,MCM,PL
2022-05-10 16:48:36,MCM,MTP
2022-05-10 16:48:36,DB,MCM
2022-05-10 16:48:36,IG,PL
2022-05-10 16:48:36,MGB,PL
2022-05-10 16:48:36,IG,LL
2022-05-10 16:48:36,MTP,PL
2022-05-10 16:48:36,LL,MWB
2022-05-10 16:48:36,MCM,MWB
2022-05-10 16:48:36,DB,PL
2022-05-10 16:48:36,IG,MGB
2022-05-10 16:48:36,LL,MGB
2022-05-10 16:48:36,IG,MWB
2022-05-10 16:48:36,IG,MTP
2022-05-10 16:48:36,MGB,MWB
2022-05-10 16:48:36,LL,MCM
2022-05-10 16:48:36,LL,MTP
2022-05-10 16:48:36,DB,IG
2022-05-10 16:48:36,DB,MGB
2022-05-10 16:48:36,MTP,MWB
2022-05-10 16:48:36,IG,MCM
2022-05-10 16:48:36,MCM,MGB
2022-05-10 16:48:36,MGB,MTP
2022-05-10 16:48:36,DB,LL
2022-05-10 16:48:36,DB,MWB
2022-05-10 16:48:36,DB,MTP
2022-05-10 16:48:37,MTP,PL
2022-05-10 16:48:37,IG,LL
2022-05-10 16:48:37,MGB,PL
2022-05-10 16:48:37,MWB,PL
2022-05-10 16:48:37,IG,MCM
2022-05-10 16:48:37,LL,MWB
2022-05-10 16:48:37,MTP,MWB
2022-05-10 16:48:37,DB,PL
2022-05-10 16:48:37,LL,MTP
2022-05-10 16:48:37,IG,MGB
2022-05-10 16:48:37,MCM,PL
2022-05-10 16:48:37,DB,MGB
2022-05-10 16:48:37,MGB,MTP
2022-05-10 16:48:37,LL,MCM
2022-05-10 16:48:37,DB,MWB
2022-05-10 16:48:37,DB,LL
2022-05-10 16:48:37,IG,PL
2022-05-10 16:48:37,MCM,MTP
2022-05-10 16:48:37,MGB,MWB
2022-05-10 16:48:37,LL,PL
2022-05-10 16:48:37,DB,IG
2022-05-10 16:48:37,IG,MTP
2022-05-10 16:48:37,LL,MGB
2022-05-10 16:48:37,MCM,MGB
2022-05-10 16:48:37,DB,MTP
2022-05-10 16:48:37,IG,MWB
2022-05-10 16:48:37,MCM,MWB
2022-05-10 16:48:37,DB,MCM
2022-05-10 16:48:38,IG,PL
2022-05-10 16:48:38,DB,MWB
2022-05-10 16:48:38,LL,MWB
2022-05-10 16:48:38,DB,LL
2022-05-10 16:48:38,DB,MGB
2022-05-10 16:48:38,MWB,PL
2022-05-10 16:48:38,IG,MGB
2022-05-10 16:48:38,LL,MTP
2022-05-10 16:48:38,IG,MWB
2022-05-10 16:48:38,DB,IG
2022-05-10 16:48:38,MCM,PL
2022-05-10 16:48:38,MCM,MWB
2022-05-10 16:48:38,IG,MTP
2022-05-10 16:48:38,MGB,MWB
2022-05-10 16:48:38,IG,MCM
2022-05-10 16:48:38,IG,LL
2022-05-10 16:48:38,LL,PL
2022-05-10 16:48:38,MGB,PL
2022-05-10 16:48:38,LL,MGB
2022-05-10 16:48:38,LL,MCM
2022-05-10 16:48:38,MTP,PL
2022-05-10 16:48:38,MGB,MTP
2022-05-10 16:48:38,MCM,MTP
2022-05-10 16:48:38,MTP,MWB
2022-05-10 16:48:38,DB,MTP
2022-05-10 16:48:38,DB,MCM
2022-05-10 16:48:38,DB,PL
2022-05-10 16:48:38,MCM,MGB
2022-05-10 16:48:39,LL,PL
2022-05-10 16:48:39,IG,MWB
2022-05-10 16:48:39,DB,PL
2022-05-10 16:48:39,IG,MTP
2022-05-10 16:48:39,MGB,PL
2022-05-10 16:48:39,LL,MWB
2022-05-10 16:48:39,MCM,MTP
2022-05-10 16:48:39,DB,LL
2022-05-10 16:48:39,LL,MTP
2022-05-10 16:48:39,IG,MGB
2022-05-10 16:48:39,IG,LL
2022-05-10 16:48:39,LL,MCM
2022-05-10 16:48:39,IG,MCM
2022-05-10 16:48:39,MTP,MWB
2022-05-10 16:48:39,MGB,MTP
2022-05-10 16:48:39,MCM,MGB
2022-05-10 16:48:39,MTP,PL
2022-05-10 16:48:39,IG,PL
2022-05-10 16:48:39,DB,MWB
2022-05-10 16:48:39,DB,MTP
2022-05-10 16:48:39,LL,MGB
2022-05-10 16:48:39,MWB,PL
2022-05-10 16:48:39,MCM,PL
2022-05-10 16:48:39,DB,IG
2022-05-10 16:48:39,MGB,MWB
2022-05-10 16:48:39,MCM,MWB
2022-05-10 16:48:39,DB,MGB
2022-05-10 16:48:39,DB,MCM
2022-05-10 16:48:40,MGB,MWB
2022-05-10 16:48:40,DB,PL
2022-05-10 16:48:40,DB,MTP
2022-05-10 16:48:40,DB,LL
2022-05-10 16:48:40,MTP,MWB
2022-05-10 16:48:40,LL,MWB
2022-05-10 16:48:40,DB,MWB
2022-05-10 16:48:40,IG,MTP
2022-05-10 16:48:40,IG,PL
2022-05-10 16:48:40,MGB,PL
2022-05-10 16:48:40,MCM,MGB
2022-05-10 16:48:40,MCM,MWB
2022-05-10 16:48:40,LL,MTP
2022-05-10 16:48:40,DB,MGB
2022-05-10 16:48:40,DB,MCM
2022-05-10 16:48:40,MCM,PL
2022-05-10 16:48:40,DB,IG
2022-05-10 16:48:40,MTP,PL
2022-05-10 16:48:40,IG,MCM
2022-05-10 16:48:40,LL,MGB
2022-05-10 16:48:40,MGB,MTP
2022-05-10 16:48:40,MWB,PL
2022-05-10 16:48:40,LL,PL
2022-05-10 16:48:40,IG,LL
2022-05-10 16:48:40,IG,MGB
2022-05-10 16:48:40,LL,MCM
2022-05-10 16:48:40,IG,MWB
2022-05-10 16:48:40,MCM,MTP
2022-05-10 16:48:41,LL,MCM
2022-05-10 16:48:41,MGB,PL
2022-05-10 16:48:41,MTP,PL
2022-05-10 16:48:41,DB,MTP
2022-05-10 16:48:41,IG,PL
2022-05-10 16:48:41,MTP,MWB
2022-05-10 16:48:41,LL,MGB
2022-05-10 16:48:41,MWB,PL
2022-05-10 16:48:41,DB,LL
2022-05-10 16:48:41,MGB,MTP
2022-05-10 16:48:41,DB,MCM
2022-05-10 16:48:41,MCM,MGB
2022-05-10 16:48:41,MGB,MWB
2022-05-10 16:48:41,DB,MWB
2022-05-10 16:48:41,DB,PL
2022-05-10 16:48:41,MCM,MWB
2022-05-10 16:48:41,IG,MGB
2022-05-10 16:48:41,DB,MGB
2022-05-10 16:48:41,IG,LL
2022-05-10 16:48:41,LL,MWB
2022-05-10 16:48:41,IG,MCM
2022-05-10 16:48:41,IG,MTP
2022-05-10 16:48:41,DB,IG
2022-05-10 16:48:41,LL,MTP
2022-05-10 16:48:41,MCM,MTP
2022-05-10 16:48:41,MCM,PL
2022-05-10 16:48:41,IG,MWB
2022-05-10 16:48:41,LL,PL
2022-05-10 16:48:42,DB,MGB
2022-05-10 16:48:42,LL,MTP
2022-05-10 16:48:42,IG,PL
2022-05-10 16:48:42,MWB,PL
2022-05-10 16:48:42,MGB,PL
2022-05-10 16:48:42,MCM,MTP
2022-05-10 16:48:42,DB,PL
2022-05-10 16:48:42,DB,LL
2022-05-10 16:48:42,IG,LL
2022-05-10 16:48:42,DB,IG
2022-05-10 16:48:42,IG,MGB
2022-05-10 16:48:42,MTP,PL
2022-05-10 16:48:42,IG,MTP
2022-05-10 16:48:42,MCM,PL
2022-05-10 16:48:42,MCM,MGB
2022-05-10 16:48:42,MGB,MWB
2022-05-10 16:48:42,LL,MCM
2022-05-10 16:48:42,DB,MCM
2022-05-10 16:48:42,DB,MWB
2022-05-10 16:48:42,MGB,MTP
2022-05-10 16:48:42,MCM,MWB
2022-05-10 16:48:42,IG,MWB
2022-05-10 16:48:42,LL,MWB
2022-05-10 16:48:42,LL,PL
2022-05-10 16:48:42,IG,MCM
2022-05-10 16:48:42,DB,MTP
2022-05-10 16:48:42,MTP,MWB
2022-05-10 16:48:42,LL,MGB
2022-05-10 16:48:43,DB,PL
2022-05-10 16:48:43,DB,LL
2022-05-10 16:48:43,DB,IG
2022-05-10 16:48:43,IG,MGB
2022-05-10 16:48:43,LL,MWB
2022-05-10 16:48:43,IG,LL
2022-05-10 16:48:43,MGB,PL
2022-05-10 16:48:43,MGB,MWB
2022-05-10 16:48:43,DB,MGB
2022-05-10 16:48:43,IG,MCM
2022-05-10 16:48:43,LL,PL
2022-05-10 16:48:43,LL,MTP
2022-05-10 16:48:43,IG,MWB
2022-05-10 16:48:43,MCM,MTP
2022-05-10 16:48:43,IG,PL
2022-05-10 16:48:43,MTP,MWB
2022-05-10 16:48:43,MCM,MGB
2022-05-10 16:48:43,MGB,MTP
2022-05-10 16:48:43,IG,MTP
2022-05-10 16:48:43,DB,MCM
2022-05-10 16:48:43,MWB,PL
2022-05-10 16:48:43,MTP,PL
2022-05-10 16:48:43,MCM,MWB
2022-05-10 16:48:43,DB,MWB
2022-05-10 16:48:43,LL,MCM
2022-05-10 16:48:43,LL,MGB
2022-05-10 16:48:43,MCM,PL
2022-05-10 16:48:43,DB,MTP
2022-05-10 16:48:44,LL,PL
2022-05-10 16:48:44,IG,MWB
2022-05-10 16:48:44,MGB,MWB
2022-05-10 16:48:44,MWB,PL
2022-05-10 16:48:44,MCM,PL
2022-05-10 16:48:44,LL,MCM
2022-05-10 16:48:44,DB,PL
2022-05-10 16:48:44,IG,MTP
2022-05-10 16:48:44,MCM,MGB
2022-05-10 16:48:44,LL,MTP
2022-05-10 16:48:44,LL,MGB
2022-05-10 16:48:44,DB,IG
2022-05-10 16:48:44,LL,MWB
2022-05-10 16:48:44,MCM,MWB
2022-05-10 16:48:44,MTP,PL
2022-05-10 16:48:44,IG,LL
2022-05-10 16:48:44,MGB,MTP
2022-05-10 16:48:44,DB,LL
2022-05-10 16:48:44,DB,MGB
2022-05-10 16:48:44,IG,MGB
2022-05-10 16:48:44,MGB,PL
2022-05-10 16:48:44,DB,MWB
2022-05-10 16:48:44,DB,MCM
2022-05-10 16:48:44,IG,MCM
2022-05-10 16:48:44,IG,PL
2022-05-10 16:48:44,MTP,MWB
2022-05-10 16:48:44,MCM,MTP
2022-05-10 16:48:44,DB,MTP
2022-05-10 16:48:45,IG,PL
2022-05-10 16:48:45,IG,MCM
2022-05-10 16:48:45,LL,PL
2022-05-10 16:48:45,LL,MWB
2022-05-10 16:48:45,MCM,PL
2022-05-10 16:48:45,DB,MTP
2022-05-10 16:48:45,DB,MCM
2022-05-10 16:48:45,IG,MTP
2022-05-10 16:48:45,IG,MGB
2022-05-10 16:48:45,MGB,MTP
2022-05-10 16:48:45,DB,PL
2022-05-10 16:48:45,DB,IG
2022-05-10 16:48:45,LL,MTP
2022-05-10 16:48:45,LL,MCM
2022-05-10 16:48:45,LL,MGB
2022-05-10 16:48:45,MTP,PL
2022-05-10 16:48:45,DB,LL
2022-05-10 16:48:45,DB,MWB
2022-05-10 16:48:45,MCM,MGB
2022-05-10 16:48:45,IG,LL
2022-05-10 16:48:45,IG,MWB
2022-05-10 16:48:45,MTP,MWB
2022-05-10 16:48:45,MWB,PL
2022-05-10 16:48:45,MGB,MWB
2022-05-10 16:48:45,MCM,MWB
2022-05-10 16:48:45,MGB,PL
2022-05-10 16:48:45,MCM,MTP
2022-05-10 16:48:45,DB,MGB
2022-05-10 16:48:46,LL,MWB
2022-05-10 16:48:46,DB,IG
2022-05-10 16:48:46,DB,MCM
2022-05-10 16:48:46,LL,MTP
2022-05-10 16:48:46,MTP,MWB
2022-05-10 16:48:46,MCM,MGB
2022-05-10 16:48:46,MTP,PL
2022-05-10 16:48:46,MGB,PL
2022-05-10 16:48:46,MCM,MWB
2022-05-10 16:48:46,MGB,MTP
2022-05-10 16:48:46,DB,MGB
2022-05-10 16:48:46,MWB,PL
2022-05-10 16:48:46,LL,MCM
2022-05-10 16:48:46,DB,LL
2022-05-10 16:48:46,IG,LL
2022-05-10 16:48:46,LL,PL
2022-05-10 16:48:46,MGB,MWB
2022-05-10 16:48:46,MCM,MTP
2022-05-10 16:48:46,IG,MWB
2022-05-10 16:48:46,DB,PL
2022-05-10 16:48:46,DB,MWB
2022-05-10 16:48:46,LL,MGB
2022-05-10 16:48:46,IG,MCM
2022-05-10 16:48:46,IG,PL
2022-05-10 16:48:46,DB,MTP
2022-05-10 16:48:46,MCM,PL
2022-05-10 16:48:46,IG,MTP
2022-05-10 16:48:46,IG,MGB
2022-05-10 16:48:47,MTP,PL
2022-05-10 16:48:47,DB,MCM
2022-05-10 16:48:47,DB,MGB
2022-05-10 16:48:47,MWB,PL
2022-05-10 16:48:47,MGB,PL
2022-05-10 16:48:47,LL,MWB
2022-05-10 16:48:47,IG,PL
2022-05-10 16:48:47,MCM,PL
2022-05-10 16:48:47,MGB,MTP
2022-05-10 16:48:47,IG,MTP
2022-05-10 16:48:47,DB,LL
2022-05-10 16:48:47,LL,MGB
2022-05-10 16:48:47,DB,MTP
2022-05-10 16:48:47,IG,LL
2022-05-10 16:48:47,IG,MWB
2022-05-10 16:48:47,DB,PL
2022-05-10 16:48:47,MCM,MGB
2022-05-10 16:48:47,MCM,MTP
2022-05-10 16:48:47,MGB,MWB
2022-05-10 16:48:47,LL,PL
2022-05-10 16:48:47,DB,IG
2022-05-10 16:48:47,LL,MTP
2022-05-10 16:48:47,MTP,MWB
2022-05-10 16:48:47,LL,MCM
2022-05-10 16:48:47,DB,MWB
2022-05-10 16:48:47,IG,MCM
2022-05-10 16:48:47,IG,MGB
2022-05-10 16:48:47,MCM,MWB
2022-05-10 16:48:48,MWB,PL
2022-05-10 16:48:48,LL,PL
2022-05-10 16:48:48,IG,MGB
2022-05-10 16:48:48,LL,MCM
2022-05-10 16:48:48,IG,MTP
2022-05-10 16:48:48,IG,MWB
2022-05-10 16:48:48,MCM,PL
2022-05-10 16:48:48,MCM,MTP
2022-05-10 16:48:48,DB,MTP
2022-05-10 16:48:48,LL,MTP
2022-05-10 16:48:48,DB,MGB
2022-05-10 16:48:48,MGB,MTP
2022-05-10 16:48:48,DB,LL
2022-05-10 16:48:48,LL,MGB
2022-05-10 16:48:48,MGB,MWB
2022-05-10 16:48:48,DB,MWB
2022-05-10 16:48:48,MGB,PL
2022-05-10 16:48:48,MCM,MWB
2022-05-10 16:48:48,MTP,MWB
2022-05-10 16:48:48,LL,MWB
2022-05-10 16:48:48,DB,IG
2022-05-10 16:48:48,MCM,MGB
2022-05-10 16:48:48,IG,LL
2022-05-10 16:48:48,DB,MCM
2022-05-10 16:48:48,IG,PL
2022-05-10 16:48:48,MTP,PL
2022-05-10 16:48:48,DB,PL
2022-05-10 16:48:48,IG,MCM
2022-05-10 16:48:49,MWB,PL
2022-05-10 16:48:49,LL,MWB
2022-05-10 16:48:49,IG,MTP
2022-05-10 16:48:49,DB,LL
2022-05-10 16:48:49,LL,MTP
2022-05-10 16:48:49,MCM,MTP
2022-05-10 16:48:49,DB,MGB
2022-05-10 16:48:49,MGB,MTP
2022-05-10 16:48:49,MGB,MWB
2022-05-10 16:48:49,MCM,MWB
2022-05-10 16:48:49,IG,MWB
2022-05-10 16:48:49,LL,PL
2022-05-10 16:48:49,DB,MTP
2022-05-10 16:48:49,MGB,PL
2022-05-10 16:48:49,MTP,MWB
2022-05-10 16:48:49,IG,PL
2022-05-10 16:48:49,DB,MCM
2022-05-10 16:48:49,DB,MWB
2022-05-10 16:48:49,IG,MGB
2022-05-10 16:48:49,IG,MCM
2022-05-10 16:48:49,LL,MCM
2022-05-10 16:48:49,LL,MGB
2022-05-10 16:48:49,MCM,MGB
2022-05-10 16:48:49,IG,LL
2022-05-10 16:48:49,DB,IG
2022-05-10 16:48:49,MCM,PL
2022-05-10 16:48:49,DB,PL
2022-05-10 16:48:49,MTP,PL
2022-05-10 16:48:50,DB,MTP
2022-05-10 16:48:50,IG,PL
2022-05-10 16:48:50,DB,PL
2022-05-10 16:48:50,IG,MWB
2022-05-10 16:48:50,MCM,MGB
2022-05-10 16:48:50,MCM,MWB
2022-05-10 16:48:50,DB,MGB
2022-05-10 16:48:50,MCM,PL
2022-05-10 16:48:50,MGB,MTP
2022-05-10 16:48:50,MGB,MWB
2022-05-10 16:48:50,LL,MWB
2022-05-10 16:48:50,LL,MGB
2022-05-10 16:48:50,MGB,PL
2022-05-10 16:48:50,MTP,PL
2022-05-10 16:48:50,MTP,MWB
2022-05-10 16:48:50,LL,MCM
2022-05-10 16:48:50,IG,MCM
2022-05-10 16:48:50,DB,LL
2022-05-10 16:48:50,LL,MTP
2022-05-10 16:48:50,MCM,MTP
2022-05-10 16:48:50,IG,LL
2022-05-10 16:48:50,IG,MGB
2022-05-10 16:48:50,DB,MWB
2022-05-10 16:48:50,MWB,PL
2022-05-10 16:48:50,DB,IG
2022-05-10 16:48:50,DB,MCM
2022-05-10 16:48:50,IG,MTP
2022-05-10 16:48:50,LL,PL
2022-05-10 16:48:51,IG,PL
2022-05-10 16:48:51,DB,MGB
2022-05-10 16:48:51,IG,MCM
2022-05-10 16:48:51,LL,MTP
2022-05-10 16:48:51,LL,MCM
2022-05-10 16:48:51,DB,PL
2022-05-10 16:48:51,LL,MGB
2022-05-10 16:48:51,IG,MTP
2022-05-10 16:48:51,MCM,MGB
2022-05-10 16:48:51,IG,MGB
2022-05-10 16:48:51,MCM,MTP
2022-05-10 16:48:51,MWB,PL
2022-05-10 16:48:51,IG,LL
2022-05-10 16:48:51,LL,PL
2022-05-10 16:48:51,DB,MWB
2022-05-10 16:48:51,DB,MCM
2022-05-10 16:48:51,MGB,PL
2022-05-10 16:48:51,MTP,MWB
2022-05-10 16:48:51,DB,MTP
2022-05-10 16:48:51,DB,IG
2022-05-10 16:48:51,MCM,PL
2022-05-10 16:48:51,LL,MWB
2022-05-10 16:48:51,IG,MWB
2022-05-10 16:48:51,DB,LL
2022-05-10 16:48:51,MGB,MTP
2022-05-10 16:48:51,MGB,MWB
2022-05-10 16:48:51,MTP,PL
2022-05-10 16:48:51,MCM,MWB
2022-05-10 16:48:52,MTP,MWB
2022-05-10 16:48:52,IG,MCM
2022-05-10 16:48:52,MGB,MTP
2022-05-10 16:48:52,LL,MCM
2022-05-10 16:48:52,IG,MGB
2022-05-10 16:48:52,MCM,MTP
2022-05-10 16:48:52,LL,MTP
2022-05-10 16:48:52,MWB,PL
2022-05-10 16:48:52,IG,MWB
2022-05-10 16:48:52,DB,MWB
2022-05-10 16:48:52,IG,PL
2022-05-10 16:48:52,DB,IG
2022-05-10 16:48:52,DB,MTP
2022-05-10 16:48:52,MCM,MWB
2022-05-10 16:48:52,DB,MCM
2022-05-10 16:48:52,LL,MGB
2022-05-10 16:48:52,MGB,PL
2022-05-10 16:48:52,MCM,PL
2022-05-10 16:48:52,MTP,PL
2022-05-10 16:48:52,MGB,MWB
2022-05-10 16:48:52,DB,PL
2022-05-10 16:48:52,DB,LL
2022-05-10 16:48:52,LL,MWB
2022-05-10 16:48:52,IG,LL
2022-05-10 16:48:52,MCM,MGB
2022-05-10 16:48:52,IG,MTP
2022-05-10 16:48:52,LL,PL
2022-05-10 16:48:52,DB,MGB
2022-05-10 16:48:53,DB,MTP
2022-05-10 16:48:53,MCM,MWB
2022-05-10 16:48:53,IG,PL
2022-05-10 16:48:53,MCM,PL
2022-05-10 16:48:53,DB,MGB
2022-05-10 16:48:53,DB,IG
2022-05-10 16:48:53,LL,MGB
2022-05-10 16:48:53,MTP,MWB
2022-05-10 16:48:53,MTP,PL
2022-05-10 16:48:53,DB,LL
2022-05-10 16:48:53,DB,MCM
2022-05-10 16:48:53,IG,MCM
2022-05-10 16:48:53,MGB,PL
2022-05-10 16:48:53,LL,MCM
2022-05-10 16:48:53,LL,PL
2022-05-10 16:48:53,DB,MWB
2022-05-10 16:48:53,LL,MWB
2022-05-10 16:48:53,DB,PL
2022-05-10 16:48:53,LL,MTP
2022-05-10 16:48:53,MGB,MTP
2022-05-10 16:48:53,MCM,MTP
2022-05-10 16:48:53,MWB,PL
2022-05-10 16:48:53,IG,MWB
2022-05-10 16:48:53,IG,LL
2022-05-10 16:48:53,MCM,MGB
2022-05-10 16:48:53,IG,MTP
2022-05-10 16:48:53,IG,MGB
2022-05-10 16:48:53,MGB,MWB
2022-05-10 16:48:54,IG,MWB
2022-05-10 16:48:54,DB,MGB
2022-05-10 16:48:54,DB,MTP
2022-05-10 16:48:54,IG,PL
2022-05-10 16:48:54,DB,MCM
2022-05-10 16:48:54,LL,PL
2022-05-10 16:48:54,MGB,PL
2022-05-10 16:48:54,DB,PL
2022-05-10 16:48:54,MCM,MTP
2022-05-10 16:48:54,MCM,MGB
2022-05-10 16:48:54,IG,MTP
2022-05-10 16:48:54,IG,MGB
2022-05-10 16:48:54,DB,IG
2022-05-10 16:48:54,LL,MTP
2022-05-10 16:48:54,LL,MWB
2022-05-10 16:48:54,LL,MGB
2022-05-10 16:48:54,MCM,MWB
2022-05-10 16:48:54,MGB,MWB
2022-05-10 16:48:54,LL,MCM
2022-05-10 16:48:54,MWB,PL
2022-05-10 16:48:54,DB,MWB
2022-05-10 16:48:54,MTP,MWB
2022-05-10 16:48:54,IG,LL
2022-05-10 16:48:54,DB,LL
2022-05-10 16:48:54,MTP,PL
2022-05-10 16:48:54,MCM,PL
2022-05-10 16:48:54,IG,MCM
2022-05-10 16:48:54,MGB,MTP
2022-05-10 16:48:55,DB,MTP
2022-05-10 16:48:55,IG,MCM
2022-05-10 16:48:55,LL,MGB
2022-05-10 16:48:55,IG,MGB
2022-05-10 16:48:55,MGB,PL
2022-05-10 16:48:55,LL,MCM
2022-05-10 16:48:55,DB,MGB
2022-05-10 16:48:55,MGB,MWB
2022-05-10 16:48:55,MCM,PL
2022-05-10 16:48:55,MCM,MTP
2022-05-10 16:48:55,IG,MTP
2022-05-10 16:48:55,DB,MWB
2022-05-10 16:48:55,IG,MWB
2022-05-10 16:48:55,LL,MWB
2022-05-10 16:48:55,MGB,MTP
2022-05-10 16:48:55,MWB,PL
2022-05-10 16:48:55,DB,IG
2022-05-10 16:48:55,LL,PL
2022-05-10 16:48:55,LL,MTP
2022-05-10 16:48:55,MTP,PL
2022-05-10 16:48:55,IG,PL
2022-05-10 16:48:55,MCM,MWB
2022-05-10 16:48:55,DB,MCM
2022-05-10 16:48:55,DB,LL
2022-05-10 16:48:55,IG,LL
2022-05-10 16:48:55,MTP,MWB
2022-05-10 16:48:55,MCM,MGB
2022-05-10 16:48:55,DB,PL
2022-05-10 16:48:56,DB,LL
2022-05-10 16:48:56,MGB,PL
2022-05-10 16:48:56,IG,LL
2022-05-10 16:48:56,MCM,MGB
2022-05-10 16:48:56,MTP,PL
2022-05-10 16:48:56,MCM,PL
2022-05-10 16:48:56,LL,PL
2022-05-10 16:48:56,LL,MWB
2022-05-10 16:48:56,DB,MGB
2022-05-10 16:48:56,LL,MTP
2022-05-10 16:48:56,IG,MCM
2022-05-10 16:48:56,IG,MTP
2022-05-10 16:48:56,MGB,MWB
2022-05-10 16:48:56,MGB,MTP
2022-05-10 16:48:56,DB,PL
2022-05-10 16:48:56,DB,IG
2022-05-10 16:48:56,DB,MCM
2022-05-10 16:48:56,IG,MWB
2022-05-10 16:48:56,MWB,PL
2022-05-10 16:48:56,IG,PL
2022-05-10 16:48:56,DB,MWB
2022-05-10 16:48:56,DB,MTP
2022-05-10 16:48:56,MCM,MTP
2022-05-10 16:48:56,MCM,MWB
2022-05-10 16:48:56,LL,MCM
2022-05-10 16:48:56,IG,MGB
2022-05-10 16:48:56,LL,MGB
2022-05-10 16:48:56,MTP,MWB
2022-05-10 16:48:57,LL,PL
2022-05-10 16:48:57,DB,MTP
2022-05-10 16:48:57,MTP,MWB
2022-05-10 16:48:57,MCM,MWB
2022-05-10 16:48:57,IG,PL
2022-05-10 16:48:57,LL,MGB
2022-05-10 16:48:57,MTP,PL
2022-05-10 16:48:57,IG,MWB
2022-05-10 16:48:57,MCM,PL
2022-05-10 16:48:57,LL,MTP
2022-05-10 16:48:57,DB,IG
2022-05-10 16:48:57,DB,PL
2022-05-10 16:48:57,IG,MCM
2022-05-10 16:48:57,MGB,MTP
2022-05-10 16:48:57,DB,MGB
2022-05-10 16:48:57,LL,MCM
2022-05-10 16:48:57,IG,LL
2022-05-10 16:48:57,MGB,MWB
2022-05-10 16:48:57,MCM,MGB
2022-05-10 16:48:57,DB,MWB
2022-05-10 16:48:57,MCM,MTP
2022-05-10 16:48:57,MGB,PL
2022-05-10 16:48:57,LL,MWB
2022-05-10 16:48:57,MWB,PL
2022-05-10 16:48:57,DB,MCM
2022-05-10 16:48:57,DB,LL
2022-05-10 16:48:57,IG,MTP
2022-05-10 16:48:57,IG,MGB
2022-05-10 16:48:58,MCM,MWB
2022-05-10 16:48:58,MCM,PL
2022-05-10 16:48:58,LL,MTP
2022-05-10 16:48:58,DB,MGB
2022-05-10 16:48:58,IG,MTP
2022-05-10 16:48:58,DB,LL
2022-05-10 16:48:58,IG,MWB
2022-05-10 16:48:58,MWB,PL
2022-05-10 16:48:58,IG,PL
2022-05-10 16:48:58,MCM,MGB
2022-05-10 16:48:58,LL,MCM
2022-05-10 16:48:58,LL,PL
2022-05-10 16:48:58,MGB,MWB
2022-05-10 16:48:58,DB,MWB
2022-05-10 16:48:58,LL,MGB
2022-05-10 16:48:58,MGB,MTP
2022-05-10 16:48:58,DB,MCM
2022-05-10 16:48:58,MTP,PL
2022-05-10 16:48:58,DB,IG
2022-05-10 16:48:58,MTP,MWB
2022-05-10 16:48:58,IG,MGB
2022-05-10 16:48:58,LL,MWB
2022-05-10 16:48:58,IG,LL
2022-05-10 16:48:58,IG,MCM
2022-05-10 16:48:58,MGB,PL
2022-05-10 16:48:58,MCM,MTP
2022-05-10 16:48:58,DB,PL
2022-05-10 16:48:58,DB,MTP
2022-05-10 16:48:59,LL,MCM
2022-05-10 16:48:59,IG,LL
2022-05-10 16:48:59,DB,MWB
2022-05-10 16:48:59,MGB,PL
2022-05-10 16:48:59,LL,MGB
2022-05-10 16:48:59,MGB,MWB
2022-05-10 16:48:59,LL,PL
2022-05-10 16:48:59,DB,MCM
2022-05-10 16:48:59,LL,MTP
2022-05-10 16:48:59,LL,MWB
2022-05-10 16:48:59,MCM,PL
2022-05-10 16:48:59,MCM,MTP
2022-05-10 16:48:59,MGB,MTP
2022-05-10 16:48:59,MTP,MWB
2022-05-10 16:48:59,MTP,PL
2022-05-10 16:48:59,IG,MGB
2022-05-10 16:48:59,MCM,MGB
2022-05-10 16:48:59,IG,PL
2022-05-10 16:48:59,MCM,MWB
2022-05-10 16:48:59,IG,MCM
2022-05-10 16:48:59,MWB,PL
2022-05-10 16:48:59,DB,IG
2022-05-10 16:48:59,DB,MGB
2022-05-10 16:48:59,DB,MTP
2022-05-10 16:48:59,IG,MWB
2022-05-10 16:48:59,DB,PL
2022-05-10 16:48:59,DB,LL
2022-05-10 16:48:59,IG,MTP
2022-05-10 16:49:00,DB,MTP
2022-05-10 16:49:00,DB,LL
2022-05-10 16:49:00,LL,MWB
2022-05-10 16:49:00,DB,MGB
2022-05-10 16:49:00,MGB,MTP
2022-05-10 16:49:00,MCM,MGB
2022-05-10 16:49:00,MCM,MWB
2022-05-10 16:49:00,LL,PL
2022-05-10 16:49:00,MGB,MWB
2022-05-10 16:49:00,MTP,MWB
2022-05-10 16:49:00,DB,MCM
2022-05-10 16:49:00,DB,IG
2022-05-10 16:49:00,IG,MGB
2022-05-10 16:49:00,IG,MWB
2022-05-10 16:49:00,IG,MCM
2022-05-10 16:49:00,MWB,PL
2022-05-10 16:49:00,IG,PL
2022-05-10 16:49:00,DB,PL
2022-05-10 16:49:00,LL,MCM
2022-05-10 16:49:00,DB,MWB
2022-05-10 16:49:00,IG,MTP
2022-05-10 16:49:00,IG,LL
2022-05-10 16:49:00,MCM,MTP
2022-05-10 16:49:00,MCM,PL
2022-05-10 16:49:00,MGB,PL
2022-05-10 16:49:00,LL,MTP
2022-05-10 16:49:00,MTP,PL
2022-05-10 16:49:00,LL,MGB
2022-05-10 16:49:01,IG,LL
2022-05-10 16:49:01,DB,MTP
2022-05-10 16:49:01,DB,LL
2022-05-10 16:49:01,MCM,MWB
2022-05-10 16:49:01,MTP,MWB
2022-05-10 16:49:01,MGB,PL
2022-05-10 16:49:01,IG,MCM
2022-05-10 16:49:01,DB,PL
2022-05-10 16:49:01,IG,MWB
2022-05-10 16:49:01,IG,MTP
2022-05-10 16:49:01,DB,MGB
2022-05-10 16:49:01,DB,IG
2022-05-10 16:49:01,MWB,PL
2022-05-10 16:49:01,MCM,MGB
2022-05-10 16:49:01,IG,PL
2022-05-10 16:49:01,LL,PL
2022-05-10 16:49:01,LL,MCM
2022-05-10 16:49:01,DB,MWB
2022-05-10 16:49:01,LL,MGB
2022-05-10 16:49:01,DB,MCM
2022-05-10 16:49:01,MGB,MWB
2022-05-10 16:49:01,LL,MWB
2022-05-10 16:49:01,LL,MTP
2022-05-10 16:49:01,IG,MGB
2022-05-10 16:49:01,MCM,MTP
2022-05-10 16:49:01,MCM,PL
2022-05-10 16:49:01,MTP,PL
2022-05-10 16:49:01,MGB,MTP
2022-05-10 16:49:02,IG,MGB
2022-05-10 16:49:02,MWB,PL
2022-05-10 16:49:02,IG,MWB
2022-05-10 16:49:02,DB,IG
2022-05-10 16:49:02,MTP,MWB
2022-05-10 16:49:02,IG,MTP
2022-05-10 16:49:02,MCM,MTP
2022-05-10 16:49:02,MCM,PL
2022-05-10 16:49:02,DB,MCM
2022-05-10 16:49:02,MGB,PL
2022-05-10 16:49:02,MTP,PL
2022-05-10 16:49:02,IG,LL
2022-05-10 16:49:02,DB,PL
2022-05-10 16:49:02,MCM,MWB
2022-05-10 16:49:02,IG,PL
2022-05-10 16:49:02,DB,MTP
2022-05-10 16:49:02,DB,LL
2022-05-10 16:49:02,MGB,MTP
2022-05-10 16:49:02,LL,MCM
2022-05-10 16:49:02,LL,MTP
2022-05-10 16:49:02,LL,PL
2022-05-10 16:49:02,DB,MGB
2022-05-10 16:49:02,LL,MGB
2022-05-10 16:49:02,DB,MWB
2022-05-10 16:49:02,LL,MWB
2022-05-10 16:49:02,MGB,MWB
2022-05-10 16:49:02,IG,MCM
2022-05-10 16:49:02,MCM,MGB
2022-05-10 16:49:03,IG,MTP
2022-05-10 16:49:03,DB,LL
2022-05-10 16:49:03,MCM,MGB
2022-05-10 16:49:03,LL,MCM
2022-05-10 16:49:03,LL,MTP
2022-05-10 16:49:03,DB,MTP
2022-05-10 16:49:03,MWB,PL
2022-05-10 16:49:03,MCM,PL
2022-05-10 16:49:03,IG,LL
2022-05-10 16:49:03,IG,MCM
2022-05-10 16:49:03,MTP,MWB
2022-05-10 16:49:03,DB,MCM
2022-05-10 16:49:03,IG,MWB
2022-05-10 16:49:03,MGB,MTP
2022-05-10 16:49:03,MTP,PL
2022-05-10 16:49:03,MGB,PL
2022-05-10 16:49:03,LL,MGB
2022-05-10 16:49:03,DB,PL
2022-05-10 16:49:03,DB,MGB
2022-05-10 16:49:03,MCM,MTP
2022-05-10 16:49:03,LL,PL
2022-05-10 16:49:03,DB,IG
2022-05-10 16:49:03,LL,MWB
2022-05-10 16:49:03,IG,PL
2022-05-10 16:49:03,MGB,MWB
2022-05-10 16:49:03,IG,MGB
2022-05-10 16:49:03,DB,MWB
2022-05-10 16:49:03,MCM,MWB
2022-05-10 16:49:04,IG,PL
2022-05-10 16:49:04,IG,MGB
2022-05-10 16:49:04,LL,MTP
2022-05-10 16:49:04,MCM,MTP
2022-05-10 16:49:04,DB,MTP
2022-05-10 16:49:04,LL,MGB
2022-05-10 16:49:04,LL,MWB
2022-05-10 16:49:04,DB,MGB
2022-05-10 16:49:04,LL,MCM
2022-05-10 16:49:04,IG,MCM
2022-05-10 16:49:04,MGB,MTP
2022-05-10 16:49:04,LL,PL
2022-05-10 16:49:04,MGB,MWB
2022-05-10 16:49:04,MCM,MWB
2022-05-10 16:49:04,DB,MWB
2022-05-10 16:49:04,IG,MWB
2022-05-10 16:49:04,DB,IG
2022-05-10 16:49:04,IG,MTP
2022-05-10 16:49:04,DB,MCM
2022-05-10 16:49:04,MGB,PL
2022-05-10 16:49:04,MTP,PL
2022-05-10 16:49:04,DB,PL
2022-05-10 16:49:04,MCM,PL
2022-05-10 16:49:04,IG,LL
2022-05-10 16:49:04,MTP,MWB
2022-05-10 16:49:04,DB,LL
2022-05-10 16:49:04,MWB,PL
2022-05-10 16:49:04,MCM,MGB
2022-05-10 16:49:05,DB,IG
2022-05-10 16:49:05,MTP,MWB
2022-05-10 16:49:05,DB,PL
2022-05-10 16:49:05,IG,MCM
2022-05-10 16:49:05,DB,MWB
2022-05-10 16:49:05,MCM,MTP
2022-05-10 16:49:05,DB,MTP
2022-05-10 16:49:05,MCM,MWB
2022-05-10 16:49:05,DB,MGB
2022-05-10 16:49:05,DB,LL
2022-05-10 16:49:05,LL,MGB
2022-05-10 16:49:05,IG,LL
2022-05-10 16:49:05,MWB,PL
2022-05-10 16:49:05,MTP,PL
2022-05-10 16:49:05,MGB,PL
2022-05-10 16:49:05,DB,MCM
2022-05-10 16:49:05,LL,MTP
2022-05-10 16:49:05,MCM,MGB
2022-05-10 16:49:05,IG,MTP
2022-05-10 16:49:05,MCM,PL
2022-05-10 16:49:05,IG,MWB
2022-05-10 16:49:05,LL,MCM
2022-05-10 16:49:05,MGB,MTP
2022-05-10 16:49:05,MGB,MWB
2022-05-10 16:49:05,LL,MWB
2022-05-10 16:49:05,LL,PL
2022-05-10 16:49:05,IG,MGB
2022-05-10 16:49:05,IG,PL
2022-05-10 16:49:06,IG,MWB
2022-05-10 16:49:06,MTP,MWB
2022-05-10 16:49:06,DB,IG
2022-05-10 16:49:06,MTP,PL
2022-05-10 16:49:06,MGB,PL
2022-05-10 16:49:06,MCM,PL
2022-05-10 16:49:06,MCM,MWB
2022-05-10 16:49:06,DB,PL
2022-05-10 16:49:06,MGB,MWB
2022-05-10 16:49:06,DB,MWB
2022-05-10 16:49:06,LL,MGB
2022-05-10 16:49:06,LL,PL
2022-05-10 16:49:06,IG,MTP
2022-05-10 16:49:06,LL,MCM
2022-05-10 16:49:06,IG,PL
2022-05-10 16:49:06,IG,LL
2022-05-10 16:49:06,IG,MCM
2022-05-10 16:49:06,MCM,MGB
2022-05-10 16:49:06,LL,MTP
2022-05-10 16:49:06,DB,MCM
2022-05-10 16:49:06,IG,MGB
2022-05-10 16:49:06,DB,MTP
2022-05-10 16:49:06,MWB,PL
2022-05-10 16:49:06,LL,MWB
2022-05-10 16:49:06,MCM,MTP
2022-05-10 16:49:06,DB,LL
2022-05-10 16:49:06,MGB,MTP
2022-05-10 16:49:06,DB,MGB
2022-05-10 16:49:07,IG,PL
2022-05-10 16:49:07,LL,PL
2022-05-10 16:49:07,IG,MGB
2022-05-10 16:49:07,LL,MCM
2022-05-10 16:49:07,LL,MWB
2022-05-10 16:49:07,MGB,MWB
2022-05-10 16:49:07,MWB,PL
2022-05-10 16:49:07,DB,MGB
2022-05-10 16:49:07,IG,MCM
2022-05-10 16:49:07,DB,MWB
2022-05-10 16:49:07,MCM,MGB
2022-05-10 16:49:07,DB,PL
2022-05-10 16:49:07,MGB,MTP
2022-05-10 16:49:07,DB,IG
2022-05-10 16:49:07,MTP,MWB
2022-05-10 16:49:07,DB,LL
2022-05-10 16:49:07,IG,MWB
2022-05-10 16:49:07,IG,MTP
2022-05-10 16:49:07,MCM,PL
2022-05-10 16:49:07,MCM,MTP
2022-05-10 16:49:07,DB,MTP
2022-05-10 16:49:07,LL,MTP
2022-05-10 16:49:07,MGB,PL
2022-05-10 16:49:07,MTP,PL
2022-05-10 16:49:07,DB,MCM
2022-05-10 16:49:07,IG,LL
2022-05-10 16:49:07,MCM,MWB
2022-05-10 16:49:07,LL,MGB
2022-05-10 16:49:08,DB,MCM
2022-05-10 16:49:08,MCM,MGB
2022-05-10 16:49:08,LL,MTP
2022-05-10 16:49:08,MGB,MTP
2022-05-10 16:49:08,MWB,PL
2022-05-10 16:49:08,IG,MWB
2022-05-10 16:49:08,MGB,MWB
2022-05-10 16:49:08,MTP,PL
2022-05-10 16:49:08,MTP,MWB
2022-05-10 16:49:08,MCM,PL
2022-05-10 16:49:08,DB,PL
2022-05-10 16:49:08,DB,IG
2022-05-10 16:49:08,MGB,PL
2022-05-10 16:49:08,IG,LL
2022-05-10 16:49:08,DB,LL
2022-05-10 16:49:08,IG,MTP
2022-05-10 16:49:08,LL,MGB
2022-05-10 16:49:08,IG,PL
2022-05-10 16:49:08,IG,MGB
2022-05-10 16:49:08,IG,MCM
2022-05-10 16:49:08,MCM,MWB
2022-05-10 16:49:08,DB,MWB
2022-05-10 16:49:08,MCM,MTP
2022-05-10 16:49:08,LL,MCM
2022-05-10 16:49:08,LL,PL
2022-05-10 16:49:08,DB,MGB
2022-05-10 16:49:08,DB,MTP
2022-05-10 16:49:08,LL,MWB
2022-05-10 16:49:09,MCM,PL
2022-05-10 16:49:09,MCM,MTP
2022-05-10 16:49:09,MTP,MWB
2022-05-10 16:49:09,LL,MCM
2022-05-10 16:49:09,IG,MGB
2022-05-10 16:49:09,DB,LL
2022-05-10 16:49:09,IG,LL
2022-05-10 16:49:09,MWB,PL
2022-05-10 16:49:09,IG,MCM
2022-05-10 16:49:09,MGB,MTP
2022-05-10 16:49:09,LL,MWB
2022-05-10 16:49:09,LL,MTP
2022-05-10 16:49:09,DB,MTP
2022-05-10 16:49:09,IG,PL
2022-05-10 16:49:09,MGB,PL
2022-05-10 16:49:09,MCM,MGB
2022-05-10 16:49:09,MTP,PL
2022-05-10 16:49:09,DB,IG
2022-05-10 16:49:09,DB,MGB
2022-05-10 16:49:09,DB,MWB
2022-05-10 16:49:09,MGB,MWB
2022-05-10 16:49:09,LL,MGB
2022-05-10 16:49:09,DB,MCM
2022-05-10 16:49:09,DB,PL
2022-05-10 16:49:09,IG,MWB
2022-05-10 16:49:09,IG,MTP
2022-05-10 16:49:09,MCM,MWB
2022-05-10 16:49:09,LL,PL
2022-05-10 16:49:10,DB,MTP
2022-05-10 16:49:10,IG,MWB
2022-05-10 16:49:10,MWB,PL
2022-05-10 16:49:10,DB,MGB
2022-05-10 16:49:10,DB,IG
2022-05-10 16:49:10,IG,MCM
2022-05-10 16:49:10,LL,MGB
2022-05-10 16:49:10,DB,MWB
2022-05-10 16:49:10,IG,LL
2022-05-10 16:49:10,IG,MGB
2022-05-10 16:49:10,IG,PL
2022-05-10 16:49:10,MGB,MWB
2022-05-10 16:49:10,MGB,PL
2022-05-10 16:49:10,IG,MTP
2022-05-10 16:49:10,LL,MTP
2022-05-10 16:49:10,MCM,MGB
2022-05-10 16:49:10,MGB,MTP
2022-05-10 16:49:10,MCM,PL
2022-05-10 16:49:10,MCM,MWB
2022-05-10 16:49:10,DB,PL
2022-05-10 16:49:10,DB,MCM
2022-05-10 16:49:10,LL,PL
2022-05-10 16:49:10,DB,LL
2022-05-10 16:49:10,MTP,MWB
2022-05-10 16:49:10,MCM,MTP
2022-05-10 16:49:10,MTP,PL
2022-05-10 16:49:10,LL,MCM
2022-05-10 16:49:11,LL,MTP
2022-05-10 16:49:11,MTP,PL
2022-05-10 16:49:11,IG,MGB
2022-05-10 16:49:11,DB,MWB
2022-05-10 16:49:11,LL,MGB
2022-05-10 16:49:11,IG,MCM
2022-05-10 16:49:11,MCM,MWB
2022-05-10 16:49:11,MCM,MTP
2022-05-10 16:49:11,LL,PL
2022-05-10 16:49:11,DB,MCM
2022-05-10 16:49:11,LL,MCM
2022-05-10 16:49:11,MGB,MTP
2022-05-10 16:49:11,DB,MGB
2022-05-10 16:49:11,IG,PL
2022-05-10 16:49:11,DB,MTP
2022-05-10 16:49:11,MGB,PL
2022-05-10 16:49:11,MWB,PL
2022-05-10 16:49:11,IG,MTP
2022-05-10 16:49:11,MCM,MGB
2022-05-10 16:49:11,DB,IG
2022-05-10 16:49:11,DB,LL
2022-05-10 16:49:11,IG,LL
2022-05-10 16:49:11,MCM,PL
2022-05-10 16:49:11,MGB,MWB
2022-05-10 16:49:11,IG,MWB
2022-05-10 16:49:11,DB,PL
2022-05-10 16:49:11,MTP,MWB
2022-05-10 16:49:12,MGB,PL
2022-05-10 16:49:12,MCM,MWB
2022-05-10 16:49:12,MCM,MTP
2022-05-10 16:49:12,MWB,PL
2022-05-10 16:49:12,MCM,MGB
2022-05-10 16:49:12,DB,PL
2022-05-10 16:49:12,LL,MCM
2022-05-10 16:49:12,MCM,PL
2022-05-10 16:49:12,IG,MTP
2022-05-10 16:49:12,MGB,MTP
2022-05-10 16:49:12,DB,MCM
2022-05-10 16:49:12,DB,MGB
2022-05-10 16:49:12,MTP,MWB
2022-05-10 16:49:12,DB,MTP
2022-05-10 16:49:12,IG,MGB
2022-05-10 16:49:12,IG,MWB
2022-05-10 16:49:12,LL,MTP
2022-05-10 16:49:12,DB,LL
2022-05-10 16:49:12,MTP,PL
2022-05-10 16:49:12,LL,PL
2022-05-10 16:49:12,DB,MWB
2022-05-10 16:49:12,LL,MGB
2022-05-10 16:49:12,IG,PL
2022-05-10 16:49:12,MGB,MWB
2022-05-10 16:49:12,DB,IG
2022-05-10 16:49:12,IG,LL
2022-05-10 16:49:12,IG,MCM
2022-05-10 16:49:13,MCM,MGB
2022-05-10 16:49:13,LL,PL
2022-05-10 16:49:13,DB,MCM
2022-05-10 16:49:13,MCM,PL
2022-05-10 16:49:13,MGB,MTP
2022-05-10 16:49:13,MGB,PL
2022-05-10 16:49:13,IG,PL
2022-05-10 16:49:13,LL,MTP
2022-05-10 16:49:13,MWB,PL
2022-05-10 16:49:13,IG,MGB
2022-05-10 16:49:13,MGB,MWB
2022-05-10 16:49:13,IG,MWB
2022-05-10 16:49:13,IG,LL
2022-05-10 16:49:13,IG,MTP
2022-05-10 16:49:13,MCM,MWB
2022-05-10 16:49:13,MCM,MTP
2022-05-10 16:49:13,DB,MGB
2022-05-10 16:49:13,LL,MCM
2022-05-10 16:49:13,DB,PL
2022-05-10 16:49:13,IG,MCM
2022-05-10 16:49:13,LL,MGB
2022-05-10 16:49:13,DB,MTP
2022-05-10 16:49:13,MTP,PL
2022-05-10 16:49:13,DB,IG
2022-05-10 16:49:13,MTP,MWB
2022-05-10 16:49:13,DB,MWB
2022-05-10 16:49:13,DB,LL
2022-05-10 16:49:14,DB,PL
2022-05-10 16:49:14,IG,MGB
2022-05-10 16:49:14,IG,MTP
2022-05-10 16:49:14,IG,PL
2022-05-10 16:49:14,IG,MCM
2022-05-10 16:49:14,MWB,PL
2022-05-10 16:49:14,MTP,PL
2022-05-10 16:49:14,MGB,MTP
2022-05-10 16:49:14,MCM,MWB
2022-05-10 16:49:14,LL,PL
2022-05-10 16:49:14,MCM,MGB
2022-05-10 16:49:14,DB,MWB
2022-05-10 16:49:14,DB,MTP
2022-05-10 16:49:14,DB,LL
2022-05-10 16:49:14,MTP,MWB
2022-05-10 16:49:14,IG,LL
2022-05-10 16:49:14,DB,IG
2022-05-10 16:49:14,LL,MTP
2022-05-10 16:49:14,DB,MCM
2022-05-10 16:49:14,MCM,PL
2022-05-10 16:49:14,LL,MGB
2022-05-10 16:49:14,DB,MGB
2022-05-10 16:49:14,MGB,PL
2022-05-10 16:49:14,MGB,MWB
2022-05-10 16:49:14,MCM,MTP
2022-05-10 16:49:14,LL,MCM
2022-05-10 16:49:14,IG,MWB
2022-05-10 16:49:15,MGB,PL
2022-05-10 16:49:15,LL,MGB
2022-05-10 16:49:15,LL,MCM
2022-05-10 16:49:15,MGB,MTP
2022-05-10 16:49:15,LL,PL
2022-05-10 16:49:15,MTP,PL
2022-05-10 16:49:15,IG,PL
2022-05-10 16:49:15,IG,MWB
2022-05-10 16:49:15,DB,LL
2022-05-10 16:49:15,MTP,MWB
2022-05-10 16:49:15,DB,MGB
2022-05-10 16:49:15,DB,MTP
2022-05-10 16:49:15,IG,LL
2022-05-10 16:49:15,DB,IG
2022-05-10 16:49:15,MCM,MGB
2022-05-10 16:49:15,IG,MTP
2022-05-10 16:49:15,LL,MTP
2022-05-10 16:49:15,MGB,MWB
2022-05-10 16:49:15,MCM,PL
2022-05-10 16:49:15,IG,MCM
2022-05-10 16:49:15,DB,MCM
2022-05-10 16:49:15,DB,MWB
2022-05-10 16:49:15,MWB,PL
2022-05-10 16:49:15,MCM,MWB
2022-05-10 16:49:15,IG,MGB
2022-05-10 16:49:15,MCM,MTP
2022-05-10 16:49:15,DB,PL
2022-05-10 16:49:16,DB,MWB
2022-05-10 16:49:16,IG,MCM
2022-05-10 16:49:16,DB,IG
2022-05-10 16:49:16,IG,MWB
2022-05-10 16:49:16,DB,LL
2022-05-10 16:49:16,DB,PL
2022-05-10 16:49:16,MTP,MWB
2022-05-10 16:49:16,LL,MTP
2022-05-10 16:49:16,IG,LL
2022-05-10 16:49:16,MWB,PL
2022-05-10 16:49:16,DB,MGB
2022-05-10 16:49:16,MCM,MWB
2022-05-10 16:49:16,MCM,MTP
2022-05-10 16:49:16,MGB,MWB
2022-05-10 16:49:16,IG,MTP
2022-05-10 16:49:16,DB,MCM
2022-05-10 16:49:16,IG,PL
2022-05-10 16:49:16,MCM,PL
2022-05-10 16:49:16,LL,PL
2022-05-10 16:49:16,MTP,PL
2022-05-10 16:49:16,MCM,MGB
2022-05-10 16:49:16,DB,MTP
2022-05-10 16:49:16,IG,MGB
2022-05-10 16:49:16,MGB,PL
2022-05-10 16:49:16,MGB,MTP
2022-05-10 16:49:16,LL,MGB
2022-05-10 16:49:16,LL,MCM
2022-05-10 16:49:17,LL,PL
2022-05-10 16:49:17,MWB,PL
2022-05-10 16:49:17,DB,MWB
2022-05-10 16:49:17,IG,MTP
2022-05-10 16:49:17,IG,MWB
2022-05-10 16:49:17,MTP,MWB
2022-05-10 16:49:17,MGB,PL
2022-05-10 16:49:17,LL,MGB
2022-05-10 16:49:17,DB,PL
2022-05-10 16:49:17,DB,MTP
2022-05-10 16:49:17,MGB,MWB
2022-05-10 16:49:17,DB,LL
2022-05-10 16:49:17,LL,MTP
2022-05-10 16:49:17,IG,MGB
2022-05-10 16:49:17,DB,IG
2022-05-10 16:49:17,IG,PL
2022-05-10 16:49:17,MCM,PL
2022-05-10 16:49:17,MTP,PL
2022-05-10 16:49:17,MCM,MGB
2022-05-10 16:49:17,MCM,MWB
2022-05-10 16:49:17,MCM,MTP
2022-05-10 16:49:17,LL,MCM
2022-05-10 16:49:17,MGB,MTP
2022-05-10 16:49:17,IG,LL
2022-05-10 16:49:17,DB,MGB
2022-05-10 16:49:17,IG,MCM
2022-05-10 16:49:17,DB,MCM
2022-05-10 16:49:18,DB,MCM
2022-05-10 16:49:18,MGB,PL
2022-05-10 16:49:18,IG,MWB
2022-05-10 16:49:18,DB,MGB
2022-05-10 16:49:18,DB,IG
2022-05-10 16:49:18,LL,MTP
2022-05-10 16:49:18,MWB,PL
2022-05-10 16:49:18,MGB,MWB
2022-05-10 16:49:18,MCM,MTP
2022-05-10 16:49:18,MTP,PL
2022-05-10 16:49:18,IG,MCM
2022-05-10 16:49:18,DB,PL
2022-05-10 16:49:18,LL,MCM
2022-05-10 16:49:18,LL,PL
2022-05-10 16:49:18,IG,MGB
2022-05-10 16:49:18,MGB,MTP
2022-05-10 16:49:18,DB,MWB
2022-05-10 16:49:18,DB,LL
2022-05-10 16:49:18,MCM,PL
2022-05-10 16:49:18,MCM,MGB
2022-05-10 16:49:18,DB,MTP
2022-05-10 16:49:18,LL,MGB
2022-05-10 16:49:18,MTP,MWB
2022-05-10 16:49:18,MCM,MWB
2022-05-10 16:49:18,IG,PL
2022-05-10 16:49:18,IG,LL
2022-05-10 16:49:18,IG,MTP
2022-05-10 16:49:19,MGB,PL
2022-05-10 16:49:19,DB,MTP
2022-05-10 16:49:19,DB,MWB
2022-05-10 16:49:19,LL,MCM
2022-05-10 16:49:19,DB,LL
2022-05-10 16:49:19,IG,LL
2022-05-10 16:49:19,IG,MCM
2022-05-10 16:49:19,DB,PL
2022-05-10 16:49:19,MCM,MWB
2022-05-10 16:49:19,DB,MCM
2022-05-10 16:49:19,DB,MGB
2022-05-10 16:49:19,IG,MGB
2022-05-10 16:49:19,IG,MTP
2022-05-10 16:49:19,IG,PL
2022-05-10 16:49:19,MGB,MTP
2022-05-10 16:49:19,MCM,MGB
2022-05-10 16:49:19,MWB,PL
2022-05-10 16:49:19,IG,MWB
2022-05-10 16:49:19,LL,MGB
2022-05-10 16:49:19,LL,MTP
2022-05-10 16:49:19,MCM,MTP
2022-05-10 16:49:19,MGB,MWB
2022-05-10 16:49:19,MCM,PL
2022-05-10 16:49:19,MTP,PL
2022-05-10 16:49:19,MTP,MWB
2022-05-10 16:49:19,LL,PL
2022-05-10 16:49:19,DB,IG
2022-05-10 16:49:20,LL,PL
2022-05-10 16:49:20,DB,MCM
2022-05-10 16:49:20,MCM,MWB
2022-05-10 16:49:20,MGB,PL
2022-05-10 16:49:20,MGB,MTP
2022-05-10 16:49:20,IG,LL
2022-05-10 16:49:20,LL,MGB
2022-05-10 16:49:20,LL,MTP
2022-05-10 16:49:20,IG,MCM
2022-05-10 16:49:20,DB,MGB
2022-05-10 16:49:20,DB,IG
2022-05-10 16:49:20,MTP,PL
2022-05-10 16:49:20,MCM,MTP
2022-05-10 16:49:20,IG,MGB
2022-05-10 16:49:20,IG,PL
2022-05-10 16:49:20,MCM,MGB
2022-05-10 16:49:20,DB,MWB
2022-05-10 16:49:20,DB,LL
2022-05-10 16:49:20,IG,MWB
2022-05-10 16:49:20,MTP,MWB
2022-05-10 16:49:20,MCM,PL
2022-05-10 16:49:20,IG,MTP
2022-05-10 16:49:20,MWB,PL
2022-05-10 16:49:20,LL,MCM
2022-05-10 16:49:20,DB,MTP
2022-05-10 16:49:20,DB,PL
2022-05-10 16:49:20,MGB,MWB
2022-05-10 16:49:21,LL,MCM
2022-05-10 16:49:21,DB,MCM
2022-05-10 16:49:21,LL,MGB
2022-05-10 16:49:21,MGB,MWB
2022-05-10 16:49:21,IG,MWB
2022-05-10 16:49:21,MWB,PL
2022-05-10 16:49:21,IG,PL
2022-05-10 16:49:21,MCM,PL
2022-05-10 16:49:21,DB,IG
2022-05-10 16:49:21,DB,MWB
2022-05-10 16:49:21,LL,MTP
2022-05-10 16:49:21,DB,PL
2022-05-10 16:49:21,IG,MTP
2022-05-10 16:49:21,MCM,MGB
2022-05-10 16:49:21,IG,MGB
2022-05-10 16:49:21,MTP,PL
2022-05-10 16:49:21,IG,MCM
2022-05-10 16:49:21,DB,MGB
2022-05-10 16:49:21,DB,LL
2022-05-10 16:49:21,MGB,MTP
2022-05-10 16:49:21,MTP,MWB
2022-05-10 16:49:21,MCM,MWB
2022-05-10 16:49:21,LL,PL
2022-05-10 16:49:21,DB,MTP
2022-05-10 16:49:21,MGB,PL
2022-05-10 16:49:21,IG,LL
2022-05-10 16:49:21,MCM,MTP
2022-05-10 16:49:22,MCM,PL
2022-05-10 16:49:22,DB,MCM
2022-05-10 16:49:22,MTP,PL
2022-05-10 16:49:22,MGB,PL
2022-05-10 16:49:22,MCM,MGB
2022-05-10 16:49:22,IG,PL
2022-05-10 16:49:22,IG,MGB
2022-05-10 16:49:22,IG,MCM
2022-05-10 16:49:22,IG,LL
2022-05-10 16:49:22,MCM,MTP
2022-05-10 16:49:22,DB,IG
2022-05-10 16:49:22,DB,MTP
2022-05-10 16:49:22,DB,LL
2022-05-10 16:49:22,LL,MTP
2022-05-10 16:49:22,LL,MGB
2022-05-10 16:49:22,MTP,MWB
2022-05-10 16:49:22,IG,MTP
2022-05-10 16:49:22,DB,PL
2022-05-10 16:49:22,LL,MCM
2022-05-10 16:49:22,DB,MWB
2022-05-10 16:49:22,MCM,MWB
2022-05-10 16:49:22,MGB,MTP
2022-05-10 16:49:22,DB,MGB
2022-05-10 16:49:22,MWB,PL
2022-05-10 16:49:22,LL,PL
2022-05-10 16:49:22,MGB,MWB
2022-05-10 16:49:22,IG,MWB
2022-05-10 16:49:23,DB,IG
2022-05-10 16:49:23,MTP,MWB
2022-05-10 16:49:23,MCM,PL
2022-05-10 16:49:23,MGB,MWB
2022-05-10 16:49:23,DB,MCM
2022-05-10 16:49:23,LL,PL
2022-05-10 16:49:23,DB,LL
2022-05-10 16:49:23,DB,PL
2022-05-10 16:49:23,MCM,MWB
2022-05-10 16:49:23,MGB,MTP
2022-05-10 16:49:23,LL,MGB
2022-05-10 16:49:23,MGB,PL
2022-05-10 16:49:23,DB,MGB
2022-05-10 16:49:23,IG,MCM
2022-05-10 16:49:23,IG,MWB
2022-05-10 16:49:23,IG,PL
2022-05-10 16:49:23,IG,LL
2022-05-10 16:49:23,MCM,MGB
2022-05-10 16:49:23,MTP,PL
2022-05-10 16:49:23,IG,MGB
2022-05-10 16:49:23,MCM,MTP
2022-05-10 16:49:23,DB,MTP
2022-05-10 16:49:23,LL,MTP
2022-05-10 16:49:23,LL,MCM
2022-05-10 16:49:23,IG,MTP
2022-05-10 16:49:23,DB,MWB
2022-05-10 16:49:23,MWB,PL
2022-05-10 16:49:24,MGB,MTP
2022-05-10 16:49:24,DB,MGB
2022-05-10 16:49:24,MGB,PL
2022-05-10 16:49:24,MWB,PL
2022-05-10 16:49:24,DB,PL
2022-05-10 16:49:24,MTP,PL
2022-05-10 16:49:24,DB,MWB
2022-05-10 16:49:24,IG,MCM
2022-05-10 16:49:24,IG,MGB
2022-05-10 16:49:24,LL,MTP
2022-05-10 16:49:24,IG,PL
2022-05-10 16:49:24,IG,LL
2022-05-10 16:49:24,LL,PL
2022-05-10 16:49:24,LL,MGB
2022-05-10 16:49:24,MCM,MGB
2022-05-10 16:49:24,MGB,MWB
2022-05-10 16:49:24,DB,IG
2022-05-10 16:49:24,MCM,MWB
2022-05-10 16:49:24,DB,MCM
2022-05-10 16:49:24,LL,MCM
2022-05-10 16:49:24,DB,MTP
2022-05-10 16:49:24,MCM,MTP
2022-05-10 16:49:24,DB,LL
2022-05-10 16:49:24,IG,MTP
2022-05-10 16:49:24,IG,MWB
2022-05-10 16:49:24,MCM,PL
2022-05-10 16:49:24,MTP,MWB
2022-05-10 16:49:25,DB,IG
2022-05-10 16:49:25,LL,MTP
2022-05-10 16:49:25,LL,PL
2022-05-10 16:49:25,DB,PL
2022-05-10 16:49:25,IG,LL
2022-05-10 16:49:25,DB,MWB
2022-05-10 16:49:25,LL,MCM
2022-05-10 16:49:25,MCM,MTP
2022-05-10 16:49:25,DB,LL
2022-05-10 16:49:25,DB,MGB
2022-05-10 16:49:25,MTP,MWB
2022-05-10 16:49:25,MCM,MWB
2022-05-10 16:49:25,IG,MCM
2022-05-10 16:49:25,MGB,MWB
2022-05-10 16:49:25,LL,MGB
2022-05-10 16:49:25,DB,MTP
2022-05-10 16:49:25,MCM,PL
2022-05-10 16:49:25,MCM,MGB
2022-05-10 16:49:25,MTP,PL
2022-05-10 16:49:25,IG,MTP
2022-05-10 16:49:25,IG,MGB
2022-05-10 16:49:25,DB,MCM
2022-05-10 16:49:25,MGB,MTP
2022-05-10 16:49:25,MGB,PL
2022-05-10 16:49:25,IG,MWB
2022-05-10 16:49:25,MWB,PL
2022-05-10 16:49:25,IG,PL
2022-05-10 16:49:26,MTP,PL
2022-05-10 16:49:26,DB,MTP
2022-05-10 16:49:26,MCM,PL
2022-05-10 16:49:26,DB,LL
2022-05-10 16:49:26,DB,IG
2022-05-10 16:49:26,MGB,PL
2022-05-10 16:49:26,IG,MWB
2022-05-10 16:49:26,DB,PL
2022-05-10 16:49:26,MCM,MTP
2022-05-10 16:49:26,IG,MTP
2022-05-10 16:49:26,LL,MCM
2022-05-10 16:49:26,MCM,MWB
2022-05-10 16:49:26,MGB,MTP
2022-05-10 16:49:26,DB,MWB
2022-05-10 16:49:26,MWB,PL
2022-05-10 16:49:26,DB,MCM
2022-05-10 16:49:26,MCM,MGB
2022-05-10 16:49:26,MGB,MWB
2022-05-10 16:49:26,LL,MTP
2022-05-10 16:49:26,IG,MGB
2022-05-10 16:49:26,LL,MGB
2022-05-10 16:49:26,IG,LL
2022-05-10 16:49:26,IG,MCM
2022-05-10 16:49:26,IG,PL
2022-05-10 16:49:26,MTP,MWB
2022-05-10 16:49:26,DB,MGB
2022-05-10 16:49:26,LL,PL
2022-05-10 16:49:27,DB,MWB
2022-05-10 16:49:27,MGB,MTP
2022-05-10 16:49:27,MCM,MTP
2022-05-10 16:49:27,IG,MCM
2022-05-10 16:49:27,DB,PL
2022-05-10 16:49:27,IG,MWB
2022-05-10 16:49:27,MCM,MGB
2022-05-10 16:49:27,IG,LL
2022-05-10 16:49:27,DB,MTP
2022-05-10 16:49:27,LL,MCM
2022-05-10 16:49:27,DB,MCM
2022-05-10 16:49:27,MCM,MWB
2022-05-10 16:49:27,IG,MTP
2022-05-10 16:49:27,LL,MGB
2022-05-10 16:49:27,IG,PL
2022-05-10 16:49:27,LL,PL
2022-05-10 16:49:27,DB,LL
2022-05-10 16:49:27,DB,MGB
2022-05-10 16:49:27,LL,MTP
2022-05-10 16:49:27,IG,MGB
2022-05-10 16:49:27,MCM,PL
2022-05-10 16:49:27,MGB,PL
2022-05-10 16:49:27,MTP,PL
2022-05-10 16:49:27,MTP,MWB
2022-05-10 16:49:27,DB,IG
2022-05-10 16:49:27,MGB,MWB
2022-05-10 16:49:28,LL,MGB
2022-05-10 16:49:28,DB,MWB
2022-05-10 16:49:28,MCM,MGB
2022-05-10 16:49:28,DB,IG
2022-05-10 16:49:28,MGB,MTP
2022-05-10 16:49:28,DB,MCM
2022-05-10 16:49:28,DB,PL
2022-05-10 16:49:28,LL,MTP
2022-05-10 16:49:28,MTP,PL
2022-05-10 16:49:28,IG,PL
2022-05-10 16:49:28,MGB,MWB
2022-05-10 16:49:28,MCM,MWB
2022-05-10 16:49:28,MCM,MTP
2022-05-10 16:49:28,LL,PL
2022-05-10 16:49:28,DB,MGB
2022-05-10 16:49:28,IG,MTP
2022-05-10 16:49:28,IG,LL
2022-05-10 16:49:28,IG,MGB
2022-05-10 16:49:28,IG,MCM
2022-05-10 16:49:28,MGB,PL
2022-05-10 16:49:28,LL,MCM
2022-05-10 16:49:28,DB,LL
2022-05-10 16:49:28,DB,MTP
2022-05-10 16:49:28,IG,MWB
2022-05-10 16:49:28,MCM,PL
2022-05-10 16:49:29,LL,MTP
2022-05-10 16:49:29,MCM,MWB
2022-05-10 16:49:29,MCM,PL
2022-05-10 16:49:29,LL,MGB
2022-05-10 16:49:29,DB,MTP
2022-05-10 16:49:29,MTP,PL
2022-05-10 16:49:29,MGB,MTP
2022-05-10 16:49:29,DB,PL
2022-05-10 16:49:29,MGB,MWB
2022-05-10 16:49:29,DB,IG
2022-05-10 16:49:29,DB,MGB
2022-05-10 16:49:29,IG,PL
2022-05-10 16:49:29,IG,LL
2022-05-10 16:49:29,MCM,MTP
2022-05-10 16:49:29,LL,MCM
2022-05-10 16:49:29,MGB,PL
2022-05-10 16:49:29,DB,LL
2022-05-10 16:49:29,IG,MCM
2022-05-10 16:49:29,IG,MTP
2022-05-10 16:49:29,IG,MGB
2022-05-10 16:49:29,DB,MWB
2022-05-10 16:49:29,IG,MWB
2022-05-10 16:49:29,DB,MCM
2022-05-10 16:49:29,LL,PL
2022-05-10 16:49:29,MCM,MGB
2022-05-10 16:49:30,MCM,MGB
2022-05-10 16:49:30,MCM,PL
2022-05-10 16:49:30,MGB,PL
2022-05-10 16:49:30,IG,MGB
2022-05-10 16:49:30,DB,LL
2022-05-10 16:49:30,DB,MCM
2022-05-10 16:49:30,MGB,MTP
2022-05-10 16:49:30,IG,MTP
2022-05-10 16:49:30,MTP,PL
2022-05-10 16:49:30,IG,PL
2022-05-10 16:49:30,IG,MCM
2022-05-10 16:49:30,LL,MGB
2022-05-10 16:49:30,DB,PL
2022-05-10 16:49:30,DB,MTP
2022-05-10 16:49:30,LL,MTP
2022-05-10 16:49:30,MGB,MWB
2022-05-10 16:49:30,IG,LL
2022-05-10 16:49:30,DB,MWB
2022-05-10 16:49:30,DB,IG
2022-05-10 16:49:30,DB,MGB
2022-05-10 16:49:30,IG,MWB
2022-05-10 16:49:30,MCM,MTP
2022-05-10 16:49:30,LL,MCM
2022-05-10 16:49:30,LL,PL
2022-05-10 16:49:30,MCM,MWB
2022-05-10 16:49:31,LL,MTP
2022-05-10 16:49:31,MGB,PL
2022-05-10 16:49:31,LL,MGB
2022-05-10 16:49:31,MCM,MTP
2022-05-10 16:49:31,IG,LL
2022-05-10 16:49:31,LL,PL
2022-05-10 16:49:31,MGB,MTP
2022-05-10 16:49:31,IG,MWB
2022-05-10 16:49:31,DB,MCM
2022-05-10 16:49:31,MTP,PL
2022-05-10 16:49:31,MCM,PL
2022-05-10 16:49:31,DB,IG
2022-05-10 16:49:31,DB,LL
2022-05-10 16:49:31,DB,MTP
2022-05-10 16:49:31,LL,MCM
2022-05-10 16:49:31,MCM,MWB
2022-05-10 16:49:31,IG,PL
2022-05-10 16:49:31,DB,PL
2022-05-10 16:49:31,IG,MGB
2022-05-10 16:49:31,DB,MWB
2022-05-10 16:49:31,MGB,MWB
2022-05-10 16:49:31,MCM,MGB
2022-05-10 16:49:31,IG,MCM
2022-05-10 16:49:31,IG,MTP
2022-05-10 16:49:31,DB,MGB
2022-05-10 16:49:32,MGB,MWB
2022-05-10 16:49:32,DB,IG
2022-05-10 16:49:32,MCM,MTP
2022-05-10 16:49:32,LL,PL
2022-05-10 16:49:32,IG,PL
2022-05-10 16:49:32,IG,MCM
2022-05-10 16:49:32,DB,MCM
2022-05-10 16:49:32,MCM,MGB
2022-05-10 16:49:32,MTP,PL
2022-05-10 16:49:32,IG,MGB
2022-05-10 16:49:32,MGB,PL
2022-05-10 16:49:32,DB,LL
2022-05-10 16:49:32,IG,MWB
2022-05-10 16:49:32,LL,MGB
2022-05-10 16:49:32,DB,MGB
2022-05-10 16:49:32,DB,MWB
2022-05-10 16:49:32,IG,MTP
2022-05-10 16:49:32,DB,PL
2022-05-10 16:49:32,IG,LL
2022-05-10 16:49:32,LL,MTP
2022-05-10 16:49:32,MCM,MWB
2022-05-10 16:49:32,MGB,MTP
2022-05-10 16:49:32,LL,MCM
2022-05-10 16:49:32,MCM,PL
2022-05-10 16:49:32,DB,MTP
2022-05-10 16:49:33,DB,LL
2022-05-10 16:49:33,IG,MGB
2022-05-10 16:49:33,MGB,PL
2022-05-10 16:49:33,MCM,PL
2022-05-10 16:49:33,DB,MGB
2022-05-10 16:49:33,MCM,MWB
2022-05-10 16:49:33,LL,MTP
2022-05-10 16:49:33,IG,MWB
2022-05-10 16:49:33,MTP,PL
2022-05-10 16:49:33,DB,MTP
2022-05-10 16:49:33,IG,LL
2022-05-10 16:49:33,MCM,MGB
2022-05-10 16:49:33,MGB,MWB
2022-05-10 16:49:33,LL,PL
2022-05-10 16:49:33,IG,MCM
2022-05-10 16:49:33,IG,MTP
2022-05-10 16:49:33,MCM,MTP
2022-05-10 16:49:33,LL,MCM
2022-05-10 16:49:33,DB,IG
2022-05-10 16:49:33,MGB,MTP
2022-05-10 16:49:33,LL,MGB
2022-05-10 16:49:33,IG,PL
2022-05-10 16:49:33,DB,MCM
2022-05-10 16:49:33,DB,MWB
2022-05-10 16:49:33,DB,PL
2022-05-10 16:49:34,LL,MGB
2022-05-10 16:49:34,MTP,PL
2022-05-10 16:49:34,IG,MCM
2022-05-10 16:49:34,IG,PL
2022-05-10 16:49:34,MGB,PL
2022-05-10 16:49:34,DB,MWB
2022-05-10 16:49:34,IG,MGB
2022-05-10 16:49:34,LL,MCM
2022-05-10 16:49:34,IG,MTP
2022-05-10 16:49:34,IG,MWB
2022-05-10 16:49:34,IG,LL
2022-05-10 16:49:34,DB,MCM
2022-05-10 16:49:34,DB,PL
2022-05-10 16:49:34,MGB,MTP
2022-05-10 16:49:34,DB,MGB
2022-05-10 16:49:34,LL,MTP
2022-05-10 16:49:34,DB,LL
2022-05-10 16:49:34,MCM,PL
2022-05-10 16:49:34,DB,IG
2022-05-10 16:49:34,MCM,MWB
2022-05-10 16:49:34,MCM,MTP
2022-05-10 16:49:34,DB,MTP
2022-05-10 16:49:34,MCM,MGB
2022-05-10 16:49:34,MGB,MWB
2022-05-10 16:49:34,LL,PL
2022-05-10 16:49:35,IG,LL
2022-05-10 16:49:35,DB,LL
2022-05-10 16:49:35,DB,PL
2022-05-10 16:49:35,LL,PL
2022-05-10 16:49:35,IG,MTP
2022-05-10 16:49:35,DB,MGB
2022-05-10 16:49:35,MCM,MTP
2022-05-10 16:49:35,MCM,MWB
2022-05-10 16:49:35,IG,MWB
2022-05-10 16:49:35,LL,MTP
2022-05-10 16:49:35,MGB,MWB
2022-05-10 16:49:35,MCM,PL
2022-05-10 16:49:35,DB,IG
2022-05-10 16:49:35,LL,MGB
2022-05-10 16:49:35,IG,MCM
2022-05-10 16:49:35,IG,MGB
2022-05-10 16:49:35,LL,MCM
2022-05-10 16:49:35,MCM,MGB
2022-05-10 16:49:35,DB,MWB
2022-05-10 16:49:35,DB,MTP
2022-05-10 16:49:35,MTP,PL
2022-05-10 16:49:35,DB,MCM
2022-05-10 16:49:35,MGB,MTP
2022-05-10 16:49:35,MGB,PL
2022-05-10 16:49:35,IG,PL
2022-05-10 16:49:36,DB,LL
2022-05-10 16:49:36,IG,MGB
2022-05-10 16:49:36,IG,LL
2022-05-10 16:49:36,DB,MTP
2022-05-10 16:49:36,LL,MTP
2022-05-10 16:49:36,DB,MGB
2022-05-10 16:49:36,IG,MTP
2022-05-10 16:49:36,MTP,PL
2022-05-10 16:49:36,DB,MWB
2022-05-10 16:49:36,DB,PL
2022-05-10 16:49:36,LL,PL
2022-05-10 16:49:36,DB,IG
2022-05-10 16:49:36,IG,PL
2022-05-10 16:49:36,IG,MCM
2022-05-10 16:49:36,MCM,MGB
2022-05-10 16:49:36,MCM,PL
2022-05-10 16:49:36,LL,MCM
2022-05-10 16:49:36,MGB,MWB
2022-05-10 16:49:36,LL,MGB
2022-05-10 16:49:36,MCM,MTP
2022-05-10 16:49:36,MCM,MWB
2022-05-10 16:49:36,MGB,MTP
2022-05-10 16:49:36,IG,MWB
2022-05-10 16:49:36,MGB,PL
2022-05-10 16:49:36,DB,MCM
2022-05-10 16:49:37,DB,PL
2022-05-10 16:49:37,MCM,MWB
2022-05-10 16:49:37,LL,PL
2022-05-10 16:49:37,DB,IG
2022-05-10 16:49:37,LL,MCM
2022-05-10 16:49:37,IG,MTP
2022-05-10 16:49:37,DB,MGB
2022-05-10 16:49:37,MCM,MGB
2022-05-10 16:49:37,DB,MTP
2022-05-10 16:49:37,MGB,MTP
2022-05-10 16:49:37,DB,MCM
2022-05-10 16:49:37,IG,MWB
2022-05-10 16:49:37,IG,MCM
2022-05-10 16:49:37,MGB,PL
2022-05-10 16:49:37,MTP,PL
2022-05-10 16:49:37,DB,MWB
2022-05-10 16:49:37,IG,MGB
2022-05-10 16:49:37,MGB,MWB
2022-05-10 16:49:37,LL,MGB
2022-05-10 16:49:37,MCM,PL
2022-05-10 16:49:37,MCM,MTP
2022-05-10 16:49:37,IG,LL
2022-05-10 16:49:37,IG,PL
2022-05-10 16:49:37,DB,LL
2022-05-10 16:49:37,LL,MTP
2022-05-10 16:49:38,MGB,MWB
2022-05-10 16:49:38,MGB,MTP
2022-05-10 16:49:38,IG,PL
2022-05-10 16:49:38,IG,MCM
2022-05-10 16:49:38,MGB,PL
2022-05-10 16:49:38,LL,MTP
2022-05-10 16:49:38,MTP,PL
2022-05-10 16:49:38,DB,MWB
2022-05-10 16:49:38,DB,LL
2022-05-10 16:49:38,MCM,MGB
2022-05-10 16:49:38,LL,MCM
2022-05-10 16:49:38,DB,MTP
2022-05-10 16:49:38,DB,MCM
2022-05-10 16:49:38,IG,LL
2022-05-10 16:49:38,IG,MGB
2022-05-10 16:49:38,IG,MTP
2022-05-10 16:49:38,LL,MGB
2022-05-10 16:49:38,MCM,PL
2022-05-10 16:49:38,LL,PL
2022-05-10 16:49:38,DB,MGB
2022-05-10 16:49:38,DB,PL
2022-05-10 16:49:38,IG,MWB
2022-05-10 16:49:38,MCM,MTP
2022-05-10 16:49:38,DB,IG
2022-05-10 16:49:38,MCM,MWB
2022-05-10 16:49:39,MCM,MGB
2022-05-10 16:49:39,DB,MCM
2022-05-10 16:49:39,DB,PL
2022-05-10 16:49:39,MGB,PL
2022-05-10 16:49:39,MTP,PL
2022-05-10 16:49:39,IG,LL
2022-05-10 16:49:39,DB,MWB
2022-05-10 16:49:39,DB,IG
2022-05-10 16:49:39,IG,MGB
2022-05-10 16:49:39,IG,MWB
2022-05-10 16:49:39,LL,MCM
2022-05-10 16:49:39,LL,MGB
2022-05-10 16:49:39,DB,LL
2022-05-10 16:49:39,LL,MTP
2022-05-10 16:49:39,MCM,MTP
2022-05-10 16:49:39,DB,MGB
2022-05-10 16:49:39,MCM,PL
2022-05-10 16:49:39,MGB,MTP
2022-05-10 16:49:39,IG,MTP
2022-05-10 16:49:39,MGB,MWB
2022-05-10 16:49:39,DB,MTP
2022-05-10 16:49:39,IG,PL
2022-05-10 16:49:39,MCM,MWB
2022-05-10 16:49:39,IG,MCM
2022-05-10 16:49:39,LL,PL
2022-05-10 16:49:40,DB,PL
2022-05-10 16:49:40,DB,MTP
2022-05-10 16:49:40,DB,IG
2022-05-10 16:49:40,IG,MTP
2022-05-10 16:49:40,IG,MGB
2022-05-10 16:49:40,DB,MCM
2022-05-10 16:49:40,IG,LL
2022-05-10 16:49:40,MCM,MTP
2022-05-10 16:49:40,DB,LL
2022-05-10 16:49:40,LL,MCM
2022-05-10 16:49:40,LL,MGB
2022-05-10 16:49:40,MGB,MWB
2022-05-10 16:49:40,MCM,MGB
2022-05-10 16:49:40,MGB,MTP
2022-05-10 16:49:40,DB,MGB
2022-05-10 16:49:40,DB,MWB
2022-05-10 16:49:40,IG,PL
2022-05-10 16:49:40,MCM,PL
2022-05-10 16:49:40,MGB,PL
2022-05-10 16:49:40,MTP,PL
2022-05-10 16:49:40,IG,MWB
2022-05-10 16:49:40,LL,PL
2022-05-10 16:49:40,IG,MCM
2022-05-10 16:49:40,LL,MTP
2022-05-10 16:49:40,MCM,MWB
2022-05-10 16:49:41,MGB,MWB
2022-05-10 16:49:41,LL,MCM
2022-05-10 16:49:41,LL,PL
2022-05-10 16:49:41,IG,MTP
2022-05-10 16:49:41,IG,MWB
2022-05-10 16:49:41,DB,MGB
2022-05-10 16:49:41,IG,LL
2022-05-10 16:49:41,LL,MGB
2022-05-10 16:49:41,DB,LL
2022-05-10 16:49:41,MCM,MTP
2022-05-10 16:49:41,DB,IG
2022-05-10 16:49:41,IG,PL
2022-05-10 16:49:41,DB,PL
2022-05-10 16:49:41,MCM,MWB
2022-05-10 16:49:41,MCM,PL
2022-05-10 16:49:41,IG,MCM
2022-05-10 16:49:41,MGB,MTP
2022-05-10 16:49:41,LL,MTP
2022-05-10 16:49:41,MGB,PL
2022-05-10 16:49:41,MCM,MGB
2022-05-10 16:49:41,IG,MGB
2022-05-10 16:49:41,MTP,PL
2022-05-10 16:49:41,DB,MTP
2022-05-10 16:49:41,DB,MCM
2022-05-10 16:49:41,DB,MWB
2022-05-10 16:49:42,LL,MCM
2022-05-10 16:49:42,IG,MWB
2022-05-10 16:49:42,IG,PL
2022-05-10 16:49:42,MGB,PL
2022-05-10 16:49:42,MCM,MTP
2022-05-10 16:49:42,DB,MCM
2022-05-10 16:49:42,LL,MGB
2022-05-10 16:49:42,MGB,MTP
2022-05-10 16:49:42,DB,LL
2022-05-10 16:49:42,MGB,MWB
2022-05-10 16:49:42,DB,MTP
2022-05-10 16:49:42,IG,MGB
2022-05-10 16:49:42,IG,MTP
2022-05-10 16:49:42,DB,MWB
2022-05-10 16:49:42,LL,PL
2022-05-10 16:49:42,IG,MCM
2022-05-10 16:49:42,LL,MTP
2022-05-10 16:49:42,DB,MGB
2022-05-10 16:49:42,MTP,PL
2022-05-10 16:49:42,DB,PL
2022-05-10 16:49:42,DB,IG
2022-05-10 16:49:42,IG,LL
2022-05-10 16:49:42,MCM,PL
2022-05-10 16:49:42,MCM,MWB
2022-05-10 16:49:42,MCM,MGB
2022-05-10 16:49:43,IG,PL
2022-05-10 16:49:43,DB,IG
2022-05-10 16:49:43,DB,LL
2022-05-10 16:49:43,LL,PL
2022-05-10 16:49:43,MCM,MGB
2022-05-10 16:49:43,DB,PL
2022-05-10 16:49:43,MTP,PL
2022-05-10 16:49:43,MCM,MWB
2022-05-10 16:49:43,LL,MTP
2022-05-10 16:49:43,LL,MCM
2022-05-10 16:49:43,DB,MGB
2022-05-10 16:49:43,IG,MCM
2022-05-10 16:49:43,LL,MGB
2022-05-10 16:49:43,MCM,MTP
2022-05-10 16:49:43,MCM,PL
2022-05-10 16:49:43,IG,LL
2022-05-10 16:49:43,IG,MGB
2022-05-10 16:49:43,DB,MTP
2022-05-10 16:49:43,MGB,MTP
2022-05-10 16:49:43,IG,MTP
2022-05-10 16:49:43,MGB,PL
2022-05-10 16:49:43,MGB,MWB
2022-05-10 16:49:43,DB,MCM
2022-05-10 16:49:43,IG,MWB
2022-05-10 16:49:43,DB,MWB
2022-05-10 16:49:44,MCM,MTP
2022-05-10 16:49:44,MGB,MTP
2022-05-10 16:49:44,MGB,PL
2022-05-10 16:49:44,IG,MWB
2022-05-10 16:49:44,DB,MGB
2022-05-10 16:49:44,DB,PL
2022-05-10 16:49:44,MCM,MWB
2022-05-10 16:49:44,IG,MCM
2022-05-10 16:49:44,MCM,MGB
2022-05-10 16:49:44,DB,LL
2022-05-10 16:49:44,IG,MGB
2022-05-10 16:49:44,DB,MTP
2022-05-10 16:49:44,IG,MTP
2022-05-10 16:49:44,LL,PL
2022-05-10 16:49:44,MGB,MWB
2022-05-10 16:49:44,IG,LL
2022-05-10 16:49:44,IG,PL
2022-05-10 16:49:44,MCM,PL
2022-05-10 16:49:44,LL,MGB
2022-05-10 16:49:44,DB,MWB
2022-05-10 16:49:44,MTP,PL
2022-05-10 16:49:44,DB,MCM
2022-05-10 16:49:44,LL,MCM
2022-05-10 16:49:44,LL,MTP
2022-05-10 16:49:44,DB,IG
2022-05-10 16:49:45,DB,MTP
2022-05-10 16:49:45,LL,PL
2022-05-10 16:49:45,MTP,PL
2022-05-10 16:49:45,MCM,MTP
2022-05-10 16:49:45,DB,LL
2022-05-10 16:49:45,IG,MGB
2022-05-10 16:49:45,IG,MCM
2022-05-10 16:49:45,DB,MGB
2022-05-10 16:49:45,LL,MGB
2022-05-10 16:49:45,MCM,PL
2022-05-10 16:49:45,IG,LL
2022-05-10 16:49:45,IG,MTP
2022-05-10 16:49:45,LL,MCM
2022-05-10 16:49:45,IG,MWB
2022-05-10 16:49:45,DB,PL
2022-05-10 16:49:45,DB,MWB
2022-05-10 16:49:45,LL,MTP
2022-05-10 16:49:45,MCM,MWB
2022-05-10 16:49:45,MGB,MTP
2022-05-10 16:49:45,MCM,MGB
2022-05-10 16:49:45,DB,MCM
2022-05-10 16:49:45,MGB,MWB
2022-05-10 16:49:45,DB,IG
2022-05-10 16:49:45,IG,PL
2022-05-10 16:49:45,MGB,PL
2022-05-10 16:49:46,MGB,MWB
2022-05-10 16:49:46,IG,PL
2022-05-10 16:49:46,LL,MGB
2022-05-10 16:49:46,DB,IG
2022-05-10 16:49:46,IG,MGB
2022-05-10 16:49:46,DB,PL
2022-05-10 16:49:46,DB,MTP
2022-05-10 16:49:46,MCM,PL
2022-05-10 16:49:46,MCM,MWB
2022-05-10 16:49:46,IG,LL
2022-05-10 16:49:46,DB,MGB
2022-05-10 16:49:46,DB,LL
2022-05-10 16:49:46,LL,MCM
2022-05-10 16:49:46,IG,MTP
2022-05-10 16:49:46,IG,MCM
2022-05-10 16:49:46,MGB,MTP
2022-05-10 16:49:46,LL,PL
2022-05-10 16:49:46,DB,MCM
2022-05-10 16:49:46,MCM,MGB
2022-05-10 16:49:46,IG,MWB
2022-05-10 16:49:46,MTP,PL
2022-05-10 16:49:46,MGB,PL
2022-05-10 16:49:46,LL,MTP
2022-05-10 16:49:46,DB,MWB
2022-05-10 16:49:46,MCM,MTP
2022-05-10 16:49:47,MTP,PL
2022-05-10 16:49:47,LL,MTP
2022-05-10 16:49:47,IG,PL
2022-05-10 16:49:47,DB,PL
2022-05-10 16:49:47,MCM,MGB
2022-05-10 16:49:47,IG,MWB
2022-05-10 16:49:47,DB,MWB
2022-05-10 16:49:47,LL,PL
2022-05-10 16:49:47,LL,MCM
2022-05-10 16:49:47,MGB,MTP
2022-05-10 16:49:47,MGB,MWB
2022-05-10 16:49:47,DB,MCM
2022-05-10 16:49:47,IG,MCM
2022-05-10 16:49:47,IG,MTP
2022-05-10 16:49:47,MCM,MTP
2022-05-10 16:49:47,IG,MGB
2022-05-10 16:49:47,MCM,MWB
2022-05-10 16:49:47,MGB,PL
2022-05-10 16:49:47,DB,MTP
2022-05-10 16:49:47,LL,MGB
2022-05-10 16:49:47,DB,MGB
2022-05-10 16:49:47,MCM,PL
2022-05-10 16:49:47,IG,LL
2022-05-10 16:49:47,DB,LL
2022-05-10 16:49:47,DB,IG
2022-05-10 16:49:48,LL,MCM
2022-05-10 16:49:48,MCM,MWB
2022-05-10 16:49:48,MCM,MGB
2022-05-10 16:49:48,IG,MWB
2022-05-10 16:49:48,MTP,PL
2022-05-10 16:49:48,IG,MCM
2022-05-10 16:49:48,IG,PL
2022-05-10 16:49:48,IG,MTP
2022-05-10 16:49:48,DB,MTP
2022-05-10 16:49:48,DB,IG
2022-05-10 16:49:48,LL,PL
2022-05-10 16:49:48,MGB,PL
2022-05-10 16:49:48,DB,MCM
2022-05-10 16:49:48,MGB,MWB
2022-05-10 16:49:48,MGB,MTP
2022-05-10 16:49:48,MCM,MTP
2022-05-10 16:49:48,DB,LL
2022-05-10 16:49:48,LL,MGB
2022-05-10 16:49:48,MCM,PL
2022-05-10 16:49:48,IG,LL
2022-05-10 16:49:48,DB,MWB
2022-05-10 16:49:48,LL,MTP
2022-05-10 16:49:48,DB,PL
2022-05-10 16:49:48,IG,MGB
2022-05-10 16:49:48,DB,MGB
2022-05-10 16:49:49,LL,PL
2022-05-10 16:49:49,LL,MTP
2022-05-10 16:49:49,DB,PL
2022-05-10 16:49:49,LL,MGB
2022-05-10 16:49:49,IG,PL
2022-05-10 16:49:49,DB,MTP
2022-05-10 16:49:49,DB,IG
2022-05-10 16:49:49,MGB,PL
2022-05-10 16:49:49,DB,MCM
2022-05-10 16:49:49,MGB,MTP
2022-05-10 16:49:49,IG,MGB
2022-05-10 16:49:49,MCM,MTP
2022-05-10 16:49:49,DB,LL
2022-05-10 16:49:49,DB,MGB
2022-05-10 16:49:49,IG,MTP
2022-05-10 16:49:49,DB,MWB
2022-05-10 16:49:49,IG,MCM
2022-05-10 16:49:49,MCM,PL
2022-05-10 16:49:49,MTP,PL
2022-05-10 16:49:49,MGB,MWB
2022-05-10 16:49:49,IG,MWB
2022-05-10 16:49:49,LL,MCM
2022-05-10 16:49:49,MCM,MWB
2022-05-10 16:49:49,MCM,MGB
2022-05-10 16:49:49,IG,LL
2022-05-10 16:49:50,DB,MWB
2022-05-10 16:49:50,IG,MGB
2022-05-10 16:49:50,MCM,MGB
2022-05-10 16:49:50,IG,PL
2022-05-10 16:49:50,IG,MCM
2022-05-10 16:49:50,DB,IG
2022-05-10 16:49:50,MGB,PL
2022-05-10 16:49:50,DB,MCM
2022-05-10 16:49:50,MGB,MTP
2022-05-10 16:49:50,MCM,MTP
2022-05-10 16:49:50,DB,LL
2022-05-10 16:49:50,LL,MGB
2022-05-10 16:49:50,IG,LL
2022-05-10 16:49:50,IG,MTP
2022-05-10 16:49:50,MCM,PL
2022-05-10 16:49:50,MGB,MWB
2022-05-10 16:49:50,DB,PL
2022-05-10 16:49:50,DB,MTP
2022-05-10 16:49:50,LL,MCM
2022-05-10 16:49:50,MCM,MWB
2022-05-10 16:49:50,LL,PL
2022-05-10 16:49:50,MTP,PL
2022-05-10 16:49:50,LL,MTP
2022-05-10 16:49:50,DB,MGB
2022-05-10 16:49:50,IG,MWB
2022-05-10 16:49:51,MGB,PL
2022-05-10 16:49:51,LL,MTP
2022-05-10 16:49:51,DB,MCM
2022-05-10 16:49:51,MGB,MTP
2022-05-10 16:49:51,MCM,MGB
2022-05-10 16:49:51,LL,MGB
2022-05-10 16:49:51,DB,MGB
2022-05-10 16:49:51,DB,MWB
2022-05-10 16:49:51,MCM,MWB
2022-05-10 16:49:51,DB,PL
2022-05-10 16:49:51,MCM,PL
2022-05-10 16:49:51,MCM,MTP
2022-05-10 16:49:51,DB,MTP
2022-05-10 16:49:51,MTP,PL
2022-05-10 16:49:51,LL,MCM
2022-05-10 16:49:51,LL,PL
2022-05-10 16:49:51,MGB,MWB
2022-05-10 16:49:51,DB,LL
2022-05-10 16:49:52,MCM,MTP
2022-05-10 16:49:52,DB,MCM
2022-05-10 16:49:52,LL,MTP
2022-05-10 16:49:52,DB,PL
2022-05-10 16:49:52,DB,MWB
2022-05-10 16:49:52,MGB,MTP
2022-05-10 16:49:52,MGB,MWB
2022-05-10 16:49:52,LL,MCM
2022-05-10 16:49:52,MCM,PL
2022-05-10 16:49:52,MCM,MGB
2022-05-10 16:49:52,LL,PL
2022-05-10 16:49:52,MGB,PL
2022-05-10 16:49:52,LL,MGB
2022-05-10 16:49:52,MCM,MWB
2022-05-10 16:49:52,DB,LL
2022-05-10 16:49:52,DB,MTP
2022-05-10 16:49:52,MTP,PL
2022-05-10 16:49:52,DB,MGB
2022-05-10 16:49:53,LL,MGB
2022-05-10 16:49:53,MCM,MWB
2022-05-10 16:49:53,LL,MTP
2022-05-10 16:49:53,DB,MTP
2022-05-10 16:49:53,MGB,MWB
2022-05-10 16:49:53,MCM,PL
2022-05-10 16:49:53,DB,MWB
2022-05-10 16:49:53,MGB,MTP
2022-05-10 16:49:53,MTP,PL
2022-05-10 16:49:53,DB,PL
2022-05-10 16:49:53,DB,MGB
2022-05-10 16:49:53,DB,MCM
2022-05-10 16:49:53,LL,PL
2022-05-10 16:49:53,LL,MCM
2022-05-10 16:49:53,MCM,MTP
2022-05-10 16:49:53,MGB,PL
2022-05-10 16:49:53,MCM,MGB
2022-05-10 16:49:53,DB,LL
2022-05-10 16:49:54,LL,PL
2022-05-10 16:49:54,MGB,MWB
2022-05-10 16:49:54,LL,MGB
2022-05-10 16:49:54,MGB,MTP
2022-05-10 16:49:54,MGB,PL
2022-05-10 16:49:54,MCM,MGB
2022-05-10 16:49:54,LL,MCM
2022-05-10 16:49:54,DB,LL
2022-05-10 16:49:54,MCM,PL
2022-05-10 16:49:54,DB,PL
2022-05-10 16:49:54,DB,MWB
2022-05-10 16:49:54,MCM,MWB
2022-05-10 16:49:54,MCM,MTP
2022-05-10 16:49:54,DB,MCM
2022-05-10 16:49:54,LL,MTP
2022-05-10 16:49:54,DB,MTP
2022-05-10 16:49:54,DB,MGB
2022-05-10 16:49:54,MTP,PL
2022-05-10 16:49:55,LL,MGB
2022-05-10 16:49:55,LL,MCM
2022-05-10 16:49:55,DB,MCM
2022-05-10 16:49:55,MCM,MTP
2022-05-10 16:49:55,MCM,MGB
2022-05-10 16:49:55,MTP,PL
2022-05-10 16:49:55,DB,MGB
2022-05-10 16:49:55,DB,MTP
2022-05-10 16:49:55,MGB,MWB
2022-05-10 16:49:55,MGB,PL
2022-05-10 16:49:55,DB,LL
2022-05-10 16:49:55,DB,PL
2022-05-10 16:49:55,LL,MTP
2022-05-10 16:49:55,MGB,MTP
2022-05-10 16:49:55,MCM,MWB
2022-05-10 16:49:55,LL,PL
2022-05-10 16:49:55,DB,MWB
2022-05-10 16:49:55,MCM,PL
2022-05-10 16:49:56,MCM,MWB
2022-05-10 16:49:56,MGB,MTP
2022-05-10 16:49:56,DB,MGB
2022-05-10 16:49:56,LL,PL
2022-05-10 16:49:56,LL,MCM
2022-05-10 16:49:56,MCM,PL
2022-05-10 16:49:56,MCM,MGB
2022-05-10 16:49:56,LL,MTP
2022-05-10 16:49:56,DB,MCM
2022-05-10 16:49:56,DB,MWB
2022-05-10 16:49:56,MGB,MWB
2022-05-10 16:49:56,DB,PL
2022-05-10 16:49:56,DB,LL
2022-05-10 16:49:56,MGB,PL
2022-05-10 16:49:56,LL,MGB
2022-05-10 16:49:56,MTP,PL
2022-05-10 16:49:56,DB,MTP
2022-05-10 16:49:56,MCM,MTP
2022-05-10 16:49:57,DB,LL
2022-05-10 16:49:57,LL,MGB
2022-05-10 16:49:57,MCM,MWB
2022-05-10 16:49:57,MTP,PL
2022-05-10 16:49:57,LL,MCM
2022-05-10 16:49:57,DB,PL
2022-05-10 16:49:57,MGB,MWB
2022-05-10 16:49:57,MCM,MTP
2022-05-10 16:49:57,DB,MGB
2022-05-10 16:49:57,MCM,PL
2022-05-10 16:49:57,MGB,MTP
2022-05-10 16:49:57,LL,PL
2022-05-10 16:49:57,DB,MTP
2022-05-10 16:49:57,DB,MWB
2022-05-10 16:49:57,MGB,PL
2022-05-10 16:49:57,LL,MTP
2022-05-10 16:49:57,MCM,MGB
2022-05-10 16:49:57,DB,MCM
2022-05-10 16:49:58,LL,PL
2022-05-10 16:49:58,DB,MWB
2022-05-10 16:49:58,MGB,MTP
2022-05-10 16:49:58,MGB,MWB
2022-05-10 16:49:58,MCM,MWB
2022-05-10 16:49:58,DB,PL
2022-05-10 16:49:58,DB,LL
2022-05-10 16:49:58,MCM,MTP
2022-05-10 16:49:58,LL,MGB
2022-05-10 16:49:58,LL,MTP
2022-05-10 16:49:58,MTP,PL
2022-05-10 16:49:58,MCM,MGB
2022-05-10 16:49:58,DB,MGB
2022-05-10 16:49:58,MGB,PL
2022-05-10 16:49:58,LL,MCM
2022-05-10 16:49:58,DB,MTP
2022-05-10 16:49:58,MCM,PL
2022-05-10 16:49:58,DB,MCM
2022-05-10 16:49:59,MCM,PL
2022-05-10 16:49:59,MCM,MGB
2022-05-10 16:49:59,LL,MCM
2022-05-10 16:49:59,DB,MWB
2022-05-10 16:49:59,DB,PL
2022-05-10 16:49:59,MCM,MTP
2022-05-10 16:49:59,LL,MTP
2022-05-10 16:49:59,LL,PL
2022-05-10 16:49:59,MGB,PL
2022-05-10 16:49:59,MTP,PL
2022-05-10 16:49:59,DB,MTP
2022-05-10 16:49:59,MGB,MWB
2022-05-10 16:49:59,MCM,MWB
2022-05-10 16:49:59,DB,MCM
2022-05-10 16:49:59,LL,MGB
2022-05-10 16:49:59,DB,LL
2022-05-10 16:49:59,DB,MGB
2022-05-10 16:49:59,MGB,MTP
2022-05-10 16:50:00,LL,MCM
2022-05-10 16:50:00,MGB,PL
2022-05-10 16:50:00,DB,MGB
2022-05-10 16:50:00,DB,MCM
2022-05-10 16:50:00,MGB,MWB
2022-05-10 16:50:00,LL,PL
2022-05-10 16:50:00,DB,MWB
2022-05-10 16:50:00,DB,LL
2022-05-10 16:50:00,DB,PL
2022-05-10 16:50:00,LL,MTP
2022-05-10 16:50:00,LL,MGB
2022-05-10 16:50:00,MTP,PL
2022-05-10 16:50:00,MCM,PL
2022-05-10 16:50:00,MCM,MTP
2022-05-10 16:50:00,DB,MTP
2022-05-10 16:50:00,MCM,MGB
2022-05-10 16:50:00,MGB,MTP
2022-05-10 16:50:00,MCM,MWB
2022-05-10 16:50:01,MTP,PL
2022-05-10 16:50:01,LL,PL
2022-05-10 16:50:01,DB,MWB
2022-05-10 16:50:01,DB,MTP
2022-05-10 16:50:01,MCM,PL
2022-05-10 16:50:01,LL,MGB
2022-05-10 16:50:01,DB,PL
2022-05-10 16:50:01,LL,MCM
2022-05-10 16:50:01,DB,LL
2022-05-10 16:50:01,MGB,MWB
2022-05-10 16:50:01,LL,MTP
2022-05-10 16:50:01,DB,MCM
2022-05-10 16:50:01,MCM,MWB
2022-05-10 16:50:01,MGB,MTP
2022-05-10 16:50:01,DB,MGB
2022-05-10 16:50:01,MCM,MGB
2022-05-10 16:50:01,MGB,PL
2022-05-10 16:50:01,MCM,MTP
2022-05-10 16:50:02,DB,MTP
2022-05-10 16:50:02,LL,MTP
2022-05-10 16:50:02,MCM,MWB
2022-05-10 16:50:02,DB,MWB
2022-05-10 16:50:02,MCM,MTP
2022-05-10 16:50:02,DB,PL
2022-05-10 16:50:02,DB,LL
2022-05-10 16:50:02,MTP,PL
2022-05-10 16:50:02,MCM,PL
2022-05-10 16:50:02,LL,PL
2022-05-10 16:50:02,LL,MCM
2022-05-10 16:50:02,LL,MGB
2022-05-10 16:50:02,DB,MGB
2022-05-10 16:50:02,MGB,MTP
2022-05-10 16:50:02,DB,MCM
2022-05-10 16:50:02,MCM,MGB
2022-05-10 16:50:02,MGB,PL
2022-05-10 16:50:02,MGB,MWB
2022-05-10 16:50:03,LL,MTP
2022-05-10 16:50:03,DB,MGB
2022-05-10 16:50:03,LL,PL
2022-05-10 16:50:03,DB,MTP
2022-05-10 16:50:03,MGB,PL
2022-05-10 16:50:03,MCM,MWB
2022-05-10 16:50:03,DB,MCM
2022-05-10 16:50:03,DB,LL
2022-05-10 16:50:03,LL,MCM
2022-05-10 16:50:03,MCM,MGB
2022-05-10 16:50:03,MGB,MWB
2022-05-10 16:50:03,MCM,MTP
2022-05-10 16:50:03,DB,MWB
2022-05-10 16:50:03,MCM,PL
2022-05-10 16:50:03,MTP,PL
2022-05-10 16:50:03,DB,PL
2022-05-10 16:50:03,MGB,MTP
2022-05-10 16:50:03,LL,MGB
2022-05-10 16:50:04,MTP,PL
2022-05-10 16:50:04,MCM,MGB
2022-05-10 16:50:04,MGB,MTP
2022-05-10 16:50:04,MGB,PL
2022-05-10 16:50:04,LL,MGB
2022-05-10 16:50:04,DB,MTP
2022-05-10 16:50:04,DB,MGB
2022-05-10 16:50:04,MCM,MTP
2022-05-10 16:50:04,DB,LL
2022-05-10 16:50:04,LL,PL
2022-05-10 16:50:04,LL,MCM
2022-05-10 16:50:04,MGB,MWB
2022-05-10 16:50:04,LL,MTP
2022-05-10 16:50:04,MCM,MWB
2022-05-10 16:50:04,MCM,PL
2022-05-10 16:50:04,DB,PL
2022-05-10 16:50:04,DB,MCM
2022-05-10 16:50:04,DB,MWB
2022-05-10 16:50:05,MGB,MTP
2022-05-10 16:50:05,LL,MGB
2022-05-10 16:50:05,MTP,PL
2022-05-10 16:50:05,MGB,PL
2022-05-10 16:50:05,MCM,MTP
2022-05-10 16:50:05,DB,LL
2022-05-10 16:50:05,MCM,MGB
2022-05-10 16:50:05,LL,PL
2022-05-10 16:50:05,MCM,PL
2022-05-10 16:50:05,DB,MWB
2022-05-10 16:50:05,DB,MCM
2022-05-10 16:50:05,DB,PL
2022-05-10 16:50:05,DB,MTP
2022-05-10 16:50:05,DB,MGB
2022-05-10 16:50:05,LL,MCM
2022-05-10 16:50:05,LL,MTP
2022-05-10 16:50:05,MGB,MWB
2022-05-10 16:50:05,MCM,MWB
2022-05-10 16:50:06,MCM,MGB
2022-05-10 16:50:06,MTP,PL
2022-05-10 16:50:06,DB,MGB
2022-05-10 16:50:06,MCM,MWB
2022-05-10 16:50:06,DB,MCM
2022-05-10 16:50:06,LL,MCM
2022-05-10 16:50:06,DB,MWB
2022-05-10 16:50:06,MCM,PL
2022-05-10 16:50:06,LL,MGB
2022-05-10 16:50:06,LL,PL
2022-05-10 16:50:06,DB,MTP
2022-05-10 16:50:06,MGB,MTP
2022-05-10 16:50:06,LL,MTP
2022-05-10 16:50:06,MGB,MWB
2022-05-10 16:50:06,DB,PL
2022-05-10 16:50:06,MCM,MTP
2022-05-10 16:50:06,MGB,PL
2022-05-10 16:50:06,DB,LL
2022-05-10 16:50:07,DB,MCM
2022-05-10 16:50:07,MCM,MWB
2022-05-10 16:50:07,MCM,MGB
2022-05-10 16:50:07,LL,MCM
2022-05-10 16:50:07,DB,MWB
2022-05-10 16:50:07,DB,MGB
2022-05-10 16:50:07,DB,PL
2022-05-10 16:50:07,MGB,MWB
2022-05-10 16:50:07,LL,PL
2022-05-10 16:50:07,LL,MTP
2022-05-10 16:50:07,DB,LL
2022-05-10 16:50:07,MCM,MTP
2022-05-10 16:50:07,MGB,PL
2022-05-10 16:50:07,MTP,PL
2022-05-10 16:50:07,MCM,PL
2022-05-10 16:50:07,LL,MGB
2022-05-10 16:50:07,DB,MTP
2022-05-10 16:50:07,MGB,MTP
2022-05-10 16:50:08,DB,LL
2022-05-10 16:50:08,LL,PL
2022-05-10 16:50:08,MGB,PL
2022-05-10 16:50:08,DB,MWB
2022-05-10 16:50:08,DB,MTP
2022-05-10 16:50:08,MGB,MWB
2022-05-10 16:50:08,DB,MCM
2022-05-10 16:50:08,LL,MTP
2022-05-10 16:50:08,LL,MGB
2022-05-10 16:50:08,MCM,MWB
2022-05-10 16:50:08,MGB,MTP
2022-05-10 16:50:08,MCM,MGB
2022-05-10 16:50:08,DB,MGB
2022-05-10 16:50:08,MTP,PL
2022-05-10 16:50:08,MCM,PL
2022-05-10 16:50:08,MCM,MTP
2022-05-10 16:50:08,DB,PL
2022-05-10 16:50:08,LL,MCM
2022-05-10 16:50:09,MGB,PL
2022-05-10 16:50:09,MCM,MTP
2022-05-10 16:50:09,MGB,MTP
2022-05-10 16:50:09,DB,PL
2022-05-10 16:50:09,MCM,MWB
2022-05-10 16:50:09,DB,MTP
2022-05-10 16:50:09,LL,PL
2022-05-10 16:50:09,MCM,PL
2022-05-10 16:50:09,DB,MWB
2022-05-10 16:50:09,MTP,PL
2022-05-10 16:50:09,MCM,MGB
2022-05-10 16:50:09,DB,MCM
2022-05-10 16:50:09,LL,MCM
2022-05-10 16:50:09,DB,MGB
2022-05-10 16:50:09,MGB,MWB
2022-05-10 16:50:09,LL,MTP
2022-05-10 16:50:09,DB,LL
2022-05-10 16:50:09,LL,MGB
2022-05-10 16:50:10,MCM,PL
2022-05-10 16:50:10,DB,MCM
2022-05-10 16:50:10,MGB,MTP
2022-05-10 16:50:10,MGB,MWB
2022-05-10 16:50:10,DB,MGB
2022-05-10 16:50:10,MGB,PL
2022-05-10 16:50:10,LL,MGB
2022-05-10 16:50:10,LL,MTP
2022-05-10 16:50:10,DB,PL
2022-05-10 16:50:10,DB,LL
2022-05-10 16:50:10,DB,MWB
2022-05-10 16:50:10,DB,MTP
2022-05-10 16:50:10,MCM,MGB
2022-05-10 16:50:10,MCM,MTP
2022-05-10 16:50:10,MTP,PL
2022-05-10 16:50:10,LL,MCM
2022-05-10 16:50:10,LL,PL
2022-05-10 16:50:10,MCM,MWB
2022-05-10 16:50:11,MGB,MTP
2022-05-10 16:50:11,DB,MCM
2022-05-10 16:50:11,DB,MWB
2022-05-10 16:50:11,DB,LL
2022-05-10 16:50:11,MGB,PL
2022-05-10 16:50:11,LL,MCM
2022-05-10 16:50:11,LL,MGB
2022-05-10 16:50:11,MCM,MWB
2022-05-10 16:50:11,MCM,MTP
2022-05-10 16:50:11,DB,MGB
2022-05-10 16:50:11,DB,PL
2022-05-10 16:50:11,MCM,PL
2022-05-10 16:50:11,MTP,PL
2022-05-10 16:50:11,DB,MTP
2022-05-10 16:50:11,MCM,MGB
2022-05-10 16:50:11,LL,PL
2022-05-10 16:50:11,MGB,MWB
2022-05-10 16:50:11,LL,MTP
2022-05-10 16:50:12,DB,MWB
2022-05-10 16:50:12,MCM,MTP
2022-05-10 16:50:12,MCM,PL
2022-05-10 16:50:12,MTP,PL
2022-05-10 16:50:12,LL,MCM
2022-05-10 16:50:12,MGB,PL
2022-05-10 16:50:12,MCM,MWB
2022-05-10 16:50:12,DB,MGB
2022-05-10 16:50:12,MGB,MWB
2022-05-10 16:50:12,LL,MGB
2022-05-10 16:50:12,DB,MCM
2022-05-10 16:50:12,MCM,MGB
2022-05-10 16:50:12,DB,LL
2022-05-10 16:50:12,DB,MTP
2022-05-10 16:50:12,MGB,MTP
2022-05-10 16:50:12,LL,PL
2022-05-10 16:50:12,LL,MTP
2022-05-10 16:50:12,DB,PL
2022-05-10 16:50:13,MTP,PL
2022-05-10 16:50:13,LL,PL
2022-05-10 16:50:13,LL,MTP
2022-05-10 16:50:13,MGB,MTP
2022-05-10 16:50:13,MCM,PL
2022-05-10 16:50:13,MGB,PL
2022-05-10 16:50:13,DB,LL
2022-05-10 16:50:13,DB,MCM
2022-05-10 16:50:13,LL,MGB
2022-05-10 16:50:13,DB,PL
2022-05-10 16:50:13,MCM,MGB
2022-05-10 16:50:13,MGB,MWB
2022-05-10 16:50:13,LL,MCM
2022-05-10 16:50:13,DB,MWB
2022-05-10 16:50:13,DB,MTP
2022-05-10 16:50:13,MCM,MTP
2022-05-10 16:50:13,MCM,MWB
2022-05-10 16:50:13,DB,MGB
2022-05-10 16:50:14,MCM,MWB
2022-05-10 16:50:14,LL,MCM
2022-05-10 16:50:14,DB,MWB
2022-05-10 16:50:14,LL,MGB
2022-05-10 16:50:14,MGB,PL
2022-05-10 16:50:14,DB,MCM
2022-05-10 16:50:14,MGB,MWB
2022-05-10 16:50:14,DB,LL
2022-05-10 16:50:14,DB,MGB
2022-05-10 16:50:14,MGB,MTP
2022-05-10 16:50:14,MCM,MTP
2022-05-10 16:50:14,MCM,MGB
2022-05-10 16:50:14,DB,MTP
2022-05-10 16:50:14,MTP,PL
2022-05-10 16:50:14,LL,PL
2022-05-10 16:50:14,MCM,PL
2022-05-10 16:50:14,LL,MTP
2022-05-10 16:50:14,DB,PL
2022-05-10 16:50:15,LL,PL
2022-05-10 16:50:15,MGB,MTP
2022-05-10 16:50:15,DB,PL
2022-05-10 16:50:15,DB,LL
2022-05-10 16:50:15,DB,MTP
2022-05-10 16:50:15,MCM,MGB
2022-05-10 16:50:15,MGB,MWB
2022-05-10 16:50:15,LL,MGB
2022-05-10 16:50:15,DB,MGB
2022-05-10 16:50:15,LL,MTP
2022-05-10 16:50:15,DB,MCM
2022-05-10 16:50:15,MCM,MWB
2022-05-10 16:50:15,MGB,PL
2022-05-10 16:50:15,MCM,MTP
2022-05-10 16:50:15,MTP,PL
2022-05-10 16:50:15,LL,MCM
2022-05-10 16:50:15,DB,MWB
2022-05-10 16:50:15,MCM,PL
2022-05-10 16:50:16,LL,MTP
2022-05-10 16:50:16,LL,MCM
2022-05-10 16:50:16,MTP,PL
2022-05-10 16:50:16,MGB,MTP
2022-05-10 16:50:16,DB,MTP
2022-05-10 16:50:16,MCM,PL
2022-05-10 16:50:16,LL,PL
2022-05-10 16:50:16,DB,LL
2022-05-10 16:50:16,DB,MWB
2022-05-10 16:50:16,MCM,MTP
2022-05-10 16:50:16,MCM,MGB
2022-05-10 16:50:16,MGB,MWB
2022-05-10 16:50:16,DB,PL
2022-05-10 16:50:16,DB,MGB
2022-05-10 16:50:16,MGB,PL
2022-05-10 16:50:16,LL,MGB
2022-05-10 16:50:16,MCM,MWB
2022-05-10 16:50:16,DB,MCM
2022-05-10 16:50:17,MCM,MGB
2022-05-10 16:50:17,MCM,MWB
2022-05-10 16:50:17,MGB,MTP
2022-05-10 16:50:17,LL,MGB
2022-05-10 16:50:17,DB,MWB
2022-05-10 16:50:17,DB,PL
2022-05-10 16:50:17,MGB,PL
2022-05-10 16:50:17,MTP,PL
2022-05-10 16:50:17,MCM,PL
2022-05-10 16:50:17,DB,MTP
2022-05-10 16:50:17,MGB,MWB
2022-05-10 16:50:17,DB,LL
2022-05-10 16:50:17,LL,PL
2022-05-10 16:50:17,LL,MTP
2022-05-10 16:50:17,LL,MCM
2022-05-10 16:50:17,DB,MCM
2022-05-10 16:50:17,DB,MGB
2022-05-10 16:50:17,MCM,MTP
2022-05-10 16:50:18,LL,PL
2022-05-10 16:50:18,DB,PL
2022-05-10 16:50:18,LL,MCM
2022-05-10 16:50:18,MCM,MTP
2022-05-10 16:50:18,MCM,MWB
2022-05-10 16:50:18,DB,MTP
2022-05-10 16:50:18,MGB,MTP
2022-05-10 16:50:18,DB,MWB
2022-05-10 16:50:18,MCM,PL
2022-05-10 16:50:18,MGB,MWB
2022-05-10 16:50:18,MTP,PL
2022-05-10 16:50:18,MCM,MGB
2022-05-10 16:50:18,DB,LL
2022-05-10 16:50:18,LL,MTP
2022-05-10 16:50:18,MGB,PL
2022-05-10 16:50:18,DB,MGB
2022-05-10 16:50:18,DB,MCM
2022-05-10 16:50:18,LL,MGB
2022-05-10 16:50:19,LL,MTP
2022-05-10 16:50:19,DB,MCM
2022-05-10 16:50:19,LL,PL
2022-05-10 16:50:19,DB,PL
2022-05-10 16:50:19,MGB,MTP
2022-05-10 16:50:19,MCM,MWB
2022-05-10 16:50:19,DB,MGB
2022-05-10 16:50:19,DB,LL
2022-05-10 16:50:19,MTP,PL
2022-05-10 16:50:19,MGB,PL
2022-05-10 16:50:19,LL,MGB
2022-05-10 16:50:19,DB,MTP
2022-05-10 16:50:19,MCM,MGB
2022-05-10 16:50:19,MGB,MWB
2022-05-10 16:50:19,DB,MWB
2022-05-10 16:50:19,MCM,PL
2022-05-10 16:50:19,MCM,MTP
2022-05-10 16:50:19,LL,MCM
2022-05-10 16:50:20,LL,MTP
2022-05-10 16:50:20,LL,MGB
2022-05-10 16:50:20,DB,LL
2022-05-10 16:50:20,MGB,PL
2022-05-10 16:50:20,DB,MCM
2022-05-10 16:50:20,MCM,MWB
2022-05-10 16:50:20,DB,MTP
2022-05-10 16:50:20,LL,PL
2022-05-10 16:50:20,MCM,MGB
2022-05-10 16:50:20,MGB,MWB
2022-05-10 16:50:20,MCM,MTP
2022-05-10 16:50:20,MCM,PL
2022-05-10 16:50:20,MGB,MTP
2022-05-10 16:50:20,DB,MGB
2022-05-10 16:50:20,MTP,PL
2022-05-10 16:50:20,DB,PL
2022-05-10 16:50:20,LL,MCM
2022-05-10 16:50:20,DB,MWB
2022-05-10 16:50:21,DB,MWB
2022-05-10 16:50:21,DB,MCM
2022-05-10 16:50:21,MGB,MTP
2022-05-10 16:50:21,DB,MTP
2022-05-10 16:50:21,DB,LL
2022-05-10 16:50:21,DB,MGB
2022-05-10 16:50:21,LL,MGB
2022-05-10 16:50:21,DB,PL
2022-05-10 16:50:21,MCM,MGB
2022-05-10 16:50:21,MCM,MTP
2022-05-10 16:50:21,LL,MTP
2022-05-10 16:50:21,LL,MCM
2022-05-10 16:50:21,MCM,MWB
2022-05-10 16:50:21,LL,PL
2022-05-10 16:50:21,MCM,PL
2022-05-10 16:50:21,MGB,PL
2022-05-10 16:50:21,MTP,PL
2022-05-10 16:50:21,MGB,MWB
2022-05-10 16:50:22,LL,MGB
2022-05-10 16:50:22,MGB,MWB
2022-05-10 16:50:22,DB,MWB
2022-05-10 16:50:22,LL,PL
2022-05-10 16:50:22,DB,MCM
2022-05-10 16:50:22,LL,MCM
2022-05-10 16:50:22,MCM,PL
2022-05-10 16:50:22,DB,MTP
2022-05-10 16:50:22,DB,MGB
2022-05-10 16:50:22,DB,LL
2022-05-10 16:50:22,MTP,PL
2022-05-10 16:50:22,DB,PL
2022-05-10 16:50:22,MCM,MTP
2022-05-10 16:50:22,MCM,MWB
2022-05-10 16:50:22,MCM,MGB
2022-05-10 16:50:22,LL,MTP
2022-05-10 16:50:22,MGB,PL
2022-05-10 16:50:22,MGB,MTP
2022-05-10 16:50:23,DB,MWB
2022-05-10 16:50:23,DB,PL
2022-05-10 16:50:23,MCM,MWB
2022-05-10 16:50:23,MCM,MGB
2022-05-10 16:50:23,LL,MTP
2022-05-10 16:50:23,MGB,PL
2022-05-10 16:50:23,DB,MTP
2022-05-10 16:50:23,DB,LL
2022-05-10 16:50:23,MCM,PL
2022-05-10 16:50:23,MCM,MTP
2022-05-10 16:50:23,LL,MGB
2022-05-10 16:50:23,MGB,MTP
2022-05-10 16:50:23,DB,MCM
2022-05-10 16:50:23,MTP,PL
2022-05-10 16:50:23,LL,MCM
2022-05-10 16:50:23,MGB,MWB
2022-05-10 16:50:23,LL,PL
2022-05-10 16:50:23,DB,MGB
2022-05-10 16:50:24,DB,MTP
2022-05-10 16:50:24,MCM,MTP
2022-05-10 16:50:24,DB,PL
2022-05-10 16:50:24,MGB,PL
2022-05-10 16:50:24,MCM,MGB
2022-05-10 16:50:24,DB,MGB
2022-05-10 16:50:24,LL,MGB
2022-05-10 16:50:24,LL,PL
2022-05-10 16:50:24,MTP,PL
2022-05-10 16:50:24,MCM,PL
2022-05-10 16:50:24,MGB,MWB
2022-05-10 16:50:24,DB,MCM
2022-05-10 16:50:24,MCM,MWB
2022-05-10 16:50:24,DB,MWB
2022-05-10 16:50:24,LL,MTP
2022-05-10 16:50:24,MGB,MTP
2022-05-10 16:50:24,LL,MCM
2022-05-10 16:50:24,DB,LL
2022-05-10 16:50:25,MCM,PL
2022-05-10 16:50:25,MCM,MWB
2022-05-10 16:50:25,DB,MGB
2022-05-10 16:50:25,LL,MTP
2022-05-10 16:50:25,LL,MCM
2022-05-10 16:50:25,DB,PL
2022-05-10 16:50:25,MGB,PL
2022-05-10 16:50:25,DB,LL
2022-05-10 16:50:25,LL,PL
2022-05-10 16:50:25,LL,MGB
2022-05-10 16:50:25,DB,MTP
2022-05-10 16:50:25,MGB,MWB
2022-05-10 16:50:25,MGB,MTP
2022-05-10 16:50:25,DB,MWB
2022-05-10 16:50:25,DB,MCM
2022-05-10 16:50:25,MTP,PL
2022-05-10 16:50:25,MCM,MTP
2022-05-10 16:50:25,MCM,MGB
2022-05-10 16:50:26,MCM,MTP
2022-05-10 16:50:26,MCM,MWB
2022-05-10 16:50:26,LL,MGB
2022-05-10 16:50:26,MGB,MTP
2022-05-10 16:50:26,DB,MTP
2022-05-10 16:50:26,MCM,MGB
2022-05-10 16:50:26,MTP,PL
2022-05-10 16:50:26,DB,MCM
2022-05-10 16:50:26,DB,MWB
2022-05-10 16:50:26,MGB,MWB
2022-05-10 16:50:26,DB,LL
2022-05-10 16:50:26,LL,MTP
2022-05-10 16:50:26,MGB,PL
2022-05-10 16:50:26,DB,PL
2022-05-10 16:50:26,DB,MGB
2022-05-10 16:50:26,MCM,PL
2022-05-10 16:50:26,LL,PL
2022-05-10 16:50:26,LL,MCM
2022-05-10 16:50:27,DB,MTP
2022-05-10 16:50:27,DB,LL
2022-05-10 16:50:27,MCM,MTP
2022-05-10 16:50:27,MCM,MGB
2022-05-10 16:50:27,LL,MTP
2022-05-10 16:50:27,MGB,MTP
2022-05-10 16:50:27,LL,MGB
2022-05-10 16:50:27,MTP,PL
2022-05-10 16:50:27,MCM,MWB
2022-05-10 16:50:27,DB,MWB
2022-05-10 16:50:27,DB,MCM
2022-05-10 16:50:27,MGB,MWB
2022-05-10 16:50:27,MCM,PL
2022-05-10 16:50:27,DB,PL
2022-05-10 16:50:27,LL,MCM
2022-05-10 16:50:27,LL,PL
2022-05-10 16:50:27,MGB,PL
2022-05-10 16:50:27,DB,MGB
2022-05-10 16:50:28,MTP,PL
2022-05-10 16:50:28,MGB,MWB
2022-05-10 16:50:28,LL,PL
2022-05-10 16:50:28,MGB,PL
2022-05-10 16:50:28,DB,MTP
2022-05-10 16:50:28,MCM,PL
2022-05-10 16:50:28,LL,MTP
2022-05-10 16:50:28,MCM,MWB
2022-05-10 16:50:28,LL,MGB
2022-05-10 16:50:28,DB,LL
2022-05-10 16:50:28,DB,MCM
2022-05-10 16:50:28,MCM,MTP
2022-05-10 16:50:28,DB,MGB
2022-05-10 16:50:28,MCM,MGB
2022-05-10 16:50:28,MGB,MTP
2022-05-10 16:50:28,LL,MCM
2022-05-10 16:50:28,DB,PL
2022-05-10 16:50:29,LL,PL
2022-05-10 16:50:29,DB,PL
2022-05-10 16:50:29,DB,MGB
2022-05-10 16:50:29,MGB,PL
2022-05-10 16:50:29,DB,LL
2022-05-10 16:50:29,LL,MCM
2022-05-10 16:50:29,LL,MTP
2022-05-10 16:50:29,MGB,MWB
2022-05-10 16:50:29,DB,MTP
2022-05-10 16:50:29,MCM,PL
2022-05-10 16:50:29,MTP,PL
2022-05-10 16:50:29,MGB,MTP
2022-05-10 16:50:29,DB,MCM
2022-05-10 16:50:29,MCM,MGB
2022-05-10 16:50:29,LL,MGB
2022-05-10 16:50:29,MCM,MWB
2022-05-10 16:50:29,MCM,MTP
2022-05-10 16:50:30,MCM,MGB
2022-05-10 16:50:30,LL,PL
2022-05-10 16:50:30,MCM,PL
2022-05-10 16:50:30,LL,MTP
2022-05-10 16:50:30,LL,MGB
2022-05-10 16:50:30,DB,LL
2022-05-10 16:50:30,DB,MTP
2022-05-10 16:50:30,MCM,MTP
2022-05-10 16:50:30,DB,MGB
2022-05-10 16:50:30,MGB,PL
2022-05-10 16:50:30,MGB,MWB
2022-05-10 16:50:30,MCM,MWB
2022-05-10 16:50:30,MTP,PL
2022-05-10 16:50:30,MGB,MTP
2022-05-10 16:50:30,DB,MCM
2022-05-10 16:50:30,DB,PL
2022-05-10 16:50:30,LL,MCM
2022-05-10 16:50:31,MCM,MTP
2022-05-10 16:50:31,LL,MCM
2022-05-10 16:50:31,LL,MTP
2022-05-10 16:50:31,DB,MTP
2022-05-10 16:50:31,LL,PL
2022-05-10 16:50:31,MCM,MWB
2022-05-10 16:50:31,MGB,MTP
2022-05-10 16:50:31,MCM,PL
2022-05-10 16:50:31,LL,MGB
2022-05-10 16:50:31,MCM,MGB
2022-05-10 16:50:31,MTP,PL
2022-05-10 16:50:31,DB,MCM
2022-05-10 16:50:31,DB,LL
2022-05-10 16:50:31,MGB,MWB
2022-05-10 16:50:31,DB,PL
2022-05-10 16:50:31,DB,MGB
2022-05-10 16:50:31,MGB,PL
2022-05-10 16:50:32,MTP,PL
2022-05-10 16:50:32,DB,MWB
2022-05-10 16:50:32,MGB,MTP
2022-05-10 16:50:32,DB,MGB
2022-05-10 16:50:32,DB,MTP
2022-05-10 16:50:32,MCM,PL
2022-05-10 16:50:32,LL,MTP
2022-05-10 16:50:32,DB,PL
2022-05-10 16:50:32,MCM,MWB
2022-05-10 16:50:32,LL,MCM
2022-05-10 16:50:32,DB,LL
2022-05-10 16:50:32,MCM,MTP
2022-05-10 16:50:32,MGB,MWB
2022-05-10 16:50:32,DB,MCM
2022-05-10 16:50:32,LL,PL
2022-05-10 16:50:32,MCM,MGB
2022-05-10 16:50:32,MGB,PL
2022-05-10 16:50:32,LL,MGB
2022-05-10 16:50:33,DB,MGB
2022-05-10 16:50:33,MCM,PL
2022-05-10 16:50:33,MTP,PL
2022-05-10 16:50:33,MGB,MTP
2022-05-10 16:50:33,LL,MTP
2022-05-10 16:50:33,DB,PL
2022-05-10 16:50:33,MGB,MWB
2022-05-10 16:50:33,LL,PL
2022-05-10 16:50:33,LL,MGB
2022-05-10 16:50:33,MGB,PL
2022-05-10 16:50:33,DB,MCM
2022-05-10 16:50:33,MCM,MWB
2022-05-10 16:50:33,DB,MTP
2022-05-10 16:50:33,MCM,MTP
2022-05-10 16:50:33,LL,MCM
2022-05-10 16:50:33,DB,LL
2022-05-10 16:50:33,MCM,MGB
2022-05-10 16:50:33,DB,MWB
2022-05-10 16:50:34,DB,PL
2022-05-10 16:50:34,DB,LL
2022-05-10 16:50:34,DB,MWB
2022-05-10 16:50:34,MCM,MGB
2022-05-10 16:50:34,MGB,MTP
2022-05-10 16:50:34,MGB,MWB
2022-05-10 16:50:34,MGB,PL
2022-05-10 16:50:34,MCM,PL
2022-05-10 16:50:34,LL,PL
2022-05-10 16:50:34,MCM,MTP
2022-05-10 16:50:34,DB,MGB
2022-05-10 16:50:34,MTP,PL
2022-05-10 16:50:34,LL,MTP
2022-05-10 16:50:34,DB,MTP
2022-05-10 16:50:34,LL,MCM
2022-05-10 16:50:34,LL,MGB
2022-05-10 16:50:34,MCM,MWB
2022-05-10 16:50:34,DB,MCM
2022-05-10 16:50:35,DB,MGB
2022-05-10 16:50:35,LL,MCM
2022-05-10 16:50:35,MCM,MTP
2022-05-10 16:50:35,LL,PL
2022-05-10 16:50:35,MGB,MWB
2022-05-10 16:50:35,DB,LL
2022-05-10 16:50:35,MCM,MGB
2022-05-10 16:50:35,MTP,PL
2022-05-10 16:50:35,MCM,MWB
2022-05-10 16:50:35,MCM,PL
2022-05-10 16:50:35,DB,PL
2022-05-10 16:50:35,LL,MGB
2022-05-10 16:50:35,LL,MTP
2022-05-10 16:50:35,DB,MWB
2022-05-10 16:50:35,MGB,PL
2022-05-10 16:50:35,DB,MTP
2022-05-10 16:50:35,DB,MCM
2022-05-10 16:50:35,MGB,MTP
2022-05-10 16:50:36,LL,MCM
2022-05-10 16:50:36,DB,MWB
2022-05-10 16:50:36,DB,MGB
2022-05-10 16:50:36,DB,PL
2022-05-10 16:50:36,MTP,PL
2022-05-10 16:50:36,DB,LL
2022-05-10 16:50:36,MGB,PL
2022-05-10 16:50:36,LL,MGB
2022-05-10 16:50:36,MCM,MGB
2022-05-10 16:50:36,MCM,PL
2022-05-10 16:50:36,DB,MTP
2022-05-10 16:50:36,DB,MCM
2022-05-10 16:50:36,LL,MTP
2022-05-10 16:50:36,MGB,MTP
2022-05-10 16:50:36,MCM,MTP
2022-05-10 16:50:36,LL,PL
2022-05-10 16:50:36,MCM,MWB
2022-05-10 16:50:36,MGB,MWB
2022-05-10 16:50:37,LL,MTP
2022-05-10 16:50:37,LL,MGB
2022-05-10 16:50:37,MCM,MGB
2022-05-10 16:50:37,MCM,PL
2022-05-10 16:50:37,DB,PL
2022-05-10 16:50:37,LL,MCM
2022-05-10 16:50:37,MTP,PL
2022-05-10 16:50:37,LL,PL
2022-05-10 16:50:37,DB,MCM
2022-05-10 16:50:37,MGB,MWB
2022-05-10 16:50:37,DB,MWB
2022-05-10 16:50:37,MGB,MTP
2022-05-10 16:50:37,MCM,MTP
2022-05-10 16:50:37,DB,MGB
2022-05-10 16:50:37,MCM,MWB
2022-05-10 16:50:37,DB,MTP
2022-05-10 16:50:37,MGB,PL
2022-05-10 16:50:37,DB,LL
2022-05-10 16:50:38,MTP,PL
2022-05-10 16:50:38,MCM,MGB
2022-05-10 16:50:38,DB,PL
2022-05-10 16:50:38,MGB,MTP
2022-05-10 16:50:38,DB,MGB
2022-05-10 16:50:38,MGB,PL
2022-05-10 16:50:38,MCM,PL
2022-05-10 16:50:38,LL,MGB
2022-05-10 16:50:38,LL,MCM
2022-05-10 16:50:38,MGB,MWB
2022-05-10 16:50:38,DB,LL
2022-05-10 16:50:38,DB,MTP
2022-05-10 16:50:38,DB,MWB
2022-05-10 16:50:38,LL,PL
2022-05-10 16:50:38,MCM,MTP
2022-05-10 16:50:38,DB,MCM
2022-05-10 16:50:38,LL,MTP
2022-05-10 16:50:38,MCM,MWB
2022-05-10 16:50:39,MGB,MTP
2022-05-10 16:50:39,MTP,PL
2022-05-10 16:50:39,DB,MWB
2022-05-10 16:50:39,DB,MCM
2022-05-10 16:50:39,DB,LL
2022-05-10 16:50:39,DB,MGB
2022-05-10 16:50:39,LL,MCM
2022-05-10 16:50:39,LL,MTP
2022-05-10 16:50:39,MGB,MWB
2022-05-10 16:50:39,MCM,PL
2022-05-10 16:50:39,MCM,MTP
2022-05-10 16:50:39,MCM,MWB
2022-05-10 16:50:39,LL,PL
2022-05-10 16:50:39,LL,MGB
2022-05-10 16:50:39,MGB,PL
2022-05-10 16:50:39,DB,PL
2022-05-10 16:50:39,MCM,MGB
2022-05-10 16:50:39,DB,MTP
2022-05-10 16:50:40,DB,MTP
2022-05-10 16:50:40,MGB,MWB
2022-05-10 16:50:40,MCM,MGB
2022-05-10 16:50:40,LL,MCM
2022-05-10 16:50:40,DB,MGB
2022-05-10 16:50:40,MCM,MWB
2022-05-10 16:50:40,DB,LL
2022-05-10 16:50:40,MGB,MTP
2022-05-10 16:50:40,MGB,PL
2022-05-10 16:50:40,MCM,PL
2022-05-10 16:50:40,LL,MTP
2022-05-10 16:50:40,MTP,PL
2022-05-10 16:50:40,LL,PL
2022-05-10 16:50:40,MCM,MTP
2022-05-10 16:50:40,DB,MCM
2022-05-10 16:50:40,DB,MWB
2022-05-10 16:50:40,DB,PL
2022-05-10 16:50:40,MWB,PL
2022-05-10 16:50:41,MGB,PL
2022-05-10 16:50:41,MWB,PL
2022-05-10 16:50:41,LL,PL
2022-05-10 16:50:41,DB,PL
2022-05-10 16:50:41,LL,MTP
2022-05-10 16:50:41,DB,MTP
2022-05-10 16:50:41,MCM,PL
2022-05-10 16:50:41,MCM,MWB
2022-05-10 16:50:41,MTP,PL
2022-05-10 16:50:41,DB,MWB
2022-05-10 16:50:41,DB,LL
2022-05-10 16:50:41,DB,MGB
2022-05-10 16:50:41,DB,MCM
2022-05-10 16:50:41,MCM,MTP
2022-05-10 16:50:41,MCM,MGB
2022-05-10 16:50:41,MGB,MWB
2022-05-10 16:50:41,MGB,MTP
2022-05-10 16:50:41,LL,MCM
2022-05-10 16:50:42,MCM,PL
2022-05-10 16:50:42,MGB,MTP
2022-05-10 16:50:42,DB,MCM
2022-05-10 16:50:42,DB,PL
2022-05-10 16:50:42,DB,LL
2022-05-10 16:50:42,DB,MTP
2022-05-10 16:50:42,MCM,MWB
2022-05-10 16:50:42,DB,MGB
2022-05-10 16:50:42,MCM,MGB
2022-05-10 16:50:42,MCM,MTP
2022-05-10 16:50:42,MWB,PL
2022-05-10 16:50:42,LL,PL
2022-05-10 16:50:42,LL,MTP
2022-05-10 16:50:42,MGB,PL
2022-05-10 16:50:42,LL,MCM
2022-05-10 16:50:42,DB,MWB
2022-05-10 16:50:42,MTP,PL
2022-05-10 16:50:42,MGB,MWB
2022-05-10 16:50:43,MGB,MTP
2022-05-10 16:50:43,DB,MCM
2022-05-10 16:50:43,MCM,PL
2022-05-10 16:50:43,DB,LL
2022-05-10 16:50:43,MCM,MTP
2022-05-10 16:50:43,MGB,PL
2022-05-10 16:50:43,MCM,MGB
2022-05-10 16:50:43,DB,PL
2022-05-10 16:50:43,LL,MCM
2022-05-10 16:50:43,LL,PL
2022-05-10 16:50:43,MGB,MWB
2022-05-10 16:50:43,MTP,PL
2022-05-10 16:50:43,MWB,PL
2022-05-10 16:50:43,DB,MGB
2022-05-10 16:50:43,LL,MTP
2022-05-10 16:50:43,DB,MTP
2022-05-10 16:50:43,MCM,MWB
2022-05-10 16:50:43,DB,MWB
2022-05-10 16:50:44,MWB,PL
2022-05-10 16:50:44,MCM,MGB
2022-05-10 16:50:44,LL,MCM
2022-05-10 16:50:44,LL,MTP
2022-05-10 16:50:44,MGB,MTP
2022-05-10 16:50:44,DB,MWB
2022-05-10 16:50:44,MTP,MWB
2022-05-10 16:50:44,DB,MCM
2022-05-10 16:50:44,MCM,MWB
2022-05-10 16:50:44,DB,LL
2022-05-10 16:50:44,DB,MGB
2022-05-10 16:50:44,DB,PL
2022-05-10 16:50:44,MGB,PL
2022-05-10 16:50:44,MCM,MTP
2022-05-10 16:50:44,DB,MTP
2022-05-10 16:50:44,MGB,MWB
2022-05-10 16:50:44,MTP,PL
2022-05-10 16:50:44,MCM,PL
2022-05-10 16:50:44,LL,PL
2022-05-10 16:50:45,DB,MGB
2022-05-10 16:50:45,LL,MCM
2022-05-10 16:50:45,MTP,PL
2022-05-10 16:50:45,MCM,MTP
2022-05-10 16:50:45,DB,PL
2022-05-10 16:50:45,DB,MCM
2022-05-10 16:50:45,MWB,PL
2022-05-10 16:50:45,MGB,MWB
2022-05-10 16:50:45,MCM,MGB
2022-05-10 16:50:45,MGB,MTP
2022-05-10 16:50:45,LL,MTP
2022-05-10 16:50:45,DB,MWB
2022-05-10 16:50:45,MCM,MWB
2022-05-10 16:50:45,DB,LL
2022-05-10 16:50:45,MGB,PL
2022-05-10 16:50:45,MTP,MWB
2022-05-10 16:50:45,DB,MTP
2022-05-10 16:50:45,MCM,PL
2022-05-10 16:50:45,LL,PL
2022-05-10 16:50:46,LL,PL
2022-05-10 16:50:46,MTP,MWB
2022-05-10 16:50:46,DB,PL
2022-05-10 16:50:46,MGB,MTP
2022-05-10 16:50:46,LL,MCM
2022-05-10 16:50:46,DB,MWB
2022-05-10 16:50:46,DB,MGB
2022-05-10 16:50:46,MCM,MGB
2022-05-10 16:50:46,MWB,PL
2022-05-10 16:50:46,DB,MTP
2022-05-10 16:50:46,MCM,PL
2022-05-10 16:50:46,MCM,MWB
2022-05-10 16:50:46,LL,MTP
2022-05-10 16:50:46,DB,LL
2022-05-10 16:50:46,MGB,MWB
2022-05-10 16:50:46,DB,MCM
2022-05-10 16:50:46,MGB,PL
2022-05-10 16:50:46,MTP,PL
2022-05-10 16:50:46,MCM,MTP
2022-05-10 16:50:47,LL,MTP
2022-05-10 16:50:47,DB,MGB
2022-05-10 16:50:47,LL,PL
2022-05-10 16:50:47,MTP,MWB
2022-05-10 16:50:47,MCM,PL
2022-05-10 16:50:47,MWB,PL
2022-05-10 16:50:47,MCM,MTP
2022-05-10 16:50:47,DB,MCM
2022-05-10 16:50:47,MGB,MTP
2022-05-10 16:50:47,MCM,MWB
2022-05-10 16:50:47,MTP,PL
2022-05-10 16:50:47,MGB,PL
2022-05-10 16:50:47,DB,MTP
2022-05-10 16:50:47,MCM,MGB
2022-05-10 16:50:47,MGB,MWB
2022-05-10 16:50:47,DB,PL
2022-05-10 16:50:47,DB,LL
2022-05-10 16:50:47,LL,MCM
2022-05-10 16:50:47,DB,MWB
2022-05-10 16:50:48,LL,MCM
2022-05-10 16:50:48,MGB,PL
2022-05-10 16:50:48,MTP,PL
2022-05-10 16:50:48,MGB,MWB
2022-05-10 16:50:48,LL,PL
2022-05-10 16:50:48,MWB,PL
2022-05-10 16:50:48,DB,MGB
2022-05-10 16:50:48,DB,MTP
2022-05-10 16:50:48,DB,MWB
2022-05-10 16:50:48,MTP,MWB
2022-05-10 16:50:48,MCM,PL
2022-05-10 16:50:48,MCM,MTP
2022-05-10 16:50:48,MGB,MTP
2022-05-10 16:50:48,MCM,MWB
2022-05-10 16:50:48,LL,MTP
2022-05-10 16:50:48,DB,MCM
2022-05-10 16:50:48,MCM,MGB
2022-05-10 16:50:48,DB,PL
2022-05-10 16:50:48,DB,LL
2022-05-10 16:50:49,MCM,MTP
2022-05-10 16:50:49,DB,MCM
2022-05-10 16:50:49,MCM,MWB
2022-05-10 16:50:49,MTP,PL
2022-05-10 16:50:49,MWB,PL
2022-05-10 16:50:49,MGB,MTP
2022-05-10 16:50:49,MCM,MGB
2022-05-10 16:50:49,MTP,MWB
2022-05-10 16:50:49,DB,MWB
2022-05-10 16:50:49,DB,MGB
2022-05-10 16:50:49,DB,MTP
2022-05-10 16:50:49,MGB,PL
2022-05-10 16:50:49,LL,MTP
2022-05-10 16:50:49,DB,LL
2022-05-10 16:50:49,LL,PL
2022-05-10 16:50:49,DB,PL
2022-05-10 16:50:49,LL,MCM
2022-05-10 16:50:49,MGB,MWB
2022-05-10 16:50:49,MCM,PL
2022-05-10 16:50:50,DB,PL
2022-05-10 16:50:50,MGB,MWB
2022-05-10 16:50:50,DB,MTP
2022-05-10 16:50:50,MGB,PL
2022-05-10 16:50:50,MTP,PL
2022-05-10 16:50:50,MWB,PL
2022-05-10 16:50:50,MGB,MTP
2022-05-10 16:50:50,LL,MTP
2022-05-10 16:50:50,DB,LL
2022-05-10 16:50:50,DB,MCM
2022-05-10 16:50:50,MCM,MWB
2022-05-10 16:50:50,MCM,MTP
2022-05-10 16:50:50,LL,PL
2022-05-10 16:50:50,DB,MWB
2022-05-10 16:50:50,MTP,MWB
2022-05-10 16:50:50,MCM,PL
2022-05-10 16:50:50,MCM,MGB
2022-05-10 16:50:50,LL,MCM
2022-05-10 16:50:50,DB,MGB
2022-05-10 16:50:51,MCM,PL
2022-05-10 16:50:51,DB,MCM
2022-05-10 16:50:51,MTP,MWB
2022-05-10 16:50:51,MCM,MWB
2022-05-10 16:50:51,MGB,MTP
2022-05-10 16:50:51,MWB,PL
2022-05-10 16:50:51,DB,PL
2022-05-10 16:50:51,LL,MTP
2022-05-10 16:50:51,DB,MTP
2022-05-10 16:50:51,MTP,PL
2022-05-10 16:50:51,DB,MWB
2022-05-10 16:50:51,LL,MCM
2022-05-10 16:50:51,LL,PL
2022-05-10 16:50:51,DB,LL
2022-05-10 16:50:51,MCM,MGB
2022-05-10 16:50:51,MGB,MWB
2022-05-10 16:50:51,DB,MGB
2022-05-10 16:50:51,MCM,MTP
2022-05-10 16:50:51,MGB,PL
2022-05-10 16:50:52,DB,MTP
2022-05-10 16:50:52,DB,LL
2022-05-10 16:50:52,DB,MGB
2022-05-10 16:50:52,MTP,MWB
2022-05-10 16:50:52,MCM,MGB
2022-05-10 16:50:52,MCM,MWB
2022-05-10 16:50:52,MGB,MTP
2022-05-10 16:50:52,MWB,PL
2022-05-10 16:50:52,MCM,MTP
2022-05-10 16:50:52,DB,MCM
2022-05-10 16:50:52,MGB,PL
2022-05-10 16:50:52,DB,PL
2022-05-10 16:50:52,LL,MCM
2022-05-10 16:50:52,DB,MWB
2022-05-10 16:50:52,MGB,MWB
2022-05-10 16:50:52,MTP,PL
2022-05-10 16:50:52,MCM,PL
2022-05-10 16:50:52,LL,MTP
2022-05-10 16:50:52,LL,PL
2022-05-10 16:50:53,MGB,MTP
2022-05-10 16:50:53,LL,PL
2022-05-10 16:50:53,DB,PL
2022-05-10 16:50:53,MCM,MTP
2022-05-10 16:50:53,MGB,PL
2022-05-10 16:50:53,DB,LL
2022-05-10 16:50:53,MTP,PL
2022-05-10 16:50:53,LL,MCM
2022-05-10 16:50:53,DB,MCM
2022-05-10 16:50:53,DB,MTP
2022-05-10 16:50:53,DB,MGB
2022-05-10 16:50:53,MTP,MWB
2022-05-10 16:50:53,MCM,MGB
2022-05-10 16:50:53,MGB,MWB
2022-05-10 16:50:53,MWB,PL
2022-05-10 16:50:53,MCM,MWB
2022-05-10 16:50:53,LL,MTP
2022-05-10 16:50:53,DB,MWB
2022-05-10 16:50:53,MCM,PL
2022-05-10 16:50:54,MTP,MWB
2022-05-10 16:50:54,MTP,PL
2022-05-10 16:50:54,LL,MTP
2022-05-10 16:50:54,DB,MGB
2022-05-10 16:50:54,MCM,PL
2022-05-10 16:50:54,DB,MWB
2022-05-10 16:50:54,MGB,MWB
2022-05-10 16:50:54,MGB,PL
2022-05-10 16:50:54,MCM,MGB
2022-05-10 16:50:54,MCM,MTP
2022-05-10 16:50:54,LL,PL
2022-05-10 16:50:54,DB,MCM
2022-05-10 16:50:54,DB,PL
2022-05-10 16:50:54,MWB,PL
2022-05-10 16:50:54,LL,MCM
2022-05-10 16:50:54,DB,MTP
2022-05-10 16:50:54,MCM,MWB
2022-05-10 16:50:54,DB,LL
2022-05-10 16:50:54,MGB,MTP
2022-05-10 16:50:55,DB,MWB
2022-05-10 16:50:55,DB,LL
2022-05-10 16:50:55,DB,MTP
2022-05-10 16:50:55,DB,MGB
2022-05-10 16:50:55,MGB,MWB
2022-05-10 16:50:55,LL,PL
2022-05-10 16:50:55,MCM,MGB
2022-05-10 16:50:55,MGB,MTP
2022-05-10 16:50:55,MCM,PL
2022-05-10 16:50:55,MGB,PL
2022-05-10 16:50:55,MCM,MWB
2022-05-10 16:50:55,LL,MCM
2022-05-10 16:50:55,MWB,PL
2022-05-10 16:50:55,MCM,MTP
2022-05-10 16:50:55,DB,PL
2022-05-10 16:50:55,DB,MCM
2022-05-10 16:50:55,LL,MTP
2022-05-10 16:50:55,MTP,PL
2022-05-10 16:50:55,MTP,MWB
2022-05-10 16:50:56,MCM,MGB
2022-05-10 16:50:56,MGB,MWB
2022-05-10 16:50:56,LL,MCM
2022-05-10 16:50:56,MTP,PL
2022-05-10 16:50:56,LL,MTP
2022-05-10 16:50:56,DB,MCM
2022-05-10 16:50:56,DB,LL
2022-05-10 16:50:56,MWB,PL
2022-05-10 16:50:56,MCM,PL
2022-05-10 16:50:56,MGB,PL
2022-05-10 16:50:56,MCM,MWB
2022-05-10 16:50:56,DB,MTP
2022-05-10 16:50:56,MGB,MTP
2022-05-10 16:50:56,DB,PL
2022-05-10 16:50:56,MTP,MWB
2022-05-10 16:50:56,DB,MWB
2022-05-10 16:50:56,LL,PL
2022-05-10 16:50:56,DB,MGB
2022-05-10 16:50:56,MCM,MTP
2022-05-10 16:50:57,MTP,MWB
2022-05-10 16:50:57,MCM,MGB
2022-05-10 16:50:57,MGB,MTP
2022-05-10 16:50:57,DB,LL
2022-05-10 16:50:57,LL,MCM
2022-05-10 16:50:57,MWB,PL
2022-05-10 16:50:57,DB,MTP
2022-05-10 16:50:57,DB,PL
2022-05-10 16:50:57,MGB,PL
2022-05-10 16:50:57,MCM,MTP
2022-05-10 16:50:57,DB,MCM
2022-05-10 16:50:57,MCM,PL
2022-05-10 16:50:57,MTP,PL
2022-05-10 16:50:57,MGB,MWB
2022-05-10 16:50:57,MCM,MWB
2022-05-10 16:50:57,LL,MTP
2022-05-10 16:50:57,DB,MGB
2022-05-10 16:50:57,DB,MWB
2022-05-10 16:50:57,LL,PL
2022-05-10 16:50:58,MTP,PL
2022-05-10 16:50:58,DB,LL
2022-05-10 16:50:58,MCM,MGB
2022-05-10 16:50:58,MWB,PL
2022-05-10 16:50:58,LL,MCM
2022-05-10 16:50:58,DB,MWB
2022-05-10 16:50:58,MGB,PL
2022-05-10 16:50:58,DB,MTP
2022-05-10 16:50:58,LL,PL
2022-05-10 16:50:58,DB,PL
2022-05-10 16:50:58,DB,MCM
2022-05-10 16:50:58,MGB,MTP
2022-05-10 16:50:58,MGB,MWB
2022-05-10 16:50:58,MCM,MTP
2022-05-10 16:50:58,MTP,MWB
2022-05-10 16:50:58,MCM,MWB
2022-05-10 16:50:58,LL,MTP
2022-05-10 16:50:58,DB,MGB
2022-05-10 16:50:58,MCM,PL
2022-05-10 16:50:59,LL,MTP
2022-05-10 16:50:59,DB,LL
2022-05-10 16:50:59,MCM,PL
2022-05-10 16:50:59,MGB,MTP
2022-05-10 16:50:59,DB,MTP
2022-05-10 16:50:59,MGB,MWB
2022-05-10 16:50:59,MGB,PL
2022-05-10 16:50:59,MWB,PL
2022-05-10 16:50:59,DB,MWB
2022-05-10 16:50:59,LL,MCM
2022-05-10 16:50:59,MTP,PL
2022-05-10 16:50:59,MCM,MTP
2022-05-10 16:50:59,MCM,MGB
2022-05-10 16:50:59,MTP,MWB
2022-05-10 16:50:59,DB,MGB
2022-05-10 16:50:59,DB,MCM
2022-05-10 16:50:59,LL,PL
2022-05-10 16:50:59,MCM,MWB
2022-05-10 16:50:59,DB,PL
2022-05-10 16:51:00,MCM,MWB
2022-05-10 16:51:00,DB,MGB
2022-05-10 16:51:00,MCM,MTP
2022-05-10 16:51:00,MGB,PL
2022-05-10 16:51:00,MWB,PL
2022-05-10 16:51:00,LL,PL
2022-05-10 16:51:00,LL,MTP
2022-05-10 16:51:00,MTP,PL
2022-05-10 16:51:00,MTP,MWB
2022-05-10 16:51:00,MCM,PL
2022-05-10 16:51:00,DB,MCM
2022-05-10 16:51:00,MGB,MWB
2022-05-10 16:51:00,DB,PL
2022-05-10 16:51:00,DB,MWB
2022-05-10 16:51:00,DB,MTP
2022-05-10 16:51:00,LL,MCM
2022-05-10 16:51:00,MCM,MGB
2022-05-10 16:51:00,DB,LL
2022-05-10 16:51:00,MGB,MTP
2022-05-10 16:51:01,DB,MWB
2022-05-10 16:51:01,MCM,MWB
2022-05-10 16:51:01,MTP,MWB
2022-05-10 16:51:01,MGB,PL
2022-05-10 16:51:01,DB,LL
2022-05-10 16:51:01,MGB,MWB
2022-05-10 16:51:01,LL,MCM
2022-05-10 16:51:01,MGB,MTP
2022-05-10 16:51:01,DB,MCM
2022-05-10 16:51:01,LL,MWB
2022-05-10 16:51:01,DB,PL
2022-05-10 16:51:01,MCM,MGB
2022-05-10 16:51:01,DB,MTP
2022-05-10 16:51:01,LL,PL
2022-05-10 16:51:01,MCM,PL
2022-05-10 16:51:01,DB,MGB
2022-05-10 16:51:01,LL,MTP
2022-05-10 16:51:01,MWB,PL
2022-05-10 16:51:01,MCM,MTP
2022-05-10 16:51:01,MTP,PL
2022-05-10 16:51:02,LL,PL
2022-05-10 16:51:02,DB,MWB
2022-05-10 16:51:02,MGB,MTP
2022-05-10 16:51:02,LL,MCM
2022-05-10 16:51:02,DB,MGB
2022-05-10 16:51:02,DB,LL
2022-05-10 16:51:02,MCM,PL
2022-05-10 16:51:02,LL,MTP
2022-05-10 16:51:02,DB,PL
2022-05-10 16:51:02,MTP,MWB
2022-05-10 16:51:02,DB,MCM
2022-05-10 16:51:02,MCM,MTP
2022-05-10 16:51:02,MGB,PL
2022-05-10 16:51:02,LL,MWB
2022-05-10 16:51:02,MCM,MGB
2022-05-10 16:51:02,MWB,PL
2022-05-10 16:51:02,MGB,MWB
2022-05-10 16:51:02,MCM,MWB
2022-05-10 16:51:02,MTP,PL
2022-05-10 16:51:02,DB,MTP
2022-05-10 16:51:03,DB,MTP
2022-05-10 16:51:03,MCM,PL
2022-05-10 16:51:03,LL,PL
2022-05-10 16:51:03,LL,MCM
2022-05-10 16:51:03,MGB,MWB
2022-05-10 16:51:03,MCM,MTP
2022-05-10 16:51:03,MTP,PL
2022-05-10 16:51:03,DB,MCM
2022-05-10 16:51:03,DB,MWB
2022-05-10 16:51:03,MCM,MGB
2022-05-10 16:51:03,DB,LL
2022-05-10 16:51:03,MGB,PL
2022-05-10 16:51:03,LL,MWB
2022-05-10 16:51:03,DB,MGB
2022-05-10 16:51:03,LL,MTP
2022-05-10 16:51:03,MGB,MTP
2022-05-10 16:51:03,MWB,PL
2022-05-10 16:51:03,DB,PL
2022-05-10 16:51:03,MTP,MWB
2022-05-10 16:51:03,MCM,MWB
2022-05-10 16:51:04,DB,MCM
2022-05-10 16:51:04,MCM,MTP
2022-05-10 16:51:04,DB,PL
2022-05-10 16:51:04,DB,MGB
2022-05-10 16:51:04,LL,MWB
2022-05-10 16:51:04,MGB,PL
2022-05-10 16:51:04,LL,MTP
2022-05-10 16:51:04,LL,MCM
2022-05-10 16:51:04,LL,PL
2022-05-10 16:51:04,MTP,MWB
2022-05-10 16:51:04,MCM,PL
2022-05-10 16:51:04,MCM,MGB
2022-05-10 16:51:04,MCM,MWB
2022-05-10 16:51:04,MGB,MWB
2022-05-10 16:51:04,DB,LL
2022-05-10 16:51:04,DB,MWB
2022-05-10 16:51:04,DB,MTP
2022-05-10 16:51:04,MGB,MTP
2022-05-10 16:51:04,MWB,PL
2022-05-10 16:51:04,MTP,PL
2022-05-10 16:51:05,MTP,PL
2022-05-10 16:51:05,MCM,MWB
2022-05-10 16:51:05,LL,MWB
2022-05-10 16:51:05,DB,PL
2022-05-10 16:51:05,LL,MCM
2022-05-10 16:51:05,LL,PL
2022-05-10 16:51:05,MTP,MWB
2022-05-10 16:51:05,DB,MCM
2022-05-10 16:51:05,MGB,MWB
2022-05-10 16:51:05,MGB,MTP
2022-05-10 16:51:05,DB,MTP
2022-05-10 16:51:05,MCM,MTP
2022-05-10 16:51:05,DB,MWB
2022-05-10 16:51:05,MGB,PL
2022-05-10 16:51:05,MWB,PL
2022-05-10 16:51:05,MCM,PL
2022-05-10 16:51:05,LL,MTP
2022-05-10 16:51:05,DB,MGB
2022-05-10 16:51:05,MCM,MGB
2022-05-10 16:51:05,DB,LL
2022-05-10 16:51:06,MWB,PL
2022-05-10 16:51:06,LL,MWB
2022-05-10 16:51:06,DB,MTP
2022-05-10 16:51:06,LL,MTP
2022-05-10 16:51:06,DB,MCM
2022-05-10 16:51:06,MCM,MGB
2022-05-10 16:51:06,MCM,MTP
2022-05-10 16:51:06,MGB,MWB
2022-05-10 16:51:06,MGB,PL
2022-05-10 16:51:06,MGB,MTP
2022-05-10 16:51:06,LL,MCM
2022-05-10 16:51:06,LL,PL
2022-05-10 16:51:06,DB,MWB
2022-05-10 16:51:06,MTP,PL
2022-05-10 16:51:06,MTP,MWB
2022-05-10 16:51:06,MCM,PL
2022-05-10 16:51:06,DB,PL
2022-05-10 16:51:06,MCM,MWB
2022-05-10 16:51:06,DB,MGB
2022-05-10 16:51:06,DB,LL
2022-05-10 16:51:07,LL,PL
2022-05-10 16:51:07,MGB,MTP
2022-05-10 16:51:07,LL,MCM
2022-05-10 16:51:07,MCM,MWB
2022-05-10 16:51:07,MGB,PL
2022-05-10 16:51:07,DB,MGB
2022-05-10 16:51:07,DB,MWB
2022-05-10 16:51:07,MGB,MWB
2022-05-10 16:51:07,MTP,PL
2022-05-10 16:51:07,MCM,MTP
2022-05-10 16:51:07,DB,LL
2022-05-10 16:51:07,DB,MCM
2022-05-10 16:51:07,MTP,MWB
2022-05-10 16:51:07,MCM,MGB
2022-05-10 16:51:07,MWB,PL
2022-05-10 16:51:07,DB,PL
2022-05-10 16:51:07,DB,MTP
2022-05-10 16:51:07,LL,MTP
2022-05-10 16:51:07,LL,MWB
2022-05-10 16:51:07,MCM,PL
2022-05-10 16:51:08,MGB,MTP
2022-05-10 16:51:08,MCM,MWB
2022-05-10 16:51:08,DB,PL
2022-05-10 16:51:08,LL,PL
2022-05-10 16:51:08,DB,LL
2022-05-10 16:51:08,MCM,MGB
2022-05-10 16:51:08,MCM,MTP
2022-05-10 16:51:08,MWB,PL
2022-05-10 16:51:08,LL,MCM
2022-05-10 16:51:08,DB,MCM
2022-05-10 16:51:08,MTP,PL
2022-05-10 16:51:08,DB,MTP
2022-05-10 16:51:08,MTP,MWB
2022-05-10 16:51:08,DB,MWB
2022-05-10 16:51:08,DB,MGB
2022-05-10 16:51:08,MCM,PL
2022-05-10 16:51:08,LL,MTP
2022-05-10 16:51:08,LL,MWB
2022-05-10 16:51:08,MGB,MWB
2022-05-10 16:51:08,MGB,PL
2022-05-10 16:51:09,LL,MWB
2022-05-10 16:51:09,LL,MTP
2022-05-10 16:51:09,DB,MWB
2022-05-10 16:51:09,MWB,PL
2022-05-10 16:51:09,MGB,MWB
2022-05-10 16:51:09,DB,LL
2022-05-10 16:51:09,MGB,MTP
2022-05-10 16:51:09,MCM,PL
2022-05-10 16:51:09,MTP,PL
2022-05-10 16:51:09,DB,PL
2022-05-10 16:51:09,MCM,MGB
2022-05-10 16:51:09,MCM,MTP
2022-05-10 16:51:09,DB,MCM
2022-05-10 16:51:09,LL,PL
2022-05-10 16:51:09,DB,MGB
2022-05-10 16:51:09,DB,MTP
2022-05-10 16:51:09,MCM,MWB
2022-05-10 16:51:09,MGB,PL
2022-05-10 16:51:09,LL,MCM
2022-05-10 16:51:09,MTP,MWB
2022-05-10 16:51:10,MTP,MWB
2022-05-10 16:51:10,LL,MCM
2022-05-10 16:51:10,DB,MCM
2022-05-10 16:51:10,MWB,PL
2022-05-10 16:51:10,DB,PL
2022-05-10 16:51:10,LL,MTP
2022-05-10 16:51:10,MGB,MTP
2022-05-10 16:51:10,DB,MTP
2022-05-10 16:51:10,MGB,MWB
2022-05-10 16:51:10,DB,MGB
2022-05-10 16:51:10,DB,LL
2022-05-10 16:51:10,MCM,PL
2022-05-10 16:51:10,MTP,PL
2022-05-10 16:51:10,MCM,MGB
2022-05-10 16:51:10,LL,MWB
2022-05-10 16:51:10,MCM,MTP
2022-05-10 16:51:10,LL,PL
2022-05-10 16:51:10,MGB,PL
2022-05-10 16:51:10,DB,MWB
2022-05-10 16:51:10,MCM,MWB
2022-05-10 16:51:11,MCM,MGB
2022-05-10 16:51:11,LL,MWB
2022-05-10 16:51:11,MWB,PL
2022-05-10 16:51:11,MTP,MWB
2022-05-10 16:51:11,DB,PL
2022-05-10 16:51:11,MCM,MTP
2022-05-10 16:51:11,MGB,MTP
2022-05-10 16:51:11,DB,MGB
2022-05-10 16:51:11,DB,MWB
2022-05-10 16:51:11,LL,PL
2022-05-10 16:51:11,MGB,MWB
2022-05-10 16:51:11,MCM,PL
2022-05-10 16:51:11,MTP,PL
2022-05-10 16:51:11,LL,MTP
2022-05-10 16:51:11,MCM,MWB
2022-05-10 16:51:11,DB,MCM
2022-05-10 16:51:11,DB,LL
2022-05-10 16:51:11,DB,MTP
2022-05-10 16:51:11,MGB,PL
2022-05-10 16:51:11,LL,MCM
2022-05-10 16:51:12,DB,MCM
2022-05-10 16:51:12,MCM,MTP
2022-05-10 16:51:12,DB,MGB
2022-05-10 16:51:12,DB,PL
2022-05-10 16:51:12,MWB,PL
2022-05-10 16:51:12,MCM,PL
2022-05-10 16:51:12,MTP,PL
2022-05-10 16:51:12,DB,LL
2022-05-10 16:51:12,MCM,MWB
2022-05-10 16:51:12,LL,MWB
2022-05-10 16:51:12,DB,MTP
2022-05-10 16:51:12,MGB,MWB
2022-05-10 16:51:12,MGB,MTP
2022-05-10 16:51:12,LL,MTP
2022-05-10 16:51:12,MTP,MWB
2022-05-10 16:51:12,LL,PL
2022-05-10 16:51:12,MCM,MGB
2022-05-10 16:51:12,LL,MCM
2022-05-10 16:51:12,MGB,PL
2022-05-10 16:51:12,DB,MWB
2022-05-10 16:51:13,DB,LL
2022-05-10 16:51:13,LL,MTP
2022-05-10 16:51:13,MTP,MWB
2022-05-10 16:51:13,MWB,PL
2022-05-10 16:51:13,DB,MGB
2022-05-10 16:51:13,MTP,PL
2022-05-10 16:51:13,MGB,PL
2022-05-10 16:51:13,DB,MWB
2022-05-10 16:51:13,MCM,MGB
2022-05-10 16:51:13,MCM,PL
2022-05-10 16:51:13,LL,MWB
2022-05-10 16:51:13,MGB,MTP
2022-05-10 16:51:13,DB,PL
2022-05-10 16:51:13,MCM,MTP
2022-05-10 16:51:13,LL,MCM
2022-05-10 16:51:13,MGB,MWB
2022-05-10 16:51:13,DB,MCM
2022-05-10 16:51:13,DB,MTP
2022-05-10 16:51:13,LL,PL
2022-05-10 16:51:13,MCM,MWB
2022-05-10 16:51:14,MTP,MWB
2022-05-10 16:51:14,LL,MWB
2022-05-10 16:51:14,MCM,MWB
2022-05-10 16:51:14,DB,MWB
2022-05-10 16:51:14,MCM,MGB
2022-05-10 16:51:14,DB,PL
2022-05-10 16:51:14,LL,MTP
2022-05-10 16:51:14,MWB,PL
2022-05-10 16:51:14,LL,PL
2022-05-10 16:51:14,DB,LL
2022-05-10 16:51:14,MTP,PL
2022-05-10 16:51:14,MCM,PL
2022-05-10 16:51:14,DB,MGB
2022-05-10 16:51:14,MGB,MWB
2022-05-10 16:51:14,DB,MTP
2022-05-10 16:51:14,MCM,MTP
2022-05-10 16:51:14,MGB,PL
2022-05-10 16:51:14,LL,MCM
2022-05-10 16:51:14,DB,MCM
2022-05-10 16:51:14,MGB,MTP
2022-05-10 16:51:15,DB,PL
2022-05-10 16:51:15,LL,MTP
2022-05-10 16:51:15,LL,PL
2022-05-10 16:51:15,MWB,PL
2022-05-10 16:51:15,DB,MCM
2022-05-10 16:51:15,DB,LL
2022-05-10 16:51:15,DB,MWB
2022-05-10 16:51:15,MTP,PL
2022-05-10 16:51:15,DB,MGB
2022-05-10 16:51:15,DB,MTP
2022-05-10 16:51:15,LL,MCM
2022-05-10 16:51:15,MCM,PL
2022-05-10 16:51:15,MCM,MTP
2022-05-10 16:51:15,MCM,MGB
2022-05-10 16:51:15,MCM,MWB
2022-05-10 16:51:15,MGB,PL
2022-05-10 16:51:15,MGB,MTP
2022-05-10 16:51:15,MGB,MWB
2022-05-10 16:51:15,MTP,MWB
2022-05-10 16:51:15,LL,MWB
2022-05-10 16:51:16,MCM,PL
2022-05-10 16:51:16,LL,MCM
2022-05-10 16:51:16,DB,PL
2022-05-10 16:51:16,MGB,MWB
2022-05-10 16:51:16,LL,MWB
2022-05-10 16:51:16,MCM,MTP
2022-05-10 16:51:16,DB,MWB
2022-05-10 16:51:16,DB,MCM
2022-05-10 16:51:16,LL,MTP
2022-05-10 16:51:16,MCM,MWB
2022-05-10 16:51:16,DB,MTP
2022-05-10 16:51:16,MGB,MTP
2022-05-10 16:51:16,DB,MGB
2022-05-10 16:51:16,MTP,MWB
2022-05-10 16:51:16,MGB,PL
2022-05-10 16:51:16,LL,PL
2022-05-10 16:51:16,MTP,PL
2022-05-10 16:51:16,DB,LL
2022-05-10 16:51:16,MWB,PL
2022-05-10 16:51:16,MCM,MGB
2022-05-10 16:51:17,DB,MWB
2022-05-10 16:51:17,MCM,MTP
2022-05-10 16:51:17,MGB,MTP
2022-05-10 16:51:17,LL,PL
2022-05-10 16:51:17,DB,LL
2022-05-10 16:51:17,MCM,MGB
2022-05-10 16:51:17,LL,MCM
2022-05-10 16:51:17,MTP,PL
2022-05-10 16:51:17,MWB,PL
2022-05-10 16:51:17,MGB,PL
2022-05-10 16:51:17,MGB,MWB
2022-05-10 16:51:17,DB,MTP
2022-05-10 16:51:17,MCM,MWB
2022-05-10 16:51:17,LL,MWB
2022-05-10 16:51:17,LL,MTP
2022-05-10 16:51:17,MCM,PL
2022-05-10 16:51:17,DB,MGB
2022-05-10 16:51:17,DB,PL
2022-05-10 16:51:17,DB,MCM
2022-05-10 16:51:17,MTP,MWB
2022-05-10 16:51:18,MGB,MTP
2022-05-10 16:51:18,LL,MTP
2022-05-10 16:51:18,MGB,PL
2022-05-10 16:51:18,MCM,MTP
2022-05-10 16:51:18,DB,MTP
2022-05-10 16:51:18,LL,MCM
2022-05-10 16:51:18,MGB,MWB
2022-05-10 16:51:18,MTP,PL
2022-05-10 16:51:18,DB,PL
2022-05-10 16:51:18,MTP,MWB
2022-05-10 16:51:18,MWB,PL
2022-05-10 16:51:18,DB,MGB
2022-05-10 16:51:18,MCM,MGB
2022-05-10 16:51:18,LL,MWB
2022-05-10 16:51:18,DB,LL
2022-05-10 16:51:18,LL,PL
2022-05-10 16:51:18,DB,MWB
2022-05-10 16:51:18,MCM,PL
2022-05-10 16:51:18,DB,MCM
2022-05-10 16:51:18,MCM,MWB
2022-05-10 16:51:19,MCM,MTP
2022-05-10 16:51:19,LL,PL
2022-05-10 16:51:19,DB,MCM
2022-05-10 16:51:19,DB,LL
2022-05-10 16:51:19,MTP,MWB
2022-05-10 16:51:19,MCM,MGB
2022-05-10 16:51:19,MWB,PL
2022-05-10 16:51:19,MTP,PL
2022-05-10 16:51:19,LL,MTP
2022-05-10 16:51:19,DB,MGB
2022-05-10 16:51:19,MGB,MTP
2022-05-10 16:51:19,MGB,PL
2022-05-10 16:51:19,DB,MTP
2022-05-10 16:51:19,LL,MCM
2022-05-10 16:51:19,MGB,MWB
2022-05-10 16:51:19,LL,MWB
2022-05-10 16:51:19,MCM,MWB
2022-05-10 16:51:19,DB,PL
2022-05-10 16:51:19,DB,MWB
2022-05-10 16:51:19,MCM,PL
2022-05-10 16:51:20,LL,MGB
2022-05-10 16:51:20,LL,MWB
2022-05-10 16:51:20,MCM,MWB
2022-05-10 16:51:20,MTP,MWB
2022-05-10 16:51:20,DB,MWB
2022-05-10 16:51:20,DB,MGB
2022-05-10 16:51:20,MTP,PL
2022-05-10 16:51:20,MGB,MWB
2022-05-10 16:51:20,DB,MTP
2022-05-10 16:51:20,MGB,PL
2022-05-10 16:51:20,MWB,PL
2022-05-10 16:51:20,LL,MTP
2022-05-10 16:51:20,MCM,MGB
2022-05-10 16:51:20,DB,LL
2022-05-10 16:51:20,MCM,MTP
2022-05-10 16:51:20,LL,PL
2022-05-10 16:51:20,MCM,PL
2022-05-10 16:51:20,DB,MCM
2022-05-10 16:51:20,MGB,MTP
2022-05-10 16:51:20,LL,MCM
2022-05-10 16:51:20,DB,PL
2022-05-10 16:51:21,DB,MTP
2022-05-10 16:51:21,DB,MGB
2022-05-10 16:51:21,MGB,PL
2022-05-10 16:51:21,MGB,MTP
2022-05-10 16:51:21,DB,PL
2022-05-10 16:51:21,MTP,MWB
2022-05-10 16:51:21,LL,MCM
2022-05-10 16:51:21,MCM,PL
2022-05-10 16:51:21,DB,LL
2022-05-10 16:51:21,DB,MWB
2022-05-10 16:51:21,MGB,MWB
2022-05-10 16:51:21,MCM,MTP
2022-05-10 16:51:21,MTP,PL
2022-05-10 16:51:21,LL,PL
2022-05-10 16:51:21,LL,MGB
2022-05-10 16:51:21,LL,MTP
2022-05-10 16:51:21,MWB,PL
2022-05-10 16:51:21,MCM,MGB
2022-05-10 16:51:21,MCM,MWB
2022-05-10 16:51:21,DB,MCM
2022-05-10 16:51:21,LL,MWB
2022-05-10 16:51:22,DB,MTP
2022-05-10 16:51:22,DB,MGB
2022-05-10 16:51:22,MTP,PL
2022-05-10 16:51:22,LL,MTP
2022-05-10 16:51:22,LL,PL
2022-05-10 16:51:22,LL,MCM
2022-05-10 16:51:22,LL,MWB
2022-05-10 16:51:22,MGB,MWB
2022-05-10 16:51:22,LL,MGB
2022-05-10 16:51:22,DB,PL
2022-05-10 16:51:22,MGB,PL
2022-05-10 16:51:22,MGB,MTP
2022-05-10 16:51:22,MCM,MGB
2022-05-10 16:51:22,MTP,MWB
2022-05-10 16:51:22,DB,MCM
2022-05-10 16:51:22,MCM,MWB
2022-05-10 16:51:22,DB,LL
2022-05-10 16:51:22,MWB,PL
2022-05-10 16:51:22,MCM,MTP
2022-05-10 16:51:22,MCM,PL
2022-05-10 16:51:22,DB,MWB
2022-05-10 16:51:23,LL,MCM
2022-05-10 16:51:23,LL,MTP
2022-05-10 16:51:23,MCM,MWB
2022-05-10 16:51:23,DB,MGB
2022-05-10 16:51:23,MCM,PL
2022-05-10 16:51:23,DB,MCM
2022-05-10 16:51:23,MGB,MWB
2022-05-10 16:51:23,LL,MGB
2022-05-10 16:51:23,MCM,MGB
2022-05-10 16:51:23,DB,PL
2022-05-10 16:51:23,LL,MWB
2022-05-10 16:51:23,MWB,PL
2022-05-10 16:51:23,MTP,PL
2022-05-10 16:51:23,DB,LL
2022-05-10 16:51:23,MCM,MTP
2022-05-10 16:51:23,LL,PL
2022-05-10 16:51:23,DB,MTP
2022-05-10 16:51:23,MGB,MTP
2022-05-10 16:51:23,DB,MWB
2022-05-10 16:51:23,MTP,MWB
2022-05-10 16:51:23,MGB,PL
2022-05-10 16:51:24,MTP,MWB
2022-05-10 16:51:24,MGB,MWB
2022-05-10 16:51:24,LL,MCM
2022-05-10 16:51:24,DB,MTP
2022-05-10 16:51:24,LL,MTP
2022-05-10 16:51:24,MCM,MGB
2022-05-10 16:51:24,LL,MGB
2022-05-10 16:51:24,DB,MCM
2022-05-10 16:51:24,LL,PL
2022-05-10 16:51:24,LL,MWB
2022-05-10 16:51:24,DB,MWB
2022-05-10 16:51:24,DB,LL
2022-05-10 16:51:24,MGB,MTP
2022-05-10 16:51:24,MCM,MTP
2022-05-10 16:51:24,MTP,PL
2022-05-10 16:51:24,MCM,MWB
2022-05-10 16:51:24,MWB,PL
2022-05-10 16:51:24,DB,MGB
2022-05-10 16:51:24,MCM,PL
2022-05-10 16:51:24,MGB,PL
2022-05-10 16:51:24,DB,PL
2022-05-10 16:51:25,MGB,MTP
2022-05-10 16:51:25,MWB,PL
2022-05-10 16:51:25,MCM,MTP
2022-05-10 16:51:25,MGB,PL
2022-05-10 16:51:25,LL,MWB
2022-05-10 16:51:25,LL,MCM
2022-05-10 16:51:25,DB,MGB
2022-05-10 16:51:25,MCM,MWB
2022-05-10 16:51:25,MTP,PL
2022-05-10 16:51:25,MCM,MGB
2022-05-10 16:51:25,MCM,PL
2022-05-10 16:51:25,MTP,MWB
2022-05-10 16:51:25,DB,MWB
2022-05-10 16:51:25,LL,MGB
2022-05-10 16:51:25,DB,MCM
2022-05-10 16:51:25,DB,MTP
2022-05-10 16:51:25,DB,PL
2022-05-10 16:51:25,MGB,MWB
2022-05-10 16:51:25,LL,PL
2022-05-10 16:51:25,DB,LL
2022-05-10 16:51:25,LL,MTP
2022-05-10 16:51:26,LL,MWB
2022-05-10 16:51:26,LL,MGB
2022-05-10 16:51:26,DB,MGB
2022-05-10 16:51:26,MCM,MGB
2022-05-10 16:51:26,MGB,PL
2022-05-10 16:51:26,MCM,MWB
2022-05-10 16:51:26,MGB,MWB
2022-05-10 16:51:26,DB,MTP
2022-05-10 16:51:26,LL,MTP
2022-05-10 16:51:26,MTP,PL
2022-05-10 16:51:26,MCM,MTP
2022-05-10 16:51:26,DB,MCM
2022-05-10 16:51:26,LL,PL
2022-05-10 16:51:26,DB,MWB
2022-05-10 16:51:26,MGB,MTP
2022-05-10 16:51:26,LL,MCM
2022-05-10 16:51:26,MTP,MWB
2022-05-10 16:51:26,DB,PL
2022-05-10 16:51:26,MCM,PL
2022-05-10 16:51:26,MWB,PL
2022-05-10 16:51:26,DB,LL
2022-05-10 16:51:27,MTP,MWB
2022-05-10 16:51:27,MCM,PL
2022-05-10 16:51:27,MTP,PL
2022-05-10 16:51:27,MCM,MWB
2022-05-10 16:51:27,MCM,MGB
2022-05-10 16:51:27,MGB,MWB
2022-05-10 16:51:27,LL,MTP
2022-05-10 16:51:27,DB,MWB
2022-05-10 16:51:27,DB,MGB
2022-05-10 16:51:27,DB,PL
2022-05-10 16:51:27,LL,PL
2022-05-10 16:51:27,DB,MTP
2022-05-10 16:51:27,DB,MCM
2022-05-10 16:51:27,MGB,PL
2022-05-10 16:51:27,DB,LL
2022-05-10 16:51:27,MWB,PL
2022-05-10 16:51:27,MCM,MTP
2022-05-10 16:51:27,LL,MWB
2022-05-10 16:51:27,LL,MCM
2022-05-10 16:51:27,MGB,MTP
2022-05-10 16:51:27,LL,MGB
2022-05-10 16:51:28,LL,MCM
2022-05-10 16:51:28,MTP,MWB
2022-05-10 16:51:28,LL,MTP
2022-05-10 16:51:28,MCM,PL
2022-05-10 16:51:28,MTP,PL
2022-05-10 16:51:28,MGB,MWB
2022-05-10 16:51:28,DB,LL
2022-05-10 16:51:28,MGB,MTP
2022-05-10 16:51:28,MWB,PL
2022-05-10 16:51:28,LL,PL
2022-05-10 16:51:28,DB,MWB
2022-05-10 16:51:28,DB,MCM
2022-05-10 16:51:28,MCM,MWB
2022-05-10 16:51:28,MGB,PL
2022-05-10 16:51:28,MCM,MTP
2022-05-10 16:51:28,MCM,MGB
2022-05-10 16:51:28,DB,PL
2022-05-10 16:51:28,DB,MTP
2022-05-10 16:51:28,DB,MGB
2022-05-10 16:51:28,LL,MWB
2022-05-10 16:51:28,LL,MGB
2022-05-10 16:51:29,MGB,MTP
2022-05-10 16:51:29,MGB,MWB
2022-05-10 16:51:29,MCM,MTP
2022-05-10 16:51:29,MCM,MGB
2022-05-10 16:51:29,DB,MCM
2022-05-10 16:51:29,LL,MGB
2022-05-10 16:51:29,MCM,PL
2022-05-10 16:51:29,MCM,MWB
2022-05-10 16:51:29,DB,MWB
2022-05-10 16:51:29,LL,MTP
2022-05-10 16:51:29,DB,PL
2022-05-10 16:51:29,DB,LL
2022-05-10 16:51:29,LL,PL
2022-05-10 16:51:29,LL,MCM
2022-05-10 16:51:29,MWB,PL
2022-05-10 16:51:29,MGB,PL
2022-05-10 16:51:29,LL,MWB
2022-05-10 16:51:29,DB,MTP
2022-05-10 16:51:29,MTP,PL
2022-05-10 16:51:29,MTP,MWB
2022-05-10 16:51:29,DB,MGB
2022-05-10 16:51:30,LL,MTP
2022-05-10 16:51:30,MCM,PL
2022-05-10 16:51:30,DB,PL
2022-05-10 16:51:30,DB,MCM
2022-05-10 16:51:30,DB,LL
2022-05-10 16:51:30,MTP,MWB
2022-05-10 16:51:30,MTP,PL
2022-05-10 16:51:30,MGB,MTP
2022-05-10 16:51:30,LL,PL
2022-05-10 16:51:30,MWB,PL
2022-05-10 16:51:30,LL,MCM
2022-05-10 16:51:30,MGB,MWB
2022-05-10 16:51:30,DB,MTP
2022-05-10 16:51:30,MCM,MGB
2022-05-10 16:51:30,LL,MWB
2022-05-10 16:51:30,MCM,MWB
2022-05-10 16:51:30,MGB,PL
2022-05-10 16:51:30,MCM,MTP
2022-05-10 16:51:30,DB,MGB
2022-05-10 16:51:30,LL,MGB
2022-05-10 16:51:30,DB,MWB
2022-05-10 16:51:31,LL,MTP
2022-05-10 16:51:31,MCM,MGB
2022-05-10 16:51:31,DB,PL
2022-05-10 16:51:31,LL,MGB
2022-05-10 16:51:31,DB,MCM
2022-05-10 16:51:31,DB,MGB
2022-05-10 16:51:31,DB,MTP
2022-05-10 16:51:31,MCM,MWB
2022-05-10 16:51:31,LL,MWB
2022-05-10 16:51:31,MGB,MTP
2022-05-10 16:51:31,MGB,PL
2022-05-10 16:51:31,DB,MWB
2022-05-10 16:51:31,LL,PL
2022-05-10 16:51:31,MWB,PL
2022-05-10 16:51:31,MCM,MTP
2022-05-10 16:51:31,DB,LL
2022-05-10 16:51:31,MGB,MWB
2022-05-10 16:51:31,MCM,PL
2022-05-10 16:51:31,MTP,PL
2022-05-10 16:51:31,MTP,MWB
2022-05-10 16:51:31,LL,MCM
2022-05-10 16:51:32,DB,MWB
2022-05-10 16:51:32,DB,PL
2022-05-10 16:51:32,DB,LL
2022-05-10 16:51:32,LL,PL
2022-05-10 16:51:32,MCM,MWB
2022-05-10 16:51:32,DB,MCM
2022-05-10 16:51:32,MWB,PL
2022-05-10 16:51:32,LL,MCM
2022-05-10 16:51:32,DB,MGB
2022-05-10 16:51:32,MGB,PL
2022-05-10 16:51:32,LL,MWB
2022-05-10 16:51:32,DB,MTP
2022-05-10 16:51:32,MGB,MTP
2022-05-10 16:51:32,MCM,PL
2022-05-10 16:51:32,MTP,MWB
2022-05-10 16:51:32,MCM,MTP
2022-05-10 16:51:32,MCM,MGB
2022-05-10 16:51:32,LL,MGB
2022-05-10 16:51:32,MGB,MWB
2022-05-10 16:51:32,MTP,PL
2022-05-10 16:51:32,LL,MTP
2022-05-10 16:51:33,MCM,PL
2022-05-10 16:51:33,LL,MCM
2022-05-10 16:51:33,MCM,MTP
2022-05-10 16:51:33,MWB,PL
2022-05-10 16:51:33,DB,MWB
2022-05-10 16:51:33,DB,MCM
2022-05-10 16:51:33,LL,MGB
2022-05-10 16:51:33,MCM,MWB
2022-05-10 16:51:33,MTP,PL
2022-05-10 16:51:33,MTP,MWB
2022-05-10 16:51:33,LL,PL
2022-05-10 16:51:33,LL,MTP
2022-05-10 16:51:33,DB,LL
2022-05-10 16:51:33,DB,MTP
2022-05-10 16:51:33,LL,MWB
2022-05-10 16:51:33,MGB,MTP
2022-05-10 16:51:33,MCM,MGB
2022-05-10 16:51:33,DB,PL
2022-05-10 16:51:33,MGB,MWB
2022-05-10 16:51:33,MGB,PL
2022-05-10 16:51:33,DB,MGB
2022-05-10 16:51:34,MCM,MTP
2022-05-10 16:51:34,DB,MWB
2022-05-10 16:51:34,MCM,MWB
2022-05-10 16:51:34,DB,MCM
2022-05-10 16:51:34,MTP,MWB
2022-05-10 16:51:34,LL,MGB
2022-05-10 16:51:34,MCM,MGB
2022-05-10 16:51:34,MGB,MTP
2022-05-10 16:51:34,MCM,PL
2022-05-10 16:51:34,DB,MGB
2022-05-10 16:51:34,DB,MTP
2022-05-10 16:51:34,MGB,PL
2022-05-10 16:51:34,DB,PL
2022-05-10 16:51:34,MTP,PL
2022-05-10 16:51:34,LL,MTP
2022-05-10 16:51:34,LL,MCM
2022-05-10 16:51:34,MGB,MWB
2022-05-10 16:51:34,LL,PL
2022-05-10 16:51:34,MWB,PL
2022-05-10 16:51:34,LL,MWB
2022-05-10 16:51:34,DB,LL
2022-05-10 16:51:35,LL,PL
2022-05-10 16:51:35,LL,MGB
2022-05-10 16:51:35,DB,MTP
2022-05-10 16:51:35,MCM,PL
2022-05-10 16:51:35,MGB,MWB
2022-05-10 16:51:35,MCM,MGB
2022-05-10 16:51:35,MCM,MWB
2022-05-10 16:51:35,MGB,MTP
2022-05-10 16:51:35,MTP,MWB
2022-05-10 16:51:35,DB,LL
2022-05-10 16:51:35,DB,MCM
2022-05-10 16:51:35,LL,MTP
2022-05-10 16:51:35,LL,MWB
2022-05-10 16:51:35,DB,MWB
2022-05-10 16:51:35,DB,MGB
2022-05-10 16:51:35,DB,PL
2022-05-10 16:51:35,LL,MCM
2022-05-10 16:51:35,MCM,MTP
2022-05-10 16:51:35,MTP,PL
2022-05-10 16:51:35,MGB,PL
2022-05-10 16:51:35,MWB,PL
2022-05-10 16:51:36,LL,MTP
2022-05-10 16:51:36,MGB,MWB
2022-05-10 16:51:36,MTP,PL
2022-05-10 16:51:36,MCM,MTP
2022-05-10 16:51:36,DB,MWB
2022-05-10 16:51:36,MCM,MGB
2022-05-10 16:51:36,DB,PL
2022-05-10 16:51:36,LL,MGB
2022-05-10 16:51:36,DB,MTP
2022-05-10 16:51:36,MGB,PL
2022-05-10 16:51:36,DB,MCM
2022-05-10 16:51:36,LL,MCM
2022-05-10 16:51:36,MWB,PL
2022-05-10 16:51:36,DB,MGB
2022-05-10 16:51:36,MCM,PL
2022-05-10 16:51:36,MCM,MWB
2022-05-10 16:51:36,LL,PL
2022-05-10 16:51:36,MTP,MWB
2022-05-10 16:51:36,MGB,MTP
2022-05-10 16:51:36,DB,LL
2022-05-10 16:51:36,LL,MWB
2022-05-10 16:51:37,DB,MGB
2022-05-10 16:51:37,DB,MWB
2022-05-10 16:51:37,DB,MTP
2022-05-10 16:51:37,LL,MWB
2022-05-10 16:51:37,MGB,PL
2022-05-10 16:51:37,DB,LL
2022-05-10 16:51:37,MCM,PL
2022-05-10 16:51:37,MCM,MWB
2022-05-10 16:51:37,LL,MGB
2022-05-10 16:51:37,MCM,MGB
2022-05-10 16:51:37,MWB,PL
2022-05-10 16:51:37,LL,PL
2022-05-10 16:51:37,MTP,MWB
2022-05-10 16:51:37,MTP,PL
2022-05-10 16:51:37,DB,PL
2022-05-10 16:51:37,LL,MTP
2022-05-10 16:51:37,MCM,MTP
2022-05-10 16:51:37,MGB,MTP
2022-05-10 16:51:37,LL,MCM
2022-05-10 16:51:37,MGB,MWB
2022-05-10 16:51:37,DB,MCM
2022-05-10 16:51:38,MTP,PL
2022-05-10 16:51:38,MTP,MWB
2022-05-10 16:51:38,DB,PL
2022-05-10 16:51:38,MCM,MWB
2022-05-10 16:51:38,DB,MWB
2022-05-10 16:51:38,LL,PL
2022-05-10 16:51:38,MCM,PL
2022-05-10 16:51:38,MWB,PL
2022-05-10 16:51:38,LL,MCM
2022-05-10 16:51:38,DB,LL
2022-05-10 16:51:38,DB,MGB
2022-05-10 16:51:38,LL,MGB
2022-05-10 16:51:38,MGB,PL
2022-05-10 16:51:38,DB,MCM
2022-05-10 16:51:38,DB,MTP
2022-05-10 16:51:38,MCM,MTP
2022-05-10 16:51:38,LL,MWB
2022-05-10 16:51:38,MGB,MWB
2022-05-10 16:51:38,MCM,MGB
2022-05-10 16:51:38,MGB,MTP
2022-05-10 16:51:38,LL,MTP
2022-05-10 16:51:39,MCM,MTP
2022-05-10 16:51:39,LL,MCM
2022-05-10 16:51:39,MCM,MWB
2022-05-10 16:51:39,MCM,MGB
2022-05-10 16:51:39,MWB,PL
2022-05-10 16:51:39,LL,PL
2022-05-10 16:51:39,DB,LL
2022-05-10 16:51:39,DB,MWB
2022-05-10 16:51:39,LL,MTP
2022-05-10 16:51:39,DB,MCM
2022-05-10 16:51:39,MGB,MWB
2022-05-10 16:51:39,MCM,PL
2022-05-10 16:51:39,MTP,MWB
2022-05-10 16:51:39,LL,MGB
2022-05-10 16:51:39,MGB,PL
2022-05-10 16:51:39,DB,PL
2022-05-10 16:51:39,DB,MTP
2022-05-10 16:51:39,MTP,PL
2022-05-10 16:51:39,LL,MWB
2022-05-10 16:51:39,DB,MGB
2022-05-10 16:51:39,MGB,MTP
2022-05-10 16:51:40,DB,MGB
2022-05-10 16:51:40,LL,MWB
2022-05-10 16:51:40,LL,MGB
2022-05-10 16:51:40,LL,MCM
2022-05-10 16:51:40,DB,LL
2022-05-10 16:51:40,MTP,PL
2022-05-10 16:51:40,MCM,PL
2022-05-10 16:51:40,MCM,MGB
2022-05-10 16:51:40,MGB,PL
2022-05-10 16:51:40,MGB,MWB
2022-05-10 16:51:40,DB,MTP
2022-05-10 16:51:40,MGB,MTP
2022-05-10 16:51:40,MTP,MWB
2022-05-10 16:51:40,DB,PL
2022-05-10 16:51:40,LL,MTP
2022-05-10 16:51:40,MCM,MTP
2022-05-10 16:51:40,LL,PL
2022-05-10 16:51:40,DB,MWB
2022-05-10 16:51:40,MWB,PL
2022-05-10 16:51:40,MCM,MWB
2022-05-10 16:51:40,DB,MCM
2022-05-10 16:51:41,LL,PL
2022-05-10 16:51:41,MGB,PL
2022-05-10 16:51:41,MCM,PL
2022-05-10 16:51:41,MTP,MWB
2022-05-10 16:51:41,MCM,MWB
2022-05-10 16:51:41,MTP,PL
2022-05-10 16:51:41,MCM,MGB
2022-05-10 16:51:41,MGB,MWB
2022-05-10 16:51:41,LL,MGB
2022-05-10 16:51:41,MGB,MTP
2022-05-10 16:51:41,LL,MWB
2022-05-10 16:51:41,LL,MTP
2022-05-10 16:51:41,DB,PL
2022-05-10 16:51:41,DB,MWB
2022-05-10 16:51:41,LL,MCM
2022-05-10 16:51:41,DB,LL
2022-05-10 16:51:41,DB,MCM
2022-05-10 16:51:41,MWB,PL
2022-05-10 16:51:41,DB,MTP
2022-05-10 16:51:41,MCM,MTP
2022-05-10 16:51:41,DB,MGB
2022-05-10 16:51:42,DB,MCM
2022-05-10 16:51:42,DB,MWB
2022-05-10 16:51:42,LL,PL
2022-05-10 16:51:42,MCM,MGB
2022-05-10 16:51:42,MTP,MWB
2022-05-10 16:51:42,MCM,MTP
2022-05-10 16:51:42,DB,PL
2022-05-10 16:51:42,DB,MTP
2022-05-10 16:51:42,MWB,PL
2022-05-10 16:51:42,LL,MTP
2022-05-10 16:51:42,MTP,PL
2022-05-10 16:51:42,LL,MWB
2022-05-10 16:51:42,LL,MCM
2022-05-10 16:51:42,LL,MGB
2022-05-10 16:51:42,DB,LL
2022-05-10 16:51:42,DB,MGB
2022-05-10 16:51:42,MCM,PL
2022-05-10 16:51:42,MGB,PL
2022-05-10 16:51:42,MCM,MWB
2022-05-10 16:51:42,MGB,MWB
2022-05-10 16:51:42,MGB,MTP
2022-05-10 16:51:43,MGB,MWB
2022-05-10 16:51:43,LL,MGB
2022-05-10 16:51:43,LL,MTP
2022-05-10 16:51:43,MCM,MGB
2022-05-10 16:51:43,DB,MTP
2022-05-10 16:51:43,MGB,PL
2022-05-10 16:51:43,LL,MWB
2022-05-10 16:51:43,MCM,MTP
2022-05-10 16:51:43,LL,MCM
2022-05-10 16:51:43,DB,PL
2022-05-10 16:51:43,MTP,MWB
2022-05-10 16:51:43,MTP,PL
2022-05-10 16:51:43,DB,MCM
2022-05-10 16:51:43,LL,PL
2022-05-10 16:51:43,DB,MWB
2022-05-10 16:51:43,MWB,PL
2022-05-10 16:51:43,MCM,PL
2022-05-10 16:51:43,MCM,MWB
2022-05-10 16:51:43,MGB,MTP
2022-05-10 16:51:43,DB,LL
2022-05-10 16:51:43,DB,MGB
2022-05-10 16:51:44,MCM,PL
2022-05-10 16:51:44,MGB,PL
2022-05-10 16:51:44,DB,MCM
2022-05-10 16:51:44,LL,MGB
2022-05-10 16:51:44,MCM,MWB
2022-05-10 16:51:44,DB,MTP
2022-05-10 16:51:44,MWB,PL
2022-05-10 16:51:44,MTP,PL
2022-05-10 16:51:44,LL,MWB
2022-05-10 16:51:44,DB,MGB
2022-05-10 16:51:44,MTP,MWB
2022-05-10 16:51:44,MCM,MTP
2022-05-10 16:51:44,DB,MWB
2022-05-10 16:51:44,MGB,MTP
2022-05-10 16:51:44,MGB,MWB
2022-05-10 16:51:44,LL,MTP
2022-05-10 16:51:44,LL,PL
2022-05-10 16:51:44,DB,PL
2022-05-10 16:51:44,MCM,MGB
2022-05-10 16:51:44,LL,MCM
2022-05-10 16:51:44,DB,LL
2022-05-10 16:51:45,DB,LL
2022-05-10 16:51:45,LL,MWB
2022-05-10 16:51:45,MCM,MWB
2022-05-10 16:51:45,MCM,PL
2022-05-10 16:51:45,LL,PL
2022-05-10 16:51:45,MTP,MWB
2022-05-10 16:51:45,DB,MWB
2022-05-10 16:51:45,LL,MGB
2022-05-10 16:51:45,DB,MGB
2022-05-10 16:51:45,MCM,MGB
2022-05-10 16:51:45,DB,MTP
2022-05-10 16:51:45,MTP,PL
2022-05-10 16:51:45,MCM,MTP
2022-05-10 16:51:45,LL,MTP
2022-05-10 16:51:45,LL,MCM
2022-05-10 16:51:45,MGB,MTP
2022-05-10 16:51:45,DB,MCM
2022-05-10 16:51:45,MGB,MWB
2022-05-10 16:51:45,MGB,PL
2022-05-10 16:51:45,DB,PL
2022-05-10 16:51:45,MWB,PL
2022-05-10 16:51:46,DB,MWB
2022-05-10 16:51:46,LL,MTP
2022-05-10 16:51:46,MCM,PL
2022-05-10 16:51:46,MCM,MWB
2022-05-10 16:51:46,DB,MCM
2022-05-10 16:51:46,DB,LL
2022-05-10 16:51:46,MGB,MWB
2022-05-10 16:51:46,DB,PL
2022-05-10 16:51:46,MCM,MTP
2022-05-10 16:51:46,LL,MWB
2022-05-10 16:51:46,MCM,MGB
2022-05-10 16:51:46,MGB,MTP
2022-05-10 16:51:46,DB,MGB
2022-05-10 16:51:46,DB,MTP
2022-05-10 16:51:46,MTP,MWB
2022-05-10 16:51:46,LL,MGB
2022-05-10 16:51:46,LL,MCM
2022-05-10 16:51:46,MWB,PL
2022-05-10 16:51:46,LL,PL
2022-05-10 16:51:46,MGB,PL
2022-05-10 16:51:46,MTP,PL
2022-05-10 16:51:47,MTP,MWB
2022-05-10 16:51:47,DB,MTP
2022-05-10 16:51:47,DB,MGB
2022-05-10 16:51:47,MWB,PL
2022-05-10 16:51:47,DB,MWB
2022-05-10 16:51:47,LL,MGB
2022-05-10 16:51:47,MCM,PL
2022-05-10 16:51:47,LL,MCM
2022-05-10 16:51:47,LL,MTP
2022-05-10 16:51:47,LL,PL
2022-05-10 16:51:47,MGB,PL
2022-05-10 16:51:47,MGB,MTP
2022-05-10 16:51:47,LL,MWB
2022-05-10 16:51:47,MCM,MGB
2022-05-10 16:51:47,MGB,MWB
2022-05-10 16:51:47,MTP,PL
2022-05-10 16:51:47,DB,LL
2022-05-10 16:51:47,DB,PL
2022-05-10 16:51:47,MCM,MTP
2022-05-10 16:51:47,MCM,MWB
2022-05-10 16:51:47,DB,MCM
2022-05-10 16:51:48,DB,MGB
2022-05-10 16:51:48,MCM,PL
2022-05-10 16:51:48,MGB,MTP
2022-05-10 16:51:48,LL,MWB
2022-05-10 16:51:48,DB,MWB
2022-05-10 16:51:48,MWB,PL
2022-05-10 16:51:48,MCM,MGB
2022-05-10 16:51:48,MTP,MWB
2022-05-10 16:51:48,MCM,MTP
2022-05-10 16:51:48,DB,MTP
2022-05-10 16:51:48,DB,MCM
2022-05-10 16:51:48,MGB,MWB
2022-05-10 16:51:48,DB,LL
2022-05-10 16:51:48,MTP,PL
2022-05-10 16:51:48,MGB,PL
2022-05-10 16:51:48,MCM,MWB
2022-05-10 16:51:48,LL,MGB
2022-05-10 16:51:48,DB,PL
2022-05-10 16:51:48,LL,MCM
2022-05-10 16:51:48,LL,PL
2022-05-10 16:51:48,LL,MTP
2022-05-10 16:51:49,DB,PL
2022-05-10 16:51:49,LL,MGB
2022-05-10 16:51:49,LL,MTP
2022-05-10 16:51:49,MCM,PL
2022-05-10 16:51:49,DB,MGB
2022-05-10 16:51:49,DB,MWB
2022-05-10 16:51:49,DB,MCM
2022-05-10 16:51:49,MTP,PL
2022-05-10 16:51:49,DB,MTP
2022-05-10 16:51:49,MWB,PL
2022-05-10 16:51:49,MCM,MTP
2022-05-10 16:51:49,MCM,MWB
2022-05-10 16:51:49,MCM,MGB
2022-05-10 16:51:49,DB,LL
2022-05-10 16:51:49,MGB,MTP
2022-05-10 16:51:49,MGB,PL
2022-05-10 16:51:49,LL,PL
2022-05-10 16:51:49,LL,MWB
2022-05-10 16:51:49,LL,MCM
2022-05-10 16:51:49,MTP,MWB
2022-05-10 16:51:49,MGB,MWB
2022-05-10 16:51:50,MCM,MWB
2022-05-10 16:51:50,MTP,PL
2022-05-10 16:51:50,MGB,MWB
2022-05-10 16:51:50,DB,MCM
2022-05-10 16:51:50,MCM,MGB
2022-05-10 16:51:50,LL,MCM
2022-05-10 16:51:50,MGB,PL
2022-05-10 16:51:50,MCM,PL
2022-05-10 16:51:50,DB,MWB
2022-05-10 16:51:50,LL,MGB
2022-05-10 16:51:50,LL,MTP
2022-05-10 16:51:50,DB,PL
2022-05-10 16:51:50,MCM,MTP
2022-05-10 16:51:50,DB,MTP
2022-05-10 16:51:50,MWB,PL
2022-05-10 16:51:50,DB,LL
2022-05-10 16:51:50,DB,MGB
2022-05-10 16:51:50,MGB,MTP
2022-05-10 16:51:50,MTP,MWB
2022-05-10 16:51:50,LL,PL
2022-05-10 16:51:50,LL,MWB
2022-05-10 16:51:51,LL,MGB
2022-05-10 16:51:51,MTP,PL
2022-05-10 16:51:51,MCM,MTP
2022-05-10 16:51:51,DB,MTP
2022-05-10 16:51:51,DB,PL
2022-05-10 16:51:51,LL,MTP
2022-05-10 16:51:51,MTP,MWB
2022-05-10 16:51:51,MCM,MGB
2022-05-10 16:51:51,LL,MWB
2022-05-10 16:51:51,MGB,MTP
2022-05-10 16:51:51,DB,MCM
2022-05-10 16:51:51,LL,MCM
2022-05-10 16:51:51,MCM,PL
2022-05-10 16:51:51,MCM,MWB
2022-05-10 16:51:51,MGB,PL
2022-05-10 16:51:51,LL,PL
2022-05-10 16:51:51,MGB,MWB
2022-05-10 16:51:51,DB,LL
2022-05-10 16:51:51,MWB,PL
2022-05-10 16:51:51,DB,MWB
2022-05-10 16:51:51,DB,MGB
2022-05-10 16:51:52,DB,LL
2022-05-10 16:51:52,LL,MWB
2022-05-10 16:51:52,DB,MTP
2022-05-10 16:51:52,MGB,MTP
2022-05-10 16:51:52,LL,PL
2022-05-10 16:51:52,MCM,MWB
2022-05-10 16:51:52,MCM,MGB
2022-05-10 16:51:52,MTP,PL
2022-05-10 16:51:52,MWB,PL
2022-05-10 16:51:52,MCM,MTP
2022-05-10 16:51:52,MGB,MWB
2022-05-10 16:51:52,MTP,MWB
2022-05-10 16:51:52,LL,MTP
2022-05-10 16:51:52,DB,MWB
2022-05-10 16:51:52,DB,PL
2022-05-10 16:51:52,DB,MGB
2022-05-10 16:51:52,DB,MCM
2022-05-10 16:51:52,LL,MCM
2022-05-10 16:51:52,MCM,PL
2022-05-10 16:51:52,MGB,PL
2022-05-10 16:51:52,LL,MGB
2022-05-10 16:51:53,LL,MWB
2022-05-10 16:51:53,DB,MCM
2022-05-10 16:51:53,LL,MGB
2022-05-10 16:51:53,LL,PL
2022-05-10 16:51:53,MCM,PL
2022-05-10 16:51:53,MWB,PL
2022-05-10 16:51:53,MTP,PL
2022-05-10 16:51:53,LL,MTP
2022-05-10 16:51:53,LL,MCM
2022-05-10 16:51:53,MGB,PL
2022-05-10 16:51:53,MGB,MWB
2022-05-10 16:51:53,DB,LL
2022-05-10 16:51:53,DB,MWB
2022-05-10 16:51:53,DB,PL
2022-05-10 16:51:53,DB,MTP
2022-05-10 16:51:53,MCM,MGB
2022-05-10 16:51:53,DB,MGB
2022-05-10 16:51:53,MTP,MWB
2022-05-10 16:51:53,MCM,MWB
2022-05-10 16:51:53,MGB,MTP
2022-05-10 16:51:53,MCM,MTP
2022-05-10 16:51:54,MGB,PL
2022-05-10 16:51:54,DB,MCM
2022-05-10 16:51:54,MGB,MTP
2022-05-10 16:51:54,DB,MWB
2022-05-10 16:51:54,LL,MTP
2022-05-10 16:51:54,MCM,MWB
2022-05-10 16:51:54,MTP,MWB
2022-05-10 16:51:54,LL,MWB
2022-05-10 16:51:54,LL,MCM
2022-05-10 16:51:54,MGB,MWB
2022-05-10 16:51:54,DB,LL
2022-05-10 16:51:54,LL,PL
2022-05-10 16:51:54,MCM,MGB
2022-05-10 16:51:54,MTP,PL
2022-05-10 16:51:54,MWB,PL
2022-05-10 16:51:54,MCM,MTP
2022-05-10 16:51:54,LL,MGB
2022-05-10 16:51:54,MCM,PL
2022-05-10 16:51:54,DB,MGB
2022-05-10 16:51:54,DB,MTP
2022-05-10 16:51:54,DB,PL
2022-05-10 16:51:55,LL,MGB
2022-05-10 16:51:55,MTP,MWB
2022-05-10 16:51:55,MCM,MTP
2022-05-10 16:51:55,MGB,MTP
2022-05-10 16:51:55,DB,MCM
2022-05-10 16:51:55,MCM,MGB
2022-05-10 16:51:55,MCM,PL
2022-05-10 16:51:55,MGB,PL
2022-05-10 16:51:55,DB,MTP
2022-05-10 16:51:55,MWB,PL
2022-05-10 16:51:55,LL,MTP
2022-05-10 16:51:55,DB,PL
2022-05-10 16:51:55,LL,MWB
2022-05-10 16:51:55,MCM,MWB
2022-05-10 16:51:55,DB,MWB
2022-05-10 16:51:55,LL,PL
2022-05-10 16:51:55,LL,MCM
2022-05-10 16:51:55,DB,LL
2022-05-10 16:51:55,DB,MGB
2022-05-10 16:51:55,MGB,MWB
2022-05-10 16:51:55,MTP,PL
2022-05-10 16:51:56,MCM,MGB
2022-05-10 16:51:56,DB,MGB
2022-05-10 16:51:56,LL,PL
2022-05-10 16:51:56,LL,MCM
2022-05-10 16:51:56,MTP,PL
2022-05-10 16:51:56,MWB,PL
2022-05-10 16:51:56,MCM,MWB
2022-05-10 16:51:56,LL,MTP
2022-05-10 16:51:56,MTP,MWB
2022-05-10 16:51:56,MCM,MTP
2022-05-10 16:51:56,MCM,PL
2022-05-10 16:51:56,DB,MTP
2022-05-10 16:51:56,MGB,MTP
2022-05-10 16:51:56,LL,MGB
2022-05-10 16:51:56,MGB,MWB
2022-05-10 16:51:56,DB,LL
2022-05-10 16:51:56,DB,MWB
2022-05-10 16:51:56,DB,PL
2022-05-10 16:51:56,DB,MCM
2022-05-10 16:51:56,LL,MWB
2022-05-10 16:51:56,MGB,PL
2022-05-10 16:51:57,DB,PL
2022-05-10 16:51:57,MWB,PL
2022-05-10 16:51:57,LL,MWB
2022-05-10 16:51:57,MCM,PL
2022-05-10 16:51:57,MGB,PL
2022-05-10 16:51:57,MCM,MTP
2022-05-10 16:51:57,DB,LL
2022-05-10 16:51:57,LL,MTP
2022-05-10 16:51:57,LL,PL
2022-05-10 16:51:57,MCM,MGB
2022-05-10 16:51:57,DB,MWB
2022-05-10 16:51:57,MGB,MTP
2022-05-10 16:51:57,MCM,MWB
2022-05-10 16:51:57,MTP,PL
2022-05-10 16:51:57,DB,MGB
2022-05-10 16:51:57,MGB,MWB
2022-05-10 16:51:57,LL,MCM
2022-05-10 16:51:57,LL,MGB
2022-05-10 16:51:57,DB,MTP
2022-05-10 16:51:57,DB,MCM
2022-05-10 16:51:57,MTP,MWB
2022-05-10 16:51:58,LL,MTP
2022-05-10 16:51:58,MCM,MGB
2022-05-10 16:51:58,MGB,MTP
2022-05-10 16:51:58,LL,MCM
2022-05-10 16:51:58,MTP,MWB
2022-05-10 16:51:58,DB,MWB
2022-05-10 16:51:58,DB,PL
2022-05-10 16:51:58,DB,MCM
2022-05-10 16:51:58,DB,MGB
2022-05-10 16:51:58,LL,PL
2022-05-10 16:51:58,MGB,MWB
2022-05-10 16:51:58,LL,MGB
2022-05-10 16:51:58,DB,LL
2022-05-10 16:51:58,MCM,MWB
2022-05-10 16:51:58,MGB,PL
2022-05-10 16:51:58,LL,MWB
2022-05-10 16:51:58,MCM,PL
2022-05-10 16:51:58,MCM,MTP
2022-05-10 16:51:58,MWB,PL
2022-05-10 16:51:58,DB,MTP
2022-05-10 16:51:58,MTP,PL
2022-05-10 16:51:59,MGB,PL
2022-05-10 16:51:59,MTP,MWB
2022-05-10 16:51:59,MTP,PL
2022-05-10 16:51:59,MGB,MTP
2022-05-10 16:51:59,MCM,MGB
2022-05-10 16:51:59,MWB,PL
2022-05-10 16:51:59,DB,MTP
2022-05-10 16:51:59,DB,LL
2022-05-10 16:51:59,LL,MCM
2022-05-10 16:51:59,LL,MTP
2022-05-10 16:51:59,MCM,MWB
2022-05-10 16:51:59,DB,MWB
2022-05-10 16:51:59,DB,PL
2022-05-10 16:51:59,MGB,MWB
2022-05-10 16:51:59,LL,MGB
2022-05-10 16:51:59,MCM,MTP
2022-05-10 16:51:59,LL,MWB
2022-05-10 16:51:59,DB,MCM
2022-05-10 16:51:59,LL,PL
2022-05-10 16:51:59,DB,MGB
2022-05-10 16:51:59,MCM,PL
2022-05-10 16:52:00,MTP,MWB
2022-05-10 16:52:00,MCM,PL
2022-05-10 16:52:00,LL,MTP
2022-05-10 16:52:00,DB,PL
2022-05-10 16:52:00,DB,MTP
2022-05-10 16:52:00,MTP,PL
2022-05-10 16:52:00,MCM,MTP
2022-05-10 16:52:00,DB,LL
2022-05-10 16:52:00,DB,MWB
2022-05-10 16:52:00,MGB,MTP
2022-05-10 16:52:00,MGB,MWB
2022-05-10 16:52:00,MGB,PL
2022-05-10 16:52:00,MCM,MWB
2022-05-10 16:52:00,LL,MCM
2022-05-10 16:52:00,LL,MWB
2022-05-10 16:52:00,MCM,MGB
2022-05-10 16:52:00,DB,MCM
2022-05-10 16:52:00,LL,PL
2022-05-10 16:52:00,DB,MGB
2022-05-10 16:52:00,MWB,PL
2022-05-10 16:52:01,DB,LL
2022-05-10 16:52:01,MCM,PL
2022-05-10 16:52:01,LL,MWB
2022-05-10 16:52:01,DB,MGB
2022-05-10 16:52:01,MCM,MGB
2022-05-10 16:52:01,MTP,MWB
2022-05-10 16:52:01,DB,PL
2022-05-10 16:52:01,MWB,PL
2022-05-10 16:52:01,MGB,PL
2022-05-10 16:52:01,MTP,PL
2022-05-10 16:52:01,MCM,MWB
2022-05-10 16:52:01,LL,MTP
2022-05-10 16:52:01,MGB,MWB
2022-05-10 16:52:01,DB,MWB
2022-05-10 16:52:01,DB,MCM
2022-05-10 16:52:01,LL,MCM
2022-05-10 16:52:01,LL,PL
2022-05-10 16:52:01,MGB,MTP
2022-05-10 16:52:01,DB,MTP
2022-05-10 16:52:01,MCM,MTP
2022-05-10 16:52:02,MCM,MTP
2022-05-10 16:52:02,DB,MGB
2022-05-10 16:52:02,MCM,PL
2022-05-10 16:52:02,MGB,MWB
2022-05-10 16:52:02,DB,PL
2022-05-10 16:52:02,LL,MWB
2022-05-10 16:52:02,LL,PL
2022-05-10 16:52:02,DB,LL
2022-05-10 16:52:02,LL,MTP
2022-05-10 16:52:02,MCM,MWB
2022-05-10 16:52:02,MTP,PL
2022-05-10 16:52:02,DB,MCM
2022-05-10 16:52:02,DB,MWB
2022-05-10 16:52:02,MGB,MTP
2022-05-10 16:52:02,DB,MTP
2022-05-10 16:52:02,MCM,MGB
2022-05-10 16:52:02,LL,MCM
2022-05-10 16:52:02,MTP,MWB
2022-05-10 16:52:02,MGB,PL
2022-05-10 16:52:02,MWB,PL
2022-05-10 16:52:03,MGB,MWB
2022-05-10 16:52:03,LL,MCM
2022-05-10 16:52:03,MCM,MWB
2022-05-10 16:52:03,MTP,PL
2022-05-10 16:52:03,LL,MWB
2022-05-10 16:52:03,MCM,PL
2022-05-10 16:52:03,MCM,MTP
2022-05-10 16:52:03,DB,LL
2022-05-10 16:52:03,DB,MTP
2022-05-10 16:52:03,MWB,PL
2022-05-10 16:52:03,MGB,PL
2022-05-10 16:52:03,MCM,MGB
2022-05-10 16:52:03,MGB,MTP
2022-05-10 16:52:03,LL,MTP
2022-05-10 16:52:03,DB,MWB
2022-05-10 16:52:03,DB,MCM
2022-05-10 16:52:03,LL,PL
2022-05-10 16:52:03,MTP,MWB
2022-05-10 16:52:03,DB,PL
2022-05-10 16:52:03,DB,MGB
2022-05-10 16:52:04,MCM,MWB
2022-05-10 16:52:04,MTP,PL
2022-05-10 16:52:04,DB,MCM
2022-05-10 16:52:04,MCM,MGB
2022-05-10 16:52:04,MGB,MTP
2022-05-10 16:52:04,MGB,MWB
2022-05-10 16:52:04,MWB,PL
2022-05-10 16:52:04,LL,MCM
2022-05-10 16:52:04,MGB,PL
2022-05-10 16:52:04,DB,MGB
2022-05-10 16:52:04,MTP,MWB
2022-05-10 16:52:04,DB,MWB
2022-05-10 16:52:04,DB,MTP
2022-05-10 16:52:04,MCM,PL
2022-05-10 16:52:04,DB,PL
2022-05-10 16:52:04,LL,MWB
2022-05-10 16:52:04,LL,PL
2022-05-10 16:52:04,LL,MTP
2022-05-10 16:52:04,MCM,MTP
2022-05-10 16:52:04,DB,LL
2022-05-10 16:52:05,LL,MWB
2022-05-10 16:52:05,DB,PL
2022-05-10 16:52:05,DB,LL
2022-05-10 16:52:05,MGB,MWB
2022-05-10 16:52:05,LL,MTP
2022-05-10 16:52:05,DB,MGB
2022-05-10 16:52:05,MTP,PL
2022-05-10 16:52:05,DB,MWB
2022-05-10 16:52:05,MCM,MWB
2022-05-10 16:52:05,DB,MCM
2022-05-10 16:52:05,MCM,MTP
2022-05-10 16:52:05,LL,MCM
2022-05-10 16:52:05,MCM,MGB
2022-05-10 16:52:05,MGB,MTP
2022-05-10 16:52:05,MCM,PL
2022-05-10 16:52:05,MTP,MWB
2022-05-10 16:52:05,LL,PL
2022-05-10 16:52:05,MGB,PL
2022-05-10 16:52:05,DB,MTP
2022-05-10 16:52:05,MWB,PL
2022-05-10 16:52:06,DB,MGB
2022-05-10 16:52:06,MCM,MWB
2022-05-10 16:52:06,DB,MTP
2022-05-10 16:52:06,DB,MCM
2022-05-10 16:52:06,MCM,PL
2022-05-10 16:52:06,MCM,MTP
2022-05-10 16:52:06,DB,LL
2022-05-10 16:52:06,LL,MCM
2022-05-10 16:52:06,MTP,PL
2022-05-10 16:52:06,MGB,MTP
2022-05-10 16:52:06,MTP,MWB
2022-05-10 16:52:06,MGB,MWB
2022-05-10 16:52:06,MGB,PL
2022-05-10 16:52:06,DB,PL
2022-05-10 16:52:06,DB,MWB
2022-05-10 16:52:06,LL,MWB
2022-05-10 16:52:06,MCM,MGB
2022-05-10 16:52:06,MWB,PL
2022-05-10 16:52:06,LL,MTP
2022-05-10 16:52:06,LL,PL
2022-05-10 16:52:07,LL,MTP
2022-05-10 16:52:07,MCM,PL
2022-05-10 16:52:07,DB,PL
2022-05-10 16:52:07,MCM,MGB
2022-05-10 16:52:07,MTP,MWB
2022-05-10 16:52:07,DB,MGB
2022-05-10 16:52:07,DB,LL
2022-05-10 16:52:07,LL,MWB
2022-05-10 16:52:07,MCM,MTP
2022-05-10 16:52:07,DB,MWB
2022-05-10 16:52:07,MCM,MWB
2022-05-10 16:52:07,DB,MCM
2022-05-10 16:52:07,LL,PL
2022-05-10 16:52:07,LL,MCM
2022-05-10 16:52:07,MTP,PL
2022-05-10 16:52:07,MGB,PL
2022-05-10 16:52:07,DB,MTP
2022-05-10 16:52:07,MGB,MWB
2022-05-10 16:52:07,MGB,MTP
2022-05-10 16:52:07,MWB,PL
2022-05-10 16:52:08,MCM,MGB
2022-05-10 16:52:08,DB,MCM
2022-05-10 16:52:08,MCM,PL
2022-05-10 16:52:08,MGB,PL
2022-05-10 16:52:08,MCM,MTP
2022-05-10 16:52:08,MCM,MWB
2022-05-10 16:52:08,DB,MWB
2022-05-10 16:52:08,DB,LL
2022-05-10 16:52:08,DB,MGB
2022-05-10 16:52:08,MTP,MWB
2022-05-10 16:52:08,LL,PL
2022-05-10 16:52:08,LL,MTP
2022-05-10 16:52:08,LL,MWB
2022-05-10 16:52:08,LL,MCM
2022-05-10 16:52:08,DB,PL
2022-05-10 16:52:08,MGB,MWB
2022-05-10 16:52:08,MWB,PL
2022-05-10 16:52:08,MGB,MTP
2022-05-10 16:52:08,MTP,PL
2022-05-10 16:52:08,DB,MTP
2022-05-10 16:52:09,DB,MGB
2022-05-10 16:52:09,MCM,PL
2022-05-10 16:52:09,MWB,PL
2022-05-10 16:52:09,MGB,MWB
2022-05-10 16:52:09,DB,MWB
2022-05-10 16:52:09,MCM,MTP
2022-05-10 16:52:09,MCM,MWB
2022-05-10 16:52:09,MCM,MGB
2022-05-10 16:52:09,MGB,PL
2022-05-10 16:52:09,MTP,PL
2022-05-10 16:52:09,LL,MTP
2022-05-10 16:52:09,MGB,MTP
2022-05-10 16:52:09,DB,MCM
2022-05-10 16:52:09,DB,LL
2022-05-10 16:52:09,DB,PL
2022-05-10 16:52:09,DB,MTP
2022-05-10 16:52:09,MTP,MWB
2022-05-10 16:52:09,LL,PL
2022-05-10 16:52:09,LL,MWB
2022-05-10 16:52:09,LL,MCM
2022-05-10 16:52:10,MTP,PL
2022-05-10 16:52:10,MGB,MTP
2022-05-10 16:52:10,MWB,PL
2022-05-10 16:52:10,MCM,PL
2022-05-10 16:52:10,DB,MWB
2022-05-10 16:52:10,MCM,MTP
2022-05-10 16:52:10,MTP,MWB
2022-05-10 16:52:10,MCM,MGB
2022-05-10 16:52:10,LL,MCM
2022-05-10 16:52:10,DB,LL
2022-05-10 16:52:10,LL,MTP
2022-05-10 16:52:10,DB,MCM
2022-05-10 16:52:10,LL,MWB
2022-05-10 16:52:10,MGB,MWB
2022-05-10 16:52:10,LL,PL
2022-05-10 16:52:10,DB,MGB
2022-05-10 16:52:10,DB,MTP
2022-05-10 16:52:10,MGB,PL
2022-05-10 16:52:10,DB,PL
2022-05-10 16:52:10,MCM,MWB
2022-05-10 16:52:11,MTP,MWB
2022-05-10 16:52:11,MGB,PL
2022-05-10 16:52:11,DB,PL
2022-05-10 16:52:11,MCM,MTP
2022-05-10 16:52:11,MCM,MWB
2022-05-10 16:52:11,LL,MWB
2022-05-10 16:52:11,DB,LL
2022-05-10 16:52:11,LL,MCM
2022-05-10 16:52:11,LL,PL
2022-05-10 16:52:11,MCM,PL
2022-05-10 16:52:11,DB,MCM
2022-05-10 16:52:11,MWB,PL
2022-05-10 16:52:11,MGB,MTP
2022-05-10 16:52:11,DB,MGB
2022-05-10 16:52:11,DB,MWB
2022-05-10 16:52:11,MTP,PL
2022-05-10 16:52:11,MCM,MGB
2022-05-10 16:52:11,LL,MTP
2022-05-10 16:52:11,MGB,MWB
2022-05-10 16:52:11,DB,MTP
2022-05-10 16:52:12,DB,MWB
2022-05-10 16:52:12,DB,LL
2022-05-10 16:52:12,LL,MTP
2022-05-10 16:52:12,DB,MGB
2022-05-10 16:52:12,MGB,MWB
2022-05-10 16:52:12,MCM,MWB
2022-05-10 16:52:12,MCM,PL
2022-05-10 16:52:12,LL,MCM
2022-05-10 16:52:12,LL,MWB
2022-05-10 16:52:12,LL,PL
2022-05-10 16:52:12,MWB,PL
2022-05-10 16:52:12,DB,MCM
2022-05-10 16:52:12,MTP,PL
2022-05-10 16:52:12,MCM,MTP
2022-05-10 16:52:12,MGB,PL
2022-05-10 16:52:12,DB,MTP
2022-05-10 16:52:12,MGB,MTP
2022-05-10 16:52:12,MTP,MWB
2022-05-10 16:52:12,DB,PL
2022-05-10 16:52:12,MCM,MGB
2022-05-10 16:52:13,LL,MTP
2022-05-10 16:52:13,LL,MWB
2022-05-10 16:52:13,MTP,PL
2022-05-10 16:52:13,DB,PL
2022-05-10 16:52:13,LL,MCM
2022-05-10 16:52:13,MCM,PL
2022-05-10 16:52:13,MWB,PL
2022-05-10 16:52:13,DB,LL
2022-05-10 16:52:13,LL,PL
2022-05-10 16:52:13,MCM,MWB
2022-05-10 16:52:13,DB,MCM
2022-05-10 16:52:13,MGB,PL
2022-05-10 16:52:13,MCM,MTP
2022-05-10 16:52:13,MTP,MWB
2022-05-10 16:52:13,DB,MWB
2022-05-10 16:52:13,MGB,MTP
2022-05-10 16:52:13,MCM,MGB
2022-05-10 16:52:13,DB,MTP
2022-05-10 16:52:13,DB,MGB
2022-05-10 16:52:13,MGB,MWB
2022-05-10 16:52:14,MGB,MTP
2022-05-10 16:52:14,DB,PL
2022-05-10 16:52:14,MTP,MWB
2022-05-10 16:52:14,MGB,PL
2022-05-10 16:52:14,MGB,MWB
2022-05-10 16:52:14,MCM,PL
2022-05-10 16:52:14,MCM,MTP
2022-05-10 16:52:14,LL,PL
2022-05-10 16:52:14,LL,MWB
2022-05-10 16:52:14,DB,LL
2022-05-10 16:52:14,DB,MWB
2022-05-10 16:52:14,MWB,PL
2022-05-10 16:52:14,DB,MTP
2022-05-10 16:52:14,DB,MCM
2022-05-10 16:52:14,MCM,MWB
2022-05-10 16:52:14,LL,MCM
2022-05-10 16:52:14,LL,MTP
2022-05-10 16:52:14,DB,MGB
2022-05-10 16:52:14,MTP,PL
2022-05-10 16:52:14,MCM,MGB
2022-05-10 16:52:15,MCM,PL
2022-05-10 16:52:15,MGB,PL
2022-05-10 16:52:15,DB,MWB
2022-05-10 16:52:15,DB,MGB
2022-05-10 16:52:15,LL,PL
2022-05-10 16:52:15,MGB,MWB
2022-05-10 16:52:15,MTP,MWB
2022-05-10 16:52:15,DB,MCM
2022-05-10 16:52:15,MCM,MWB
2022-05-10 16:52:15,MCM,MTP
2022-05-10 16:52:15,MTP,PL
2022-05-10 16:52:15,DB,PL
2022-05-10 16:52:15,LL,MCM
2022-05-10 16:52:15,MCM,MGB
2022-05-10 16:52:15,MGB,MTP
2022-05-10 16:52:15,LL,MTP
2022-05-10 16:52:15,MWB,PL
2022-05-10 16:52:15,LL,MWB
2022-05-10 16:52:15,DB,LL
2022-05-10 16:52:15,DB,MTP
2022-05-10 16:52:16,LL,MTP
2022-05-10 16:52:16,LL,MWB
2022-05-10 16:52:16,DB,PL
2022-05-10 16:52:16,DB,MCM
2022-05-10 16:52:16,DB,MTP
2022-05-10 16:52:16,LL,PL
2022-05-10 16:52:16,MCM,PL
2022-05-10 16:52:16,DB,LL
2022-05-10 16:52:16,MTP,PL
2022-05-10 16:52:16,MWB,PL
2022-05-10 16:52:16,LL,MCM
2022-05-10 16:52:16,MGB,MTP
2022-05-10 16:52:16,DB,MGB
2022-05-10 16:52:16,MCM,MTP
2022-05-10 16:52:16,MGB,PL
2022-05-10 16:52:16,MTP,MWB
2022-05-10 16:52:16,DB,MWB
2022-05-10 16:52:16,MCM,MWB
2022-05-10 16:52:16,MGB,MWB
2022-05-10 16:52:16,MCM,MGB
2022-05-10 16:52:17,DB,MWB
2022-05-10 16:52:17,LL,MTP
2022-05-10 16:52:17,LL,MCM
2022-05-10 16:52:17,MGB,PL
2022-05-10 16:52:17,MWB,PL
2022-05-10 16:52:17,DB,PL
2022-05-10 16:52:17,DB,MCM
2022-05-10 16:52:17,DB,MTP
2022-05-10 16:52:17,DB,MGB
2022-05-10 16:52:17,MCM,MWB
2022-05-10 16:52:17,DB,LL
2022-05-10 16:52:17,MCM,PL
2022-05-10 16:52:17,MCM,MGB
2022-05-10 16:52:17,LL,MWB
2022-05-10 16:52:17,MTP,MWB
2022-05-10 16:52:17,MTP,PL
2022-05-10 16:52:17,LL,PL
2022-05-10 16:52:17,MCM,MTP
2022-05-10 16:52:17,MGB,MTP
2022-05-10 16:52:17,MGB,MWB
2022-05-10 16:52:18,DB,LL
2022-05-10 16:52:18,MCM,MTP
2022-05-10 16:52:18,MCM,PL
2022-05-10 16:52:18,LL,MCM
2022-05-10 16:52:18,MGB,MTP
2022-05-10 16:52:18,DB,PL
2022-05-10 16:52:18,LL,MWB
2022-05-10 16:52:18,LL,PL
2022-05-10 16:52:18,DB,MTP
2022-05-10 16:52:18,DB,MGB
2022-05-10 16:52:18,MGB,MWB
2022-05-10 16:52:18,DB,MCM
2022-05-10 16:52:18,MCM,MGB
2022-05-10 16:52:18,MTP,MWB
2022-05-10 16:52:18,MGB,PL
2022-05-10 16:52:18,MWB,PL
2022-05-10 16:52:18,MTP,PL
2022-05-10 16:52:18,LL,MTP
2022-05-10 16:52:18,DB,MWB
2022-05-10 16:52:18,MCM,MWB
2022-05-10 16:52:19,MCM,MGB
2022-05-10 16:52:19,LL,PL
2022-05-10 16:52:19,LL,MTP
2022-05-10 16:52:19,MCM,PL
2022-05-10 16:52:19,MGB,MTP
2022-05-10 16:52:19,DB,MTP
2022-05-10 16:52:19,MGB,PL
2022-05-10 16:52:19,DB,LL
2022-05-10 16:52:19,LL,MWB
2022-05-10 16:52:19,MWB,PL
2022-05-10 16:52:19,DB,MWB
2022-05-10 16:52:19,MGB,MWB
2022-05-10 16:52:19,DB,MCM
2022-05-10 16:52:19,LL,MCM
2022-05-10 16:52:19,MTP,MWB
2022-05-10 16:52:19,DB,PL
2022-05-10 16:52:19,MTP,PL
2022-05-10 16:52:19,DB,MGB
2022-05-10 16:52:19,MCM,MTP
2022-05-10 16:52:19,MCM,MWB
2022-05-10 16:52:20,MTP,PL
2022-05-10 16:52:20,MGB,PL
2022-05-10 16:52:20,DB,MGB
2022-05-10 16:52:20,DB,MCM
2022-05-10 16:52:20,MCM,MWB
2022-05-10 16:52:20,MCM,MGB
2022-05-10 16:52:20,DB,MTP
2022-05-10 16:52:20,DB,PL
2022-05-10 16:52:20,DB,MWB
2022-05-10 16:52:20,LL,MWB
2022-05-10 16:52:20,MTP,MWB
2022-05-10 16:52:20,MCM,PL
2022-05-10 16:52:20,MGB,MWB
2022-05-10 16:52:20,LL,MCM
2022-05-10 16:52:20,MCM,MTP
2022-05-10 16:52:20,DB,LL
2022-05-10 16:52:20,MWB,PL
2022-05-10 16:52:20,LL,PL
2022-05-10 16:52:20,MGB,MTP
2022-05-10 16:52:20,LL,MTP
2022-05-10 16:52:21,MGB,MWB
2022-05-10 16:52:21,MGB,MTP
2022-05-10 16:52:21,LL,PL
2022-05-10 16:52:21,LL,MTP
2022-05-10 16:52:21,MCM,MWB
2022-05-10 16:52:21,MCM,MTP
2022-05-10 16:52:21,DB,MCM
2022-05-10 16:52:21,DB,PL
2022-05-10 16:52:21,MTP,MWB
2022-05-10 16:52:21,LL,MCM
2022-05-10 16:52:21,MCM,MGB
2022-05-10 16:52:21,MWB,PL
2022-05-10 16:52:21,MTP,PL
2022-05-10 16:52:21,DB,MWB
2022-05-10 16:52:21,LL,MWB
2022-05-10 16:52:21,DB,LL
2022-05-10 16:52:21,MCM,PL
2022-05-10 16:52:21,DB,MTP
2022-05-10 16:52:21,MGB,PL
2022-05-10 16:52:21,DB,MGB
2022-05-10 16:52:22,DB,MGB
2022-05-10 16:52:22,MWB,PL
2022-05-10 16:52:22,LL,MCM
2022-05-10 16:52:22,LL,MTP
2022-05-10 16:52:22,LL,MWB
2022-05-10 16:52:22,MCM,MWB
2022-05-10 16:52:22,DB,MWB
2022-05-10 16:52:22,LL,PL
2022-05-10 16:52:22,MGB,MTP
2022-05-10 16:52:22,MTP,MWB
2022-05-10 16:52:22,DB,MTP
2022-05-10 16:52:22,MCM,MTP
2022-05-10 16:52:22,MGB,PL
2022-05-10 16:52:22,MCM,MGB
2022-05-10 16:52:22,DB,MCM
2022-05-10 16:52:22,MCM,PL
2022-05-10 16:52:22,DB,PL
2022-05-10 16:52:22,DB,LL
2022-05-10 16:52:22,MTP,PL
2022-05-10 16:52:22,MGB,MWB
2022-05-10 16:52:23,MTP,PL
2022-05-10 16:52:23,MTP,MWB
2022-05-10 16:52:23,LL,MCM
2022-05-10 16:52:23,DB,MCM
2022-05-10 16:52:23,MCM,MWB
2022-05-10 16:52:23,DB,MWB
2022-05-10 16:52:23,MWB,PL
2022-05-10 16:52:23,DB,MGB
2022-05-10 16:52:23,LL,MWB
2022-05-10 16:52:23,DB,PL
2022-05-10 16:52:23,MCM,MTP
2022-05-10 16:52:23,DB,MTP
2022-05-10 16:52:23,MCM,PL
2022-05-10 16:52:23,MGB,MTP
2022-05-10 16:52:23,MCM,MGB
2022-05-10 16:52:23,LL,MTP
2022-05-10 16:52:23,MGB,PL
2022-05-10 16:52:23,LL,PL
2022-05-10 16:52:23,MGB,MWB
2022-05-10 16:52:23,DB,LL
2022-05-10 16:52:24,LL,MCM
2022-05-10 16:52:24,MGB,MWB
2022-05-10 16:52:24,MCM,MWB
2022-05-10 16:52:24,MTP,PL
2022-05-10 16:52:24,LL,PL
2022-05-10 16:52:24,DB,PL
2022-05-10 16:52:24,MWB,PL
2022-05-10 16:52:24,MCM,MTP
2022-05-10 16:52:24,DB,MGB
2022-05-10 16:52:24,LL,MTP
2022-05-10 16:52:24,MGB,MTP
2022-05-10 16:52:24,DB,MCM
2022-05-10 16:52:24,DB,MWB
2022-05-10 16:52:24,DB,MTP
2022-05-10 16:52:24,MGB,PL
2022-05-10 16:52:24,MCM,MGB
2022-05-10 16:52:24,MCM,PL
2022-05-10 16:52:24,DB,LL
2022-05-10 16:52:24,LL,MWB
2022-05-10 16:52:24,MTP,MWB
2022-05-10 16:52:25,LL,PL
2022-05-10 16:52:25,DB,MCM
2022-05-10 16:52:25,MCM,MWB
2022-05-10 16:52:25,DB,MTP
2022-05-10 16:52:25,MWB,PL
2022-05-10 16:52:25,MCM,MGB
2022-05-10 16:52:25,MCM,MTP
2022-05-10 16:52:25,LL,MTP
2022-05-10 16:52:25,MGB,PL
2022-05-10 16:52:25,MGB,MTP
2022-05-10 16:52:25,MGB,MWB
2022-05-10 16:52:25,MCM,PL
2022-05-10 16:52:25,LL,MWB
2022-05-10 16:52:25,MTP,MWB
2022-05-10 16:52:25,DB,MWB
2022-05-10 16:52:25,DB,PL
2022-05-10 16:52:25,LL,MCM
2022-05-10 16:52:25,DB,LL
2022-05-10 16:52:25,MTP,PL
2022-05-10 16:52:25,DB,MGB
2022-05-10 16:52:26,MGB,MWB
2022-05-10 16:52:26,MCM,PL
2022-05-10 16:52:26,DB,LL
2022-05-10 16:52:26,MGB,PL
2022-05-10 16:52:26,DB,MTP
2022-05-10 16:52:26,DB,MGB
2022-05-10 16:52:26,MGB,MTP
2022-05-10 16:52:26,MTP,PL
2022-05-10 16:52:26,LL,PL
2022-05-10 16:52:26,LL,MCM
2022-05-10 16:52:26,MCM,MWB
2022-05-10 16:52:26,LL,MTP
2022-05-10 16:52:26,DB,MCM
2022-05-10 16:52:26,MTP,MWB
2022-05-10 16:52:26,MCM,MGB
2022-05-10 16:52:26,LL,MWB
2022-05-10 16:52:26,MWB,PL
2022-05-10 16:52:26,DB,MWB
2022-05-10 16:52:26,DB,PL
2022-05-10 16:52:26,MCM,MTP
2022-05-10 16:52:27,MTP,MWB
2022-05-10 16:52:27,DB,MCM
2022-05-10 16:52:27,DB,MTP
2022-05-10 16:52:27,MCM,MWB
2022-05-10 16:52:27,MTP,PL
2022-05-10 16:52:27,DB,LL
2022-05-10 16:52:27,DB,PL
2022-05-10 16:52:27,DB,MGB
2022-05-10 16:52:27,MGB,PL
2022-05-10 16:52:27,MCM,MGB
2022-05-10 16:52:27,MWB,PL
2022-05-10 16:52:27,LL,MCM
2022-05-10 16:52:27,DB,MWB
2022-05-10 16:52:27,MCM,PL
2022-05-10 16:52:27,LL,MTP
2022-05-10 16:52:27,LL,MWB
2022-05-10 16:52:27,MCM,MTP
2022-05-10 16:52:27,LL,PL
2022-05-10 16:52:27,MGB,MWB
2022-05-10 16:52:27,MGB,MTP
2022-05-10 16:52:28,MCM,MTP
2022-05-10 16:52:28,DB,MCM
2022-05-10 16:52:28,DB,MWB
2022-05-10 16:52:28,LL,MCM
2022-05-10 16:52:28,MGB,MTP
2022-05-10 16:52:28,MGB,PL
2022-05-10 16:52:28,MCM,MGB
2022-05-10 16:52:28,DB,MGB
2022-05-10 16:52:28,MTP,PL
2022-05-10 16:52:28,MTP,MWB
2022-05-10 16:52:28,DB,MTP
2022-05-10 16:52:28,LL,PL
2022-05-10 16:52:28,DB,PL
2022-05-10 16:52:28,MWB,PL
2022-05-10 16:52:28,DB,LL
2022-05-10 16:52:28,MCM,PL
2022-05-10 16:52:28,MGB,MWB
2022-05-10 16:52:28,MCM,MWB
2022-05-10 16:52:28,LL,MTP
2022-05-10 16:52:28,LL,MWB
2022-05-10 16:52:29,MCM,MWB
2022-05-10 16:52:29,MWB,PL
2022-05-10 16:52:29,MCM,MGB
2022-05-10 16:52:29,DB,MGB
2022-05-10 16:52:29,LL,MCM
2022-05-10 16:52:29,DB,MWB
2022-05-10 16:52:29,LL,MWB
2022-05-10 16:52:29,LL,MTP
2022-05-10 16:52:29,MCM,MTP
2022-05-10 16:52:29,MGB,MWB
2022-05-10 16:52:29,MGB,MTP
2022-05-10 16:52:29,MCM,PL
2022-05-10 16:52:29,MGB,PL
2022-05-10 16:52:29,MTP,MWB
2022-05-10 16:52:29,DB,LL
2022-05-10 16:52:29,DB,PL
2022-05-10 16:52:29,LL,PL
2022-05-10 16:52:29,DB,MTP
2022-05-10 16:52:29,MTP,PL
2022-05-10 16:52:29,DB,MCM
2022-05-10 16:52:30,MTP,PL
2022-05-10 16:52:30,MGB,MWB
2022-05-10 16:52:30,DB,MGB
2022-05-10 16:52:30,LL,MTP
2022-05-10 16:52:30,MGB,MTP
2022-05-10 16:52:30,MCM,MTP
2022-05-10 16:52:30,MCM,PL
2022-05-10 16:52:30,MGB,PL
2022-05-10 16:52:30,LL,MCM
2022-05-10 16:52:30,DB,MTP
2022-05-10 16:52:30,DB,LL
2022-05-10 16:52:30,MCM,MGB
2022-05-10 16:52:30,MWB,PL
2022-05-10 16:52:30,LL,MWB
2022-05-10 16:52:30,LL,PL
2022-05-10 16:52:30,MTP,MWB
2022-05-10 16:52:30,DB,MCM
2022-05-10 16:52:30,MCM,MWB
2022-05-10 16:52:30,DB,PL
2022-05-10 16:52:30,DB,MWB
2022-05-10 16:52:31,LL,MTP
2022-05-10 16:52:31,DB,MWB
2022-05-10 16:52:31,MGB,MTP
2022-05-10 16:52:31,DB,MCM
2022-05-10 16:52:31,MGB,MWB
2022-05-10 16:52:31,MCM,PL
2022-05-10 16:52:31,LL,MCM
2022-05-10 16:52:31,LL,PL
2022-05-10 16:52:31,MGB,PL
2022-05-10 16:52:31,DB,PL
2022-05-10 16:52:31,MTP,PL
2022-05-10 16:52:31,DB,MGB
2022-05-10 16:52:31,MCM,MTP
2022-05-10 16:52:31,DB,MTP
2022-05-10 16:52:31,MTP,MWB
2022-05-10 16:52:31,MCM,MWB
2022-05-10 16:52:31,MCM,MGB
2022-05-10 16:52:31,LL,MWB
2022-05-10 16:52:31,DB,LL
2022-05-10 16:52:31,MWB,PL
2022-05-10 16:52:32,MGB,MTP
2022-05-10 16:52:32,DB,MTP
2022-05-10 16:52:32,LL,PL
2022-05-10 16:52:32,MGB,MWB
2022-05-10 16:52:32,MWB,PL
2022-05-10 16:52:32,LL,MTP
2022-05-10 16:52:32,MTP,PL
2022-05-10 16:52:32,DB,MGB
2022-05-10 16:52:32,DB,LL
2022-05-10 16:52:32,DB,MWB
2022-05-10 16:52:32,DB,PL
2022-05-10 16:52:32,LL,MWB
2022-05-10 16:52:32,LL,MCM
2022-05-10 16:52:32,MCM,PL
2022-05-10 16:52:32,MCM,MGB
2022-05-10 16:52:32,DB,MCM
2022-05-10 16:52:32,MGB,PL
2022-05-10 16:52:32,MCM,MWB
2022-05-10 16:52:32,MCM,MTP
2022-05-10 16:52:32,MTP,MWB
2022-05-10 16:52:33,LL,MCM
2022-05-10 16:52:33,DB,MCM
2022-05-10 16:52:33,LL,MWB
2022-05-10 16:52:33,LL,MTP
2022-05-10 16:52:33,MCM,MTP
2022-05-10 16:52:33,MCM,PL
2022-05-10 16:52:33,MWB,PL
2022-05-10 16:52:33,MTP,PL
2022-05-10 16:52:33,DB,PL
2022-05-10 16:52:33,LL,PL
2022-05-10 16:52:33,DB,LL
2022-05-10 16:52:33,DB,MTP
2022-05-10 16:52:33,MCM,MGB
2022-05-10 16:52:33,MCM,MWB
2022-05-10 16:52:33,MGB,PL
2022-05-10 16:52:33,MTP,MWB
2022-05-10 16:52:33,DB,MWB
2022-05-10 16:52:33,MGB,MTP
2022-05-10 16:52:33,DB,MGB
2022-05-10 16:52:33,MGB,MWB
2022-05-10 16:52:34,MGB,PL
2022-05-10 16:52:34,MTP,MWB
2022-05-10 16:52:34,LL,MTP
2022-05-10 16:52:34,MCM,MTP
2022-05-10 16:52:34,MCM,PL
2022-05-10 16:52:34,MGB,MTP
2022-05-10 16:52:34,MGB,MWB
2022-05-10 16:52:34,DB,LL
2022-05-10 16:52:34,DB,PL
2022-05-10 16:52:34,MTP,PL
2022-05-10 16:52:34,MCM,MWB
2022-05-10 16:52:34,DB,MWB
2022-05-10 16:52:34,LL,MWB
2022-05-10 16:52:34,DB,MGB
2022-05-10 16:52:34,MCM,MGB
2022-05-10 16:52:34,DB,MCM
2022-05-10 16:52:34,DB,MTP
2022-05-10 16:52:34,LL,MCM
2022-05-10 16:52:34,LL,PL
2022-05-10 16:52:34,MWB,PL
2022-05-10 16:52:35,MCM,MWB
2022-05-10 16:52:35,DB,MGB
2022-05-10 16:52:35,MCM,MTP
2022-05-10 16:52:35,MGB,PL
2022-05-10 16:52:35,MTP,MWB
2022-05-10 16:52:35,MCM,MGB
2022-05-10 16:52:35,MCM,PL
2022-05-10 16:52:35,LL,MTP
2022-05-10 16:52:35,DB,MTP
2022-05-10 16:52:35,LL,MCM
2022-05-10 16:52:35,DB,MCM
2022-05-10 16:52:35,MGB,MTP
2022-05-10 16:52:35,LL,MWB
2022-05-10 16:52:35,MTP,PL
2022-05-10 16:52:35,MGB,MWB
2022-05-10 16:52:35,LL,PL
2022-05-10 16:52:35,MWB,PL
2022-05-10 16:52:35,DB,PL
2022-05-10 16:52:35,DB,LL
2022-05-10 16:52:35,DB,MWB
2022-05-10 16:52:36,DB,LL
2022-05-10 16:52:36,MGB,MTP
2022-05-10 16:52:36,MTP,PL
2022-05-10 16:52:36,DB,MGB
2022-05-10 16:52:36,MCM,MWB
2022-05-10 16:52:36,LL,MCM
2022-05-10 16:52:36,DB,PL
2022-05-10 16:52:36,DB,MWB
2022-05-10 16:52:36,MWB,PL
2022-05-10 16:52:36,MCM,MTP
2022-05-10 16:52:36,LL,PL
2022-05-10 16:52:36,MGB,PL
2022-05-10 16:52:36,DB,MTP
2022-05-10 16:52:36,MTP,MWB
2022-05-10 16:52:36,MGB,MWB
2022-05-10 16:52:36,LL,MTP
2022-05-10 16:52:36,MCM,PL
2022-05-10 16:52:36,LL,MWB
2022-05-10 16:52:36,DB,MCM
2022-05-10 16:52:36,MCM,MGB
2022-05-10 16:52:37,MGB,MWB
2022-05-10 16:52:37,DB,MGB
2022-05-10 16:52:37,LL,MWB
2022-05-10 16:52:37,MCM,MWB
2022-05-10 16:52:37,DB,MCM
2022-05-10 16:52:37,MTP,MWB
2022-05-10 16:52:37,MCM,MGB
2022-05-10 16:52:37,DB,LL
2022-05-10 16:52:37,LL,PL
2022-05-10 16:52:37,DB,PL
2022-05-10 16:52:37,MTP,PL
2022-05-10 16:52:37,MGB,MTP
2022-05-10 16:52:37,MGB,PL
2022-05-10 16:52:37,MCM,MTP
2022-05-10 16:52:37,MCM,PL
2022-05-10 16:52:37,DB,MTP
2022-05-10 16:52:37,LL,MCM
2022-05-10 16:52:37,MWB,PL
2022-05-10 16:52:37,LL,MTP
2022-05-10 16:52:37,DB,MWB
2022-05-10 16:52:38,MWB,PL
2022-05-10 16:52:38,DB,MCM
2022-05-10 16:52:38,MTP,MWB
2022-05-10 16:52:38,LL,MCM
2022-05-10 16:52:38,MTP,PL
2022-05-10 16:52:38,DB,PL
2022-05-10 16:52:38,MCM,MGB
2022-05-10 16:52:38,DB,MWB
2022-05-10 16:52:38,MGB,PL
2022-05-10 16:52:38,MCM,MTP
2022-05-10 16:52:38,LL,PL
2022-05-10 16:52:38,MGB,MWB
2022-05-10 16:52:38,MCM,MWB
2022-05-10 16:52:38,DB,LL
2022-05-10 16:52:38,DB,MGB
2022-05-10 16:52:38,DB,MTP
2022-05-10 16:52:38,LL,MTP
2022-05-10 16:52:38,MCM,PL
2022-05-10 16:52:38,MGB,MTP
2022-05-10 16:52:38,LL,MWB
2022-05-10 16:52:39,DB,MWB
2022-05-10 16:52:39,MCM,MGB
2022-05-10 16:52:39,LL,PL
2022-05-10 16:52:39,DB,LL
2022-05-10 16:52:39,MTP,MWB
2022-05-10 16:52:39,MCM,PL
2022-05-10 16:52:39,LL,MWB
2022-05-10 16:52:39,DB,PL
2022-05-10 16:52:39,MGB,PL
2022-05-10 16:52:39,DB,MTP
2022-05-10 16:52:39,MGB,MWB
2022-05-10 16:52:39,DB,MCM
2022-05-10 16:52:39,MCM,MWB
2022-05-10 16:52:39,LL,MTP
2022-05-10 16:52:39,DB,MGB
2022-05-10 16:52:39,MWB,PL
2022-05-10 16:52:39,MCM,MTP
2022-05-10 16:52:39,LL,MCM
2022-05-10 16:52:39,MGB,MTP
2022-05-10 16:52:39,MTP,PL
2022-05-10 16:52:40,DB,MTP
2022-05-10 16:52:40,MCM,MWB
2022-05-10 16:52:40,MCM,PL
2022-05-10 16:52:40,MTP,PL
2022-05-10 16:52:40,LL,MCM
2022-05-10 16:52:40,LL,MTP
2022-05-10 16:52:40,DB,LL
2022-05-10 16:52:40,MGB,MTP
2022-05-10 16:52:40,LL,PL
2022-05-10 16:52:40,LL,MWB
2022-05-10 16:52:40,MGB,MWB
2022-05-10 16:52:40,DB,MGB
2022-05-10 16:52:40,MCM,MGB
2022-05-10 16:52:40,DB,MWB
2022-05-10 16:52:40,MCM,MTP
2022-05-10 16:52:40,DB,MCM
2022-05-10 16:52:40,MTP,MWB
2022-05-10 16:52:40,DB,PL
2022-05-10 16:52:40,MGB,PL
2022-05-10 16:52:40,MWB,PL
2022-05-10 16:52:41,DB,MWB
2022-05-10 16:52:41,DB,PL
2022-05-10 16:52:41,MTP,PL
2022-05-10 16:52:41,MCM,MWB
2022-05-10 16:52:41,LL,PL
2022-05-10 16:52:41,LL,MCM
2022-05-10 16:52:41,DB,LL
2022-05-10 16:52:41,LL,MTP
2022-05-10 16:52:41,MGB,MTP
2022-05-10 16:52:41,MGB,MWB
2022-05-10 16:52:41,DB,MGB
2022-05-10 16:52:41,DB,MCM
2022-05-10 16:52:41,MWB,PL
2022-05-10 16:52:41,LL,MWB
2022-05-10 16:52:41,MGB,PL
2022-05-10 16:52:41,MCM,MGB
2022-05-10 16:52:41,DB,MTP
2022-05-10 16:52:41,MCM,PL
2022-05-10 16:52:41,MTP,MWB
2022-05-10 16:52:41,MCM,MTP
2022-05-10 16:52:42,MTP,MWB
2022-05-10 16:52:42,MGB,PL
2022-05-10 16:52:42,DB,PL
2022-05-10 16:52:42,MCM,MTP
2022-05-10 16:52:42,MWB,PL
2022-05-10 16:52:42,DB,MCM
2022-05-10 16:52:42,DB,MGB
2022-05-10 16:52:42,MCM,PL
2022-05-10 16:52:42,DB,MWB
2022-05-10 16:52:42,MGB,MTP
2022-05-10 16:52:42,MCM,MWB
2022-05-10 16:52:42,MGB,MWB
2022-05-10 16:52:42,MTP,PL
2022-05-10 16:52:42,MCM,MGB
2022-05-10 16:52:42,DB,MTP
2022-05-10 16:52:43,MTP,PL
2022-05-10 16:52:43,MTP,MWB
2022-05-10 16:52:43,DB,MGB
2022-05-10 16:52:43,MWB,PL
2022-05-10 16:52:43,MGB,MWB
2022-05-10 16:52:43,MCM,MGB
2022-05-10 16:52:43,DB,MTP
2022-05-10 16:52:43,DB,PL
2022-05-10 16:52:43,DB,MCM
2022-05-10 16:52:43,MGB,PL
2022-05-10 16:52:43,MCM,MWB
2022-05-10 16:52:43,MCM,MTP
2022-05-10 16:52:43,DB,MWB
2022-05-10 16:52:43,MCM,PL
2022-05-10 16:52:43,MGB,MTP
2022-05-10 16:52:44,MGB,MTP
2022-05-10 16:52:44,MCM,MWB
2022-05-10 16:52:44,MCM,PL
2022-05-10 16:52:44,DB,MCM
2022-05-10 16:52:44,MGB,MWB
2022-05-10 16:52:44,DB,MGB
2022-05-10 16:52:44,MCM,MGB
2022-05-10 16:52:44,DB,MTP
2022-05-10 16:52:44,MWB,PL
2022-05-10 16:52:44,MGB,PL
2022-05-10 16:52:44,MCM,MTP
2022-05-10 16:52:44,DB,MWB
2022-05-10 16:52:44,MTP,PL
2022-05-10 16:52:44,DB,PL
2022-05-10 16:52:44,MTP,MWB
2022-05-10 16:52:45,DB,MGB
2022-05-10 16:52:45,MCM,PL
2022-05-10 16:52:45,MWB,PL
2022-05-10 16:52:45,MGB,MTP
2022-05-10 16:52:45,MCM,MTP
2022-05-10 16:52:45,MTP,MWB
2022-05-10 16:52:45,DB,MWB
2022-05-10 16:52:45,MTP,PL
2022-05-10 16:52:45,MGB,PL
2022-05-10 16:52:45,MCM,MWB
2022-05-10 16:52:45,MGB,MWB
2022-05-10 16:52:45,DB,MTP
2022-05-10 16:52:45,DB,MCM
2022-05-10 16:52:45,DB,PL
2022-05-10 16:52:45,MCM,MGB
2022-05-10 16:52:46,MTP,MWB
2022-05-10 16:52:46,MTP,PL
2022-05-10 16:52:46,MCM,MTP
2022-05-10 16:52:46,MGB,PL
2022-05-10 16:52:46,MWB,PL
2022-05-10 16:52:46,DB,MTP
2022-05-10 16:52:46,MCM,PL
2022-05-10 16:52:46,MCM,MGB
2022-05-10 16:52:46,DB,MGB
2022-05-10 16:52:46,DB,MCM
2022-05-10 16:52:46,MGB,MWB
2022-05-10 16:52:46,MCM,MWB
2022-05-10 16:52:46,MGB,MTP
2022-05-10 16:52:46,DB,MWB
2022-05-10 16:52:46,DB,PL
2022-05-10 16:52:47,MCM,PL
2022-05-10 16:52:47,MGB,PL
2022-05-10 16:52:47,MGB,MTP
2022-05-10 16:52:47,MCM,MTP
2022-05-10 16:52:47,DB,PL
2022-05-10 16:52:47,MGB,MWB
2022-05-10 16:52:47,MWB,PL
2022-05-10 16:52:47,DB,MCM
2022-05-10 16:52:47,DB,MGB
2022-05-10 16:52:47,MTP,PL
2022-05-10 16:52:47,MTP,MWB
2022-05-10 16:52:47,DB,MTP
2022-05-10 16:52:47,MCM,MGB
2022-05-10 16:52:47,DB,MWB
2022-05-10 16:52:47,MCM,MWB
2022-05-10 16:52:48,MGB,MWB
2022-05-10 16:52:48,DB,PL
2022-05-10 16:52:48,MCM,MWB
2022-05-10 16:52:48,DB,MWB
2022-05-10 16:52:48,MCM,MGB
2022-05-10 16:52:48,DB,MTP
2022-05-10 16:52:48,MTP,PL
2022-05-10 16:52:48,MGB,PL
2022-05-10 16:52:48,DB,MCM
2022-05-10 16:52:48,MGB,MTP
2022-05-10 16:52:48,MTP,MWB
2022-05-10 16:52:48,MWB,PL
2022-05-10 16:52:48,MCM,MTP
2022-05-10 16:52:48,DB,MGB
2022-05-10 16:52:48,MCM,PL
2022-05-10 16:52:49,MCM,MWB
2022-05-10 16:52:49,MWB,PL
2022-05-10 16:52:49,DB,MCM
2022-05-10 16:52:49,MTP,PL
2022-05-10 16:52:49,MCM,PL
2022-05-10 16:52:49,DB,PL
2022-05-10 16:52:49,DB,MWB
2022-05-10 16:52:49,MGB,PL
2022-05-10 16:52:49,MGB,MWB
2022-05-10 16:52:49,MCM,MTP
2022-05-10 16:52:49,DB,MTP
2022-05-10 16:52:49,MGB,MTP
2022-05-10 16:52:49,DB,MGB
2022-05-10 16:52:49,MTP,MWB
2022-05-10 16:52:49,MCM,MGB
2022-05-10 16:52:50,MCM,MTP
2022-05-10 16:52:50,MCM,MWB
2022-05-10 16:52:50,MCM,PL
2022-05-10 16:52:50,MWB,PL
2022-05-10 16:52:50,DB,MCM
2022-05-10 16:52:50,DB,MGB
2022-05-10 16:52:50,MGB,MWB
2022-05-10 16:52:50,MCM,MGB
2022-05-10 16:52:50,MGB,MTP
2022-05-10 16:52:50,DB,MWB
2022-05-10 16:52:50,MGB,PL
2022-05-10 16:52:50,DB,MTP
2022-05-10 16:52:50,DB,PL
2022-05-10 16:52:50,MTP,MWB
2022-05-10 16:52:50,MTP,PL
2022-05-10 16:52:51,MCM,PL
2022-05-10 16:52:51,DB,PL
2022-05-10 16:52:51,DB,MTP
2022-05-10 16:52:51,MTP,MWB
2022-05-10 16:52:51,MCM,MTP
2022-05-10 16:52:51,MCM,MWB
2022-05-10 16:52:51,DB,MGB
2022-05-10 16:52:51,DB,MWB
2022-05-10 16:52:51,MCM,MGB
2022-05-10 16:52:51,MTP,PL
2022-05-10 16:52:51,MGB,PL
2022-05-10 16:52:51,MGB,MTP
2022-05-10 16:52:51,DB,MCM
2022-05-10 16:52:51,MWB,PL
2022-05-10 16:52:51,MGB,MWB
2022-05-10 16:52:52,MCM,MGB
2022-05-10 16:52:52,MGB,MWB
2022-05-10 16:52:52,MTP,MWB
2022-05-10 16:52:52,DB,MGB
2022-05-10 16:52:52,MCM,MTP
2022-05-10 16:52:52,MTP,PL
2022-05-10 16:52:52,DB,MCM
2022-05-10 16:52:52,MWB,PL
2022-05-10 16:52:52,MGB,MTP
2022-05-10 16:52:52,MCM,PL
2022-05-10 16:52:52,DB,MWB
2022-05-10 16:52:52,DB,PL
2022-05-10 16:52:52,DB,MTP
2022-05-10 16:52:52,MGB,PL
2022-05-10 16:52:52,MCM,MWB
2022-05-10 16:52:53,MCM,MGB
2022-05-10 16:52:53,MTP,MWB
2022-05-10 16:52:53,DB,PL
2022-05-10 16:52:53,DB,MGB
2022-05-10 16:52:53,DB,MWB
2022-05-10 16:52:53,MTP,PL
2022-05-10 16:52:53,MCM,MTP
2022-05-10 16:52:53,DB,MTP
2022-05-10 16:52:53,MGB,PL
2022-05-10 16:52:53,DB,MCM
2022-05-10 16:52:53,MCM,MWB
2022-05-10 16:52:53,MWB,PL
2022-05-10 16:52:53,MCM,PL
2022-05-10 16:52:53,MGB,MTP
2022-05-10 16:52:53,MGB,MWB
2022-05-10 16:52:54,MGB,PL
2022-05-10 16:52:54,MTP,PL
2022-05-10 16:52:54,DB,PL
2022-05-10 16:52:54,MWB,PL
2022-05-10 16:52:54,MCM,PL
2022-05-10 16:52:54,MGB,MTP
2022-05-10 16:52:54,DB,MWB
2022-05-10 16:52:54,DB,MCM
2022-05-10 16:52:54,DB,MTP
2022-05-10 16:52:54,MCM,MGB
2022-05-10 16:52:54,DB,MGB
2022-05-10 16:52:54,MCM,MWB
2022-05-10 16:52:54,MTP,MWB
2022-05-10 16:52:54,MCM,MTP
2022-05-10 16:52:54,MGB,MWB
2022-05-10 16:52:55,DB,MCM
2022-05-10 16:52:55,DB,MWB
2022-05-10 16:52:55,MWB,PL
2022-05-10 16:52:55,MCM,MTP
2022-05-10 16:52:55,DB,PL
2022-05-10 16:52:55,DB,MGB
2022-05-10 16:52:55,MTP,PL
2022-05-10 16:52:55,MCM,PL
2022-05-10 16:52:55,MCM,MWB
2022-05-10 16:52:55,MCM,MGB
2022-05-10 16:52:55,MGB,MWB
2022-05-10 16:52:55,MTP,MWB
2022-05-10 16:52:55,MGB,MTP
2022-05-10 16:52:55,DB,MTP
2022-05-10 16:52:55,MGB,PL
2022-05-10 16:52:56,MCM,MWB
2022-05-10 16:52:56,MWB,PL
2022-05-10 16:52:56,MTP,PL
2022-05-10 16:52:56,DB,PL
2022-05-10 16:52:56,DB,MCM
2022-05-10 16:52:56,MCM,MTP
2022-05-10 16:52:56,MGB,MWB
2022-05-10 16:52:56,MGB,MTP
2022-05-10 16:52:56,DB,MGB
2022-05-10 16:52:56,MCM,PL
2022-05-10 16:52:56,MCM,MGB
2022-05-10 16:52:56,DB,MTP
2022-05-10 16:52:56,MTP,MWB
2022-05-10 16:52:56,MGB,PL
2022-05-10 16:52:56,DB,MWB
2022-05-10 16:52:57,MCM,MTP
2022-05-10 16:52:57,MTP,PL
2022-05-10 16:52:57,DB,PL
2022-05-10 16:52:57,MGB,MTP
2022-05-10 16:52:57,MCM,PL
2022-05-10 16:52:57,MCM,MGB
2022-05-10 16:52:57,DB,MWB
2022-05-10 16:52:57,MGB,PL
2022-05-10 16:52:57,DB,MCM
2022-05-10 16:52:57,DB,MTP
2022-05-10 16:52:57,MCM,MWB
2022-05-10 16:52:57,MGB,MWB
2022-05-10 16:52:57,MTP,MWB
2022-05-10 16:52:57,DB,MGB
2022-05-10 16:52:57,MWB,PL
2022-05-10 16:52:58,MCM,MGB
2022-05-10 16:52:58,MWB,PL
2022-05-10 16:52:58,MCM,MWB
2022-05-10 16:52:58,DB,MGB
2022-05-10 16:52:58,MGB,MWB
2022-05-10 16:52:58,MCM,PL
2022-05-10 16:52:58,MGB,MTP
2022-05-10 16:52:58,MTP,MWB
2022-05-10 16:52:58,MCM,MTP
2022-05-10 16:52:58,DB,MWB
2022-05-10 16:52:58,MTP,PL
2022-05-10 16:52:58,MGB,PL
2022-05-10 16:52:58,DB,PL
2022-05-10 16:52:58,DB,MCM
2022-05-10 16:52:58,DB,MTP
2022-05-10 16:52:59,DB,MWB
2022-05-10 16:52:59,MWB,PL
2022-05-10 16:52:59,DB,MGB
2022-05-10 16:52:59,MCM,PL
2022-05-10 16:52:59,MCM,MGB
2022-05-10 16:52:59,MCM,MWB
2022-05-10 16:52:59,MCM,MTP
2022-05-10 16:52:59,MTP,MWB
2022-05-10 16:52:59,DB,MTP
2022-05-10 16:52:59,MGB,PL
2022-05-10 16:52:59,DB,MCM
2022-05-10 16:52:59,MTP,PL
2022-05-10 16:52:59,DB,PL
2022-05-10 16:52:59,MGB,MTP
2022-05-10 16:52:59,MGB,MWB
2022-05-10 16:53:00,MCM,MWB
2022-05-10 16:53:00,DB,MGB
2022-05-10 16:53:00,DB,MWB
2022-05-10 16:53:00,MGB,MWB
2022-05-10 16:53:00,DB,PL
2022-05-10 16:53:00,DB,MTP
2022-05-10 16:53:00,MGB,MTP
2022-05-10 16:53:00,MCM,PL
2022-05-10 16:53:00,MTP,MWB
2022-05-10 16:53:00,MCM,MTP
2022-05-10 16:53:00,MWB,PL
2022-05-10 16:53:00,MCM,MGB
2022-05-10 16:53:00,DB,MCM
2022-05-10 16:53:00,MTP,PL
2022-05-10 16:53:00,MGB,PL
2022-05-10 16:53:01,MCM,MTP
2022-05-10 16:53:01,DB,MTP
2022-05-10 16:53:01,DB,PL
2022-05-10 16:53:01,MTP,MWB
2022-05-10 16:53:01,DB,MWB
2022-05-10 16:53:01,MGB,PL
2022-05-10 16:53:01,DB,MGB
2022-05-10 16:53:01,MTP,PL
2022-05-10 16:53:01,MGB,MWB
2022-05-10 16:53:01,MGB,MTP
2022-05-10 16:53:01,MCM,PL
2022-05-10 16:53:01,MWB,PL
2022-05-10 16:53:01,MCM,MGB
2022-05-10 16:53:01,DB,MCM
2022-05-10 16:53:01,MCM,MWB
2022-05-10 16:53:02,MGB,MTP
2022-05-10 16:53:02,DB,MWB
2022-05-10 16:53:02,MCM,MTP
2022-05-10 16:53:02,DB,PL
2022-05-10 16:53:02,MCM,MGB
2022-05-10 16:53:02,MCM,MWB
2022-05-10 16:53:02,DB,MGB
2022-05-10 16:53:02,MGB,MWB
2022-05-10 16:53:02,MTP,MWB
2022-05-10 16:53:02,MCM,PL
2022-05-10 16:53:02,MTP,PL
2022-05-10 16:53:02,MGB,PL
2022-05-10 16:53:02,DB,MCM
2022-05-10 16:53:02,MWB,PL
2022-05-10 16:53:02,DB,MTP
2022-05-10 16:53:03,MWB,PL
2022-05-10 16:53:03,MCM,PL
2022-05-10 16:53:03,MTP,MWB
2022-05-10 16:53:03,MGB,PL
2022-05-10 16:53:03,DB,MGB
2022-05-10 16:53:03,MGB,MWB
2022-05-10 16:53:03,MTP,PL
2022-05-10 16:53:03,MCM,MTP
2022-05-10 16:53:03,DB,MTP
2022-05-10 16:53:03,MCM,MGB
2022-05-10 16:53:03,DB,PL
2022-05-10 16:53:03,DB,MWB
2022-05-10 16:53:03,MCM,MWB
2022-05-10 16:53:03,DB,MCM
2022-05-10 16:53:03,MGB,MTP
2022-05-10 16:53:04,DB,MCM
2022-05-10 16:53:04,MCM,MGB
2022-05-10 16:53:04,DB,PL
2022-05-10 16:53:04,MTP,MWB
2022-05-10 16:53:04,MCM,PL
2022-05-10 16:53:04,MTP,PL
2022-05-10 16:53:04,MGB,MTP
2022-05-10 16:53:04,MWB,PL
2022-05-10 16:53:04,MGB,PL
2022-05-10 16:53:04,DB,MGB
2022-05-10 16:53:04,MCM,MTP
2022-05-10 16:53:04,DB,MTP
2022-05-10 16:53:04,MCM,MWB
2022-05-10 16:53:04,DB,MWB
2022-05-10 16:53:04,MGB,MWB
2022-05-10 16:53:05,MWB,PL
2022-05-10 16:53:05,MCM,MTP
2022-05-10 16:53:05,MCM,MWB
2022-05-10 16:53:05,MTP,MWB
2022-05-10 16:53:05,MGB,MTP
2022-05-10 16:53:05,DB,MWB
2022-05-10 16:53:05,MCM,PL
2022-05-10 16:53:05,DB,MCM
2022-05-10 16:53:05,MCM,MGB
2022-05-10 16:53:05,MGB,MWB
2022-05-10 16:53:05,DB,PL
2022-05-10 16:53:05,MGB,PL
2022-05-10 16:53:05,DB,MGB
2022-05-10 16:53:05,DB,MTP
2022-05-10 16:53:05,MTP,PL
2022-05-10 16:53:06,DB,MCM
2022-05-10 16:53:06,MGB,PL
2022-05-10 16:53:06,MCM,MWB
2022-05-10 16:53:06,DB,MTP
2022-05-10 16:53:06,MCM,PL
2022-05-10 16:53:06,DB,MWB
2022-05-10 16:53:06,MCM,MTP
2022-05-10 16:53:06,DB,MGB
2022-05-10 16:53:06,MTP,PL
2022-05-10 16:53:06,MGB,MTP
2022-05-10 16:53:06,MWB,PL
2022-05-10 16:53:06,MGB,MWB
2022-05-10 16:53:06,MTP,MWB
2022-05-10 16:53:06,MCM,MGB
2022-05-10 16:53:06,DB,PL
2022-05-10 16:53:07,MWB,PL
2022-05-10 16:53:07,MCM,PL
2022-05-10 16:53:07,MGB,PL
2022-05-10 16:53:07,DB,MCM
2022-05-10 16:53:07,MCM,MGB
2022-05-10 16:53:07,DB,PL
2022-05-10 16:53:07,MGB,MTP
2022-05-10 16:53:07,MCM,MWB
2022-05-10 16:53:07,DB,MWB
2022-05-10 16:53:07,DB,MGB
2022-05-10 16:53:07,MTP,PL
2022-05-10 16:53:07,MTP,MWB
2022-05-10 16:53:07,MGB,MWB
2022-05-10 16:53:07,MCM,MTP
2022-05-10 16:53:07,DB,MTP
2022-05-10 16:53:08,MCM,MWB
2022-05-10 16:53:08,MGB,PL
2022-05-10 16:53:08,MCM,MTP
2022-05-10 16:53:08,MCM,MGB
2022-05-10 16:53:08,DB,MTP
2022-05-10 16:53:08,DB,MGB
2022-05-10 16:53:08,MGB,MWB
2022-05-10 16:53:08,DB,MCM
2022-05-10 16:53:08,MTP,MWB
2022-05-10 16:53:08,DB,PL
2022-05-10 16:53:08,MWB,PL
2022-05-10 16:53:08,MTP,PL
2022-05-10 16:53:08,DB,MWB
2022-05-10 16:53:08,MGB,MTP
2022-05-10 16:53:08,MCM,PL
2022-05-10 16:53:09,MGB,PL
2022-05-10 16:53:09,DB,MWB
2022-05-10 16:53:09,MTP,PL
2022-05-10 16:53:09,MTP,MWB
2022-05-10 16:53:09,DB,MGB
2022-05-10 16:53:09,DB,MTP
2022-05-10 16:53:09,MWB,PL
2022-05-10 16:53:09,MCM,MWB
2022-05-10 16:53:09,MGB,MWB
2022-05-10 16:53:09,MCM,MTP
2022-05-10 16:53:09,MCM,MGB
2022-05-10 16:53:09,DB,MCM
2022-05-10 16:53:09,MGB,MTP
2022-05-10 16:53:09,MCM,PL
2022-05-10 16:53:09,DB,PL
2022-05-10 16:53:10,MGB,MTP
2022-05-10 16:53:10,MWB,PL
2022-05-10 16:53:10,MCM,PL
2022-05-10 16:53:10,DB,MTP
2022-05-10 16:53:10,DB,MGB
2022-05-10 16:53:10,MTP,MWB
2022-05-10 16:53:10,DB,MCM
2022-05-10 16:53:10,DB,MWB
2022-05-10 16:53:10,MGB,MWB
2022-05-10 16:53:10,MTP,PL
2022-05-10 16:53:10,MCM,MWB
2022-05-10 16:53:10,MCM,MTP
2022-05-10 16:53:10,MCM,MGB
2022-05-10 16:53:10,MGB,PL
2022-05-10 16:53:10,DB,PL
2022-05-10 16:53:11,MTP,PL
2022-05-10 16:53:11,DB,MWB
2022-05-10 16:53:11,MCM,MWB
2022-05-10 16:53:11,MGB,MTP
2022-05-10 16:53:11,MCM,PL
2022-05-10 16:53:11,MTP,MWB
2022-05-10 16:53:11,MWB,PL
2022-05-10 16:53:11,DB,MTP
2022-05-10 16:53:11,DB,MCM
2022-05-10 16:53:11,DB,MGB
2022-05-10 16:53:11,DB,PL
2022-05-10 16:53:11,MCM,MGB
2022-05-10 16:53:11,MGB,MWB
2022-05-10 16:53:11,MCM,MTP
2022-05-10 16:53:11,MGB,PL
2022-05-10 16:53:12,DB,MGB
2022-05-10 16:53:12,MTP,PL
2022-05-10 16:53:12,DB,MTP
2022-05-10 16:53:12,MCM,MWB
2022-05-10 16:53:12,MTP,MWB
2022-05-10 16:53:12,MGB,PL
2022-05-10 16:53:12,DB,PL
2022-05-10 16:53:12,MWB,PL
2022-05-10 16:53:12,MCM,MTP
2022-05-10 16:53:12,MCM,PL
2022-05-10 16:53:12,MGB,MWB
2022-05-10 16:53:12,DB,MCM
2022-05-10 16:53:12,MGB,MTP
2022-05-10 16:53:12,DB,MWB
2022-05-10 16:53:12,MCM,MGB
2022-05-10 16:53:13,MTP,MWB
2022-05-10 16:53:13,MGB,MTP
2022-05-10 16:53:13,MGB,MWB
2022-05-10 16:53:13,MWB,PL
2022-05-10 16:53:13,DB,MGB
2022-05-10 16:53:13,DB,MCM
2022-05-10 16:53:13,DB,MWB
2022-05-10 16:53:13,MCM,MWB
2022-05-10 16:53:13,MTP,PL
2022-05-10 16:53:13,MGB,PL
2022-05-10 16:53:13,MCM,MTP
2022-05-10 16:53:13,DB,PL
2022-05-10 16:53:13,MCM,MGB
2022-05-10 16:53:13,MCM,PL
2022-05-10 16:53:13,DB,MTP
2022-05-10 16:53:14,DB,MCM
2022-05-10 16:53:14,MCM,PL
2022-05-10 16:53:14,DB,PL
2022-05-10 16:53:14,DB,MTP
2022-05-10 16:53:14,MWB,PL
2022-05-10 16:53:14,MGB,PL
2022-05-10 16:53:14,DB,MGB
2022-05-10 16:53:14,MTP,PL
2022-05-10 16:53:14,MGB,MWB
2022-05-10 16:53:14,MGB,MTP
2022-05-10 16:53:14,MCM,MGB
2022-05-10 16:53:14,MTP,MWB
2022-05-10 16:53:14,MCM,MWB
2022-05-10 16:53:14,MCM,MTP
2022-05-10 16:53:14,DB,MWB
2022-05-10 16:53:15,DB,PL
2022-05-10 16:53:15,MTP,MWB
2022-05-10 16:53:15,MCM,MWB
2022-05-10 16:53:15,MGB,PL
2022-05-10 16:53:15,MGB,MWB
2022-05-10 16:53:15,DB,MTP
2022-05-10 16:53:15,MCM,MGB
2022-05-10 16:53:15,MTP,PL
2022-05-10 16:53:15,DB,MGB
2022-05-10 16:53:15,MCM,PL
2022-05-10 16:53:15,MCM,MTP
2022-05-10 16:53:15,DB,MWB
2022-05-10 16:53:15,DB,MCM
2022-05-10 16:53:15,MGB,MTP
2022-05-10 16:53:15,MWB,PL
2022-05-10 16:53:16,MCM,MTP
2022-05-10 16:53:16,MCM,PL
2022-05-10 16:53:16,DB,MTP
2022-05-10 16:53:16,DB,PL
2022-05-10 16:53:16,MCM,MWB
2022-05-10 16:53:16,DB,MWB
2022-05-10 16:53:16,DB,MCM
2022-05-10 16:53:16,DB,MGB
2022-05-10 16:53:16,MTP,PL
2022-05-10 16:53:16,MGB,MTP
2022-05-10 16:53:16,MGB,MWB
2022-05-10 16:53:16,MTP,MWB
2022-05-10 16:53:16,MCM,MGB
2022-05-10 16:53:16,MWB,PL
2022-05-10 16:53:16,MGB,PL
2022-05-10 16:53:17,DB,PL
2022-05-10 16:53:17,MCM,MTP
2022-05-10 16:53:17,MCM,PL
2022-05-10 16:53:17,MCM,MGB
2022-05-10 16:53:17,DB,MCM
2022-05-10 16:53:17,MWB,PL
2022-05-10 16:53:17,MGB,MTP
2022-05-10 16:53:17,DB,MTP
2022-05-10 16:53:17,MCM,MWB
2022-05-10 16:53:17,MTP,PL
2022-05-10 16:53:17,DB,MWB
2022-05-10 16:53:17,MGB,MWB
2022-05-10 16:53:17,MTP,MWB
2022-05-10 16:53:17,DB,MGB
2022-05-10 16:53:17,MGB,PL
2022-05-10 16:53:18,MTP,MWB
2022-05-10 16:53:18,MCM,PL
2022-05-10 16:53:18,DB,MCM
2022-05-10 16:53:18,MCM,MTP
2022-05-10 16:53:18,DB,MGB
2022-05-10 16:53:18,MWB,PL
2022-05-10 16:53:18,MTP,PL
2022-05-10 16:53:18,DB,MTP
2022-05-10 16:53:18,MCM,MGB
2022-05-10 16:53:18,DB,MWB
2022-05-10 16:53:18,MGB,PL
2022-05-10 16:53:18,MCM,MWB
2022-05-10 16:53:18,MGB,MTP
2022-05-10 16:53:18,MGB,MWB
2022-05-10 16:53:18,DB,PL
2022-05-10 16:53:19,DB,MTP
2022-05-10 16:53:19,DB,MCM
2022-05-10 16:53:19,MCM,MGB
2022-05-10 16:53:19,MCM,MWB
2022-05-10 16:53:19,MCM,PL
2022-05-10 16:53:19,MCM,MTP
2022-05-10 16:53:19,MGB,MTP
2022-05-10 16:53:19,DB,MGB
2022-05-10 16:53:19,DB,PL
2022-05-10 16:53:19,MTP,PL
2022-05-10 16:53:19,MTP,MWB
2022-05-10 16:53:19,MGB,PL
2022-05-10 16:53:19,MWB,PL
2022-05-10 16:53:19,DB,MWB
2022-05-10 16:53:19,MGB,MWB
2022-05-10 16:53:20,MGB,MWB
2022-05-10 16:53:20,DB,MWB
2022-05-10 16:53:20,DB,PL
2022-05-10 16:53:20,DB,MCM
2022-05-10 16:53:20,MTP,PL
2022-05-10 16:53:20,MCM,MTP
2022-05-10 16:53:20,MGB,PL
2022-05-10 16:53:20,DB,MGB
2022-05-10 16:53:20,MCM,MGB
2022-05-10 16:53:20,MCM,PL
2022-05-10 16:53:20,MGB,MTP
2022-05-10 16:53:20,DB,MTP
2022-05-10 16:53:20,MWB,PL
2022-05-10 16:53:20,MTP,MWB
2022-05-10 16:53:20,MCM,MWB
2022-05-10 16:53:21,MGB,MWB
2022-05-10 16:53:21,MCM,PL
2022-05-10 16:53:21,MTP,PL
2022-05-10 16:53:21,DB,MGB
2022-05-10 16:53:21,DB,MWB
2022-05-10 16:53:21,DB,PL
2022-05-10 16:53:21,MGB,MTP
2022-05-10 16:53:21,MWB,PL
2022-05-10 16:53:21,MCM,MTP
2022-05-10 16:53:21,MTP,MWB
2022-05-10 16:53:21,MCM,MGB
2022-05-10 16:53:21,DB,MCM
2022-05-10 16:53:21,MGB,PL
2022-05-10 16:53:21,MCM,MWB
2022-05-10 16:53:21,DB,MTP
2022-05-10 16:53:22,DB,PL
2022-05-10 16:53:22,MGB,PL
2022-05-10 16:53:22,DB,MWB
2022-05-10 16:53:22,DB,MTP
2022-05-10 16:53:22,MCM,MGB
2022-05-10 16:53:22,MCM,PL
2022-05-10 16:53:22,MTP,MWB
2022-05-10 16:53:22,MTP,PL
2022-05-10 16:53:22,DB,MCM
2022-05-10 16:53:22,MCM,MTP
2022-05-10 16:53:22,MWB,PL
2022-05-10 16:53:22,MCM,MWB
2022-05-10 16:53:22,DB,MGB
2022-05-10 16:53:22,MGB,MWB
2022-05-10 16:53:22,MGB,MTP
2022-05-10 16:53:23,MGB,MTP
2022-05-10 16:53:23,MGB,MWB
2022-05-10 16:53:23,MTP,PL
2022-05-10 16:53:23,MTP,MWB
2022-05-10 16:53:23,MCM,PL
2022-05-10 16:53:23,DB,MCM
2022-05-10 16:53:23,MCM,MGB
2022-05-10 16:53:23,DB,MWB
2022-05-10 16:53:23,MGB,PL
2022-05-10 16:53:23,DB,PL
2022-05-10 16:53:23,DB,MTP
2022-05-10 16:53:23,MCM,MTP
2022-05-10 16:53:23,MCM,MWB
2022-05-10 16:53:23,DB,MGB
2022-05-10 16:53:23,MWB,PL
2022-05-10 16:53:24,MCM,PL
2022-05-10 16:53:24,DB,PL
2022-05-10 16:53:24,DB,MTP
2022-05-10 16:53:24,MCM,MWB
2022-05-10 16:53:24,MGB,MWB
2022-05-10 16:53:24,MWB,PL
2022-05-10 16:53:24,DB,MGB
2022-05-10 16:53:24,DB,MCM
2022-05-10 16:53:24,MCM,MGB
2022-05-10 16:53:24,DB,MWB
2022-05-10 16:53:24,MTP,MWB
2022-05-10 16:53:24,MTP,PL
2022-05-10 16:53:24,MCM,MTP
2022-05-10 16:53:24,MGB,PL
2022-05-10 16:53:24,MGB,MTP
2022-05-10 16:53:25,MGB,PL
2022-05-10 16:53:25,DB,MGB
2022-05-10 16:53:25,MTP,MWB
2022-05-10 16:53:25,MCM,MWB
2022-05-10 16:53:25,MGB,MWB
2022-05-10 16:53:25,MCM,MTP
2022-05-10 16:53:25,MTP,PL
2022-05-10 16:53:25,DB,MTP
2022-05-10 16:53:25,MCM,PL
2022-05-10 16:53:25,DB,MWB
2022-05-10 16:53:25,MCM,MGB
2022-05-10 16:53:25,MGB,MTP
2022-05-10 16:53:25,DB,PL
2022-05-10 16:53:25,MWB,PL
2022-05-10 16:53:25,DB,MCM
2022-05-10 16:53:26,DB,MGB
2022-05-10 16:53:26,MCM,PL
2022-05-10 16:53:26,DB,MTP
2022-05-10 16:53:26,MTP,PL
2022-05-10 16:53:26,DB,PL
2022-05-10 16:53:26,DB,MWB
2022-05-10 16:53:26,MGB,MWB
2022-05-10 16:53:26,MTP,MWB
2022-05-10 16:53:26,MGB,MTP
2022-05-10 16:53:26,MCM,MGB
2022-05-10 16:53:26,MWB,PL
2022-05-10 16:53:26,MCM,MWB
2022-05-10 16:53:26,MGB,PL
2022-05-10 16:53:26,MCM,MTP
2022-05-10 16:53:26,DB,MCM
2022-05-10 16:53:27,MGB,MTP
2022-05-10 16:53:27,MGB,MWB
2022-05-10 16:53:27,MCM,MWB
2022-05-10 16:53:27,MTP,MWB
2022-05-10 16:53:27,DB,MTP
2022-05-10 16:53:27,DB,PL
2022-05-10 16:53:27,MCM,MTP
2022-05-10 16:53:27,DB,MGB
2022-05-10 16:53:27,MWB,PL
2022-05-10 16:53:27,MCM,PL
2022-05-10 16:53:27,MGB,PL
2022-05-10 16:53:27,DB,MWB
2022-05-10 16:53:27,MTP,PL
2022-05-10 16:53:27,DB,MCM
2022-05-10 16:53:27,MCM,MGB
2022-05-10 16:53:28,DB,MTP
2022-05-10 16:53:28,MWB,PL
2022-05-10 16:53:28,MCM,MWB
2022-05-10 16:53:28,DB,MCM
2022-05-10 16:53:28,MGB,MWB
2022-05-10 16:53:28,DB,MWB
2022-05-10 16:53:28,MCM,PL
2022-05-10 16:53:28,MTP,PL
2022-05-10 16:53:28,MCM,MGB
2022-05-10 16:53:28,MCM,MTP
2022-05-10 16:53:28,MGB,MTP
2022-05-10 16:53:28,DB,MGB
2022-05-10 16:53:28,MTP,MWB
2022-05-10 16:53:28,DB,PL
2022-05-10 16:53:28,MGB,PL
2022-05-10 16:53:29,DB,MGB
2022-05-10 16:53:29,MGB,MTP
2022-05-10 16:53:29,DB,MCM
2022-05-10 16:53:29,DB,MWB
2022-05-10 16:53:29,MTP,PL
2022-05-10 16:53:29,MCM,PL
2022-05-10 16:53:29,DB,PL
2022-05-10 16:53:29,MGB,PL
2022-05-10 16:53:29,MCM,MGB
2022-05-10 16:53:29,DB,MTP
2022-05-10 16:53:29,MTP,MWB
2022-05-10 16:53:29,MWB,PL
2022-05-10 16:53:29,MCM,MTP
2022-05-10 16:53:29,MCM,MWB
2022-05-10 16:53:29,MGB,MWB
2022-05-10 16:53:30,DB,MTP
2022-05-10 16:53:30,MTP,PL
2022-05-10 16:53:30,MTP,MWB
2022-05-10 16:53:30,DB,MCM
2022-05-10 16:53:30,DB,MGB
2022-05-10 16:53:30,MGB,MWB
2022-05-10 16:53:30,DB,PL
2022-05-10 16:53:30,MCM,PL
2022-05-10 16:53:30,DB,MWB
2022-05-10 16:53:30,MGB,MTP
2022-05-10 16:53:30,MGB,PL
2022-05-10 16:53:30,MCM,MWB
2022-05-10 16:53:30,MCM,MGB
2022-05-10 16:53:30,MWB,PL
2022-05-10 16:53:30,MCM,MTP
2022-05-10 16:53:31,MCM,PL
2022-05-10 16:53:31,DB,MWB
2022-05-10 16:53:31,MTP,PL
2022-05-10 16:53:31,MGB,PL
2022-05-10 16:53:31,DB,MTP
2022-05-10 16:53:31,MCM,MGB
2022-05-10 16:53:31,DB,MGB
2022-05-10 16:53:31,MWB,PL
2022-05-10 16:53:31,MCM,MTP
2022-05-10 16:53:31,DB,MCM
2022-05-10 16:53:31,MGB,MTP
2022-05-10 16:53:31,MCM,MWB
2022-05-10 16:53:31,DB,PL
2022-05-10 16:53:31,MTP,MWB
2022-05-10 16:53:31,MGB,MWB
2022-05-10 16:53:32,DB,PL
2022-05-10 16:53:32,MCM,MGB
2022-05-10 16:53:32,MGB,MTP
2022-05-10 16:53:32,MCM,MWB
2022-05-10 16:53:32,MGB,PL
2022-05-10 16:53:32,DB,MGB
2022-05-10 16:53:32,DB,MWB
2022-05-10 16:53:32,MCM,PL
2022-05-10 16:53:32,MTP,MWB
2022-05-10 16:53:32,MGB,MWB
2022-05-10 16:53:32,MWB,PL
2022-05-10 16:53:32,DB,MCM
2022-05-10 16:53:32,MTP,PL
2022-05-10 16:53:32,DB,MTP
2022-05-10 16:53:32,MCM,MTP
2022-05-10 16:53:33,DB,MGB
2022-05-10 16:53:33,MCM,MTP
2022-05-10 16:53:33,DB,MCM
2022-05-10 16:53:33,MCM,MGB
2022-05-10 16:53:33,DB,MTP
2022-05-10 16:53:33,MGB,MTP
2022-05-10 16:53:33,MCM,MWB
2022-05-10 16:53:33,MGB,PL
2022-05-10 16:53:33,DB,MWB
2022-05-10 16:53:33,MGB,MWB
2022-05-10 16:53:33,MTP,PL
2022-05-10 16:53:33,MTP,MWB
2022-05-10 16:53:33,DB,PL
2022-05-10 16:53:33,MCM,PL
2022-05-10 16:53:33,MWB,PL
2022-05-10 16:53:34,MTP,MWB
2022-05-10 16:53:34,MTP,PL
2022-05-10 16:53:34,MCM,MTP
2022-05-10 16:53:34,MCM,MGB
2022-05-10 16:53:34,MCM,PL
2022-05-10 16:53:34,MGB,MTP
2022-05-10 16:53:34,DB,MTP
2022-05-10 16:53:34,DB,MWB
2022-05-10 16:53:34,DB,MCM
2022-05-10 16:53:34,MGB,PL
2022-05-10 16:53:34,DB,MGB
2022-05-10 16:53:34,MGB,MWB
2022-05-10 16:53:34,MCM,MWB
2022-05-10 16:53:34,DB,PL
2022-05-10 16:53:34,MWB,PL
2022-05-10 16:53:35,MGB,MWB
2022-05-10 16:53:35,MWB,PL
2022-05-10 16:53:35,MGB,PL
2022-05-10 16:53:35,DB,PL
2022-05-10 16:53:35,MGB,MTP
2022-05-10 16:53:35,MTP,MWB
2022-05-10 16:53:35,MTP,PL
2022-05-10 16:53:35,MCM,PL
2022-05-10 16:53:35,MCM,MWB
2022-05-10 16:53:35,DB,MCM
2022-05-10 16:53:35,MCM,MGB
2022-05-10 16:53:35,DB,MWB
2022-05-10 16:53:35,MCM,MTP
2022-05-10 16:53:35,DB,MGB
2022-05-10 16:53:35,DB,MTP
2022-05-10 16:53:36,MCM,PL
2022-05-10 16:53:36,DB,MCM
2022-05-10 16:53:36,DB,PL
2022-05-10 16:53:36,DB,MGB
2022-05-10 16:53:36,MCM,MWB
2022-05-10 16:53:36,MTP,PL
2022-05-10 16:53:36,MGB,MWB
2022-05-10 16:53:36,DB,MTP
2022-05-10 16:53:36,MGB,PL
2022-05-10 16:53:36,MWB,PL
2022-05-10 16:53:36,MTP,MWB
2022-05-10 16:53:36,DB,MWB
2022-05-10 16:53:36,MCM,MGB
2022-05-10 16:53:36,MGB,MTP
2022-05-10 16:53:36,MCM,MTP
2022-05-10 16:53:37,MCM,PL
2022-05-10 16:53:37,MTP,PL
2022-05-10 16:53:37,MCM,MTP
2022-05-10 16:53:37,MTP,MWB
2022-05-10 16:53:37,DB,MGB
2022-05-10 16:53:37,MGB,MTP
2022-05-10 16:53:37,DB,MTP
2022-05-10 16:53:37,MGB,PL
2022-05-10 16:53:37,MCM,MGB
2022-05-10 16:53:37,DB,MCM
2022-05-10 16:53:37,DB,PL
2022-05-10 16:53:37,DB,MWB
2022-05-10 16:53:37,MCM,MWB
2022-05-10 16:53:37,MWB,PL
2022-05-10 16:53:37,MGB,MWB
2022-05-10 16:53:38,DB,MTP
2022-05-10 16:53:38,MGB,MTP
2022-05-10 16:53:38,MCM,MGB
2022-05-10 16:53:38,DB,MWB
2022-05-10 16:53:38,MCM,MTP
2022-05-10 16:53:38,MWB,PL
2022-05-10 16:53:38,MGB,PL
2022-05-10 16:53:38,MGB,MWB
2022-05-10 16:53:38,MTP,PL
2022-05-10 16:53:38,MCM,PL
2022-05-10 16:53:38,MCM,MWB
2022-05-10 16:53:38,DB,PL
2022-05-10 16:53:38,DB,MGB
2022-05-10 16:53:38,DB,MCM
2022-05-10 16:53:38,MTP,MWB
2022-05-10 16:53:39,MCM,MWB
2022-05-10 16:53:39,MGB,MWB
2022-05-10 16:53:39,MCM,MTP
2022-05-10 16:53:39,DB,MTP
2022-05-10 16:53:39,MGB,MTP
2022-05-10 16:53:39,MGB,PL
2022-05-10 16:53:39,MTP,PL
2022-05-10 16:53:39,MCM,MGB
2022-05-10 16:53:39,DB,MGB
2022-05-10 16:53:39,DB,MCM
2022-05-10 16:53:39,DB,MWB
2022-05-10 16:53:39,MWB,PL
2022-05-10 16:53:39,MCM,PL
2022-05-10 16:53:39,DB,PL
2022-05-10 16:53:39,MTP,MWB
2022-05-10 16:53:40,DB,MCM
2022-05-10 16:53:40,MCM,PL
2022-05-10 16:53:40,DB,MWB
2022-05-10 16:53:40,MTP,PL
2022-05-10 16:53:40,DB,PL
2022-05-10 16:53:40,MCM,MWB
2022-05-10 16:53:40,DB,MGB
2022-05-10 16:53:40,MCM,MTP
2022-05-10 16:53:40,MCM,MGB
2022-05-10 16:53:40,MTP,MWB
2022-05-10 16:53:40,MGB,MTP
2022-05-10 16:53:40,MWB,PL
2022-05-10 16:53:40,MGB,MWB
2022-05-10 16:53:40,MGB,PL
2022-05-10 16:53:40,DB,MTP
2022-05-10 16:53:41,DB,PL
2022-05-10 16:53:41,MWB,PL
2022-05-10 16:53:41,DB,MCM
2022-05-10 16:53:41,MCM,MWB
2022-05-10 16:53:41,MTP,MWB
2022-05-10 16:53:41,DB,MTP
2022-05-10 16:53:41,MGB,PL
2022-05-10 16:53:41,MGB,MTP
2022-05-10 16:53:41,MCM,MGB
2022-05-10 16:53:41,MGB,MWB
2022-05-10 16:53:41,MCM,MTP
2022-05-10 16:53:41,MTP,PL
2022-05-10 16:53:41,DB,MGB
2022-05-10 16:53:41,MCM,PL
2022-05-10 16:53:41,DB,MWB
2022-05-10 16:53:42,DB,PL
2022-05-10 16:53:42,MCM,MTP
2022-05-10 16:53:42,DB,MCM
2022-05-10 16:53:42,MCM,MWB
2022-05-10 16:53:42,MGB,MTP
2022-05-10 16:53:42,MGB,PL
2022-05-10 16:53:42,MTP,MWB
2022-05-10 16:53:42,MGB,MWB
2022-05-10 16:53:42,DB,MGB
2022-05-10 16:53:42,MTP,PL
2022-05-10 16:53:42,DB,MTP
2022-05-10 16:53:42,MCM,PL
2022-05-10 16:53:42,DB,MWB
2022-05-10 16:53:42,MCM,MGB
2022-05-10 16:53:42,MWB,PL
2022-05-10 16:53:43,MTP,PL
2022-05-10 16:53:43,MCM,PL
2022-05-10 16:53:43,DB,MCM
2022-05-10 16:53:43,DB,MWB
2022-05-10 16:53:43,DB,MGB
2022-05-10 16:53:43,MGB,MTP
2022-05-10 16:53:43,DB,MTP
2022-05-10 16:53:43,MCM,MWB
2022-05-10 16:53:43,MWB,PL
2022-05-10 16:53:43,DB,PL
2022-05-10 16:53:43,MCM,MGB
2022-05-10 16:53:43,MTP,MWB
2022-05-10 16:53:43,MGB,MWB
2022-05-10 16:53:43,MGB,PL
2022-05-10 16:53:43,MCM,MTP
2022-05-10 16:53:44,DB,MTP
2022-05-10 16:53:44,MGB,MTP
2022-05-10 16:53:44,DB,MGB
2022-05-10 16:53:44,MCM,MTP
2022-05-10 16:53:44,MCM,MGB
2022-05-10 16:53:44,MTP,MWB
2022-05-10 16:53:44,MTP,PL
2022-05-10 16:53:44,MGB,PL
2022-05-10 16:53:44,DB,MWB
2022-05-10 16:53:44,MCM,PL
2022-05-10 16:53:44,MWB,PL
2022-05-10 16:53:44,DB,PL
2022-05-10 16:53:44,MCM,MWB
2022-05-10 16:53:44,DB,MCM
2022-05-10 16:53:44,MGB,MWB
2022-05-10 16:53:45,MCM,MTP
2022-05-10 16:53:45,MGB,MTP
2022-05-10 16:53:45,DB,PL
2022-05-10 16:53:45,MCM,MWB
2022-05-10 16:53:45,DB,MGB
2022-05-10 16:53:45,MCM,MGB
2022-05-10 16:53:45,MWB,PL
2022-05-10 16:53:45,DB,MWB
2022-05-10 16:53:45,DB,MTP
2022-05-10 16:53:45,DB,MCM
2022-05-10 16:53:45,MGB,PL
2022-05-10 16:53:45,MCM,PL
2022-05-10 16:53:45,MGB,MWB
2022-05-10 16:53:45,MTP,PL
2022-05-10 16:53:45,MTP,MWB
2022-05-10 16:53:46,MTP,MWB
2022-05-10 16:53:46,MGB,PL
2022-05-10 16:53:46,DB,PL
2022-05-10 16:53:46,MGB,MWB
2022-05-10 16:53:46,DB,MCM
2022-05-10 16:53:46,MGB,MTP
2022-05-10 16:53:46,MCM,MTP
2022-05-10 16:53:46,MWB,PL
2022-05-10 16:53:46,MTP,PL
2022-05-10 16:53:46,MCM,MWB
2022-05-10 16:53:46,DB,MGB
2022-05-10 16:53:46,MCM,PL
2022-05-10 16:53:46,MCM,MGB
2022-05-10 16:53:46,DB,MWB
2022-05-10 16:53:46,DB,MTP
2022-05-10 16:53:47,MTP,MWB
2022-05-10 16:53:47,DB,MWB
2022-05-10 16:53:47,MCM,PL
2022-05-10 16:53:47,DB,PL
2022-05-10 16:53:47,MWB,PL
2022-05-10 16:53:47,DB,MCM
2022-05-10 16:53:47,MCM,MTP
2022-05-10 16:53:47,MCM,MGB
2022-05-10 16:53:47,MGB,MWB
2022-05-10 16:53:47,MTP,PL
2022-05-10 16:53:47,DB,MTP
2022-05-10 16:53:47,MGB,PL
2022-05-10 16:53:47,DB,MGB
2022-05-10 16:53:47,MGB,MTP
2022-05-10 16:53:47,MCM,MWB
2022-05-10 16:53:48,MCM,MGB
2022-05-10 16:53:48,DB,MCM
2022-05-10 16:53:48,MCM,MTP
2022-05-10 16:53:48,DB,MGB
2022-05-10 16:53:48,MGB,MTP
2022-05-10 16:53:48,MCM,PL
2022-05-10 16:53:48,MTP,PL
2022-05-10 16:53:48,DB,MWB
2022-05-10 16:53:48,MCM,MWB
2022-05-10 16:53:48,DB,MTP
2022-05-10 16:53:48,MGB,PL
2022-05-10 16:53:48,DB,PL
2022-05-10 16:53:48,MTP,MWB
2022-05-10 16:53:48,MGB,MWB
2022-05-10 16:53:48,MWB,PL
2022-05-10 16:53:49,MWB,PL
2022-05-10 16:53:49,MCM,PL
2022-05-10 16:53:49,MCM,MWB
2022-05-10 16:53:49,DB,MTP
2022-05-10 16:53:49,MGB,MWB
2022-05-10 16:53:49,DB,MWB
2022-05-10 16:53:49,DB,PL
2022-05-10 16:53:49,DB,MCM
2022-05-10 16:53:49,MTP,PL
2022-05-10 16:53:49,MCM,MGB
2022-05-10 16:53:49,MTP,MWB
2022-05-10 16:53:49,MGB,PL
2022-05-10 16:53:49,MCM,MTP
2022-05-10 16:53:49,MGB,MTP
2022-05-10 16:53:49,DB,MGB
2022-05-10 16:53:50,MTP,PL
2022-05-10 16:53:50,DB,PL
2022-05-10 16:53:50,MGB,MWB
2022-05-10 16:53:50,DB,MTP
2022-05-10 16:53:50,MGB,PL
2022-05-10 16:53:50,MCM,MWB
2022-05-10 16:53:50,MTP,MWB
2022-05-10 16:53:50,MCM,PL
2022-05-10 16:53:50,MGB,MTP
2022-05-10 16:53:50,MWB,PL
2022-05-10 16:53:50,MCM,MGB
2022-05-10 16:53:50,DB,MWB
2022-05-10 16:53:50,DB,MCM
2022-05-10 16:53:50,DB,MGB
2022-05-10 16:53:50,MCM,MTP
2022-05-10 16:53:51,DB,PL
2022-05-10 16:53:51,DB,MGB
2022-05-10 16:53:51,MCM,MGB
2022-05-10 16:53:51,MCM,MTP
2022-05-10 16:53:51,DB,MCM
2022-05-10 16:53:51,MGB,MWB
2022-05-10 16:53:51,DB,MTP
2022-05-10 16:53:51,MCM,PL
2022-05-10 16:53:51,MTP,MWB
2022-05-10 16:53:51,MGB,MTP
2022-05-10 16:53:51,MTP,PL
2022-05-10 16:53:51,MWB,PL
2022-05-10 16:53:51,DB,MWB
2022-05-10 16:53:51,MCM,MWB
2022-05-10 16:53:51,MGB,PL
2022-05-10 16:53:52,MGB,PL
2022-05-10 16:53:52,MTP,MWB
2022-05-10 16:53:52,MWB,PL
2022-05-10 16:53:52,MTP,PL
2022-05-10 16:53:52,MCM,MWB
2022-05-10 16:53:52,MCM,PL
2022-05-10 16:53:52,DB,PL
2022-05-10 16:53:52,MCM,MTP
2022-05-10 16:53:52,DB,MCM
2022-05-10 16:53:52,MCM,MGB
2022-05-10 16:53:52,DB,MTP
2022-05-10 16:53:52,MGB,MTP
2022-05-10 16:53:52,DB,MGB
2022-05-10 16:53:52,MGB,MWB
2022-05-10 16:53:52,DB,MWB
2022-05-10 16:53:53,MWB,PL
2022-05-10 16:53:53,MGB,MTP
2022-05-10 16:53:53,MGB,PL
2022-05-10 16:53:53,MGB,MWB
2022-05-10 16:53:53,DB,MCM
2022-05-10 16:53:53,MCM,PL
2022-05-10 16:53:53,DB,PL
2022-05-10 16:53:53,DB,MGB
2022-05-10 16:53:53,DB,MTP
2022-05-10 16:53:53,MCM,MGB
2022-05-10 16:53:53,MTP,PL
2022-05-10 16:53:53,MCM,MTP
2022-05-10 16:53:53,DB,MWB
2022-05-10 16:53:53,MTP,MWB
2022-05-10 16:53:53,MCM,MWB
2022-05-10 16:53:54,MGB,MWB
2022-05-10 16:53:54,MCM,PL
2022-05-10 16:53:54,MTP,MWB
2022-05-10 16:53:54,MGB,MTP
2022-05-10 16:53:54,DB,MTP
2022-05-10 16:53:54,MCM,MWB
2022-05-10 16:53:54,DB,MGB
2022-05-10 16:53:54,MTP,PL
2022-05-10 16:53:54,MCM,MGB
2022-05-10 16:53:54,DB,MCM
2022-05-10 16:53:54,DB,PL
2022-05-10 16:53:54,DB,MWB
2022-05-10 16:53:54,MWB,PL
2022-05-10 16:53:54,MCM,MTP
2022-05-10 16:53:54,MGB,PL
2022-05-10 16:53:55,MCM,MGB
2022-05-10 16:53:55,MGB,MWB
2022-05-10 16:53:55,DB,MGB
2022-05-10 16:53:55,DB,PL
2022-05-10 16:53:55,DB,MTP
2022-05-10 16:53:55,MCM,MTP
2022-05-10 16:53:55,DB,MCM
2022-05-10 16:53:55,MGB,PL
2022-05-10 16:53:55,MCM,PL
2022-05-10 16:53:55,MTP,MWB
2022-05-10 16:53:55,MCM,MWB
2022-05-10 16:53:55,MGB,MTP
2022-05-10 16:53:55,MTP,PL
2022-05-10 16:53:55,MWB,PL
2022-05-10 16:53:55,DB,MWB
2022-05-10 16:53:56,MGB,MWB
2022-05-10 16:53:56,MCM,MTP
2022-05-10 16:53:56,MCM,MWB
2022-05-10 16:53:56,DB,PL
2022-05-10 16:53:56,MWB,PL
2022-05-10 16:53:56,MGB,PL
2022-05-10 16:53:56,MTP,MWB
2022-05-10 16:53:56,MCM,MGB
2022-05-10 16:53:56,MGB,MTP
2022-05-10 16:53:56,DB,MCM
2022-05-10 16:53:56,DB,MGB
2022-05-10 16:53:56,MTP,PL
2022-05-10 16:53:56,MCM,PL
2022-05-10 16:53:56,DB,MTP
2022-05-10 16:53:56,DB,MWB
2022-05-10 16:53:57,MCM,PL
2022-05-10 16:53:57,MGB,PL
2022-05-10 16:53:57,MGB,MTP
2022-05-10 16:53:57,DB,MCM
2022-05-10 16:53:57,MCM,MTP
2022-05-10 16:53:57,MWB,PL
2022-05-10 16:53:57,DB,MGB
2022-05-10 16:53:57,MGB,MWB
2022-05-10 16:53:57,MCM,MWB
2022-05-10 16:53:57,DB,PL
2022-05-10 16:53:57,MCM,MGB
2022-05-10 16:53:57,DB,MWB
2022-05-10 16:53:57,DB,MTP
2022-05-10 16:53:57,MTP,PL
2022-05-10 16:53:57,MTP,MWB
2022-05-10 16:53:58,MCM,MWB
2022-05-10 16:53:58,MWB,PL
2022-05-10 16:53:58,MGB,MTP
2022-05-10 16:53:58,DB,MWB
2022-05-10 16:53:58,MCM,PL
2022-05-10 16:53:58,DB,MTP
2022-05-10 16:53:58,MTP,MWB
2022-05-10 16:53:58,MCM,MTP
2022-05-10 16:53:58,MTP,PL
2022-05-10 16:53:58,MGB,PL
2022-05-10 16:53:58,DB,MCM
2022-05-10 16:53:58,DB,PL
2022-05-10 16:53:58,MCM,MGB
2022-05-10 16:53:58,MGB,MWB
2022-05-10 16:53:58,DB,MGB
2022-05-10 16:53:59,MTP,PL
2022-05-10 16:53:59,DB,PL
2022-05-10 16:53:59,MWB,PL
2022-05-10 16:53:59,MGB,MTP
2022-05-10 16:53:59,DB,MGB
2022-05-10 16:53:59,DB,MWB
2022-05-10 16:53:59,MCM,PL
2022-05-10 16:53:59,DB,MTP
2022-05-10 16:53:59,MTP,MWB
2022-05-10 16:53:59,MCM,MGB
2022-05-10 16:53:59,DB,MCM
2022-05-10 16:53:59,MCM,MWB
2022-05-10 16:53:59,MGB,PL
2022-05-10 16:53:59,MGB,MWB
2022-05-10 16:53:59,MCM,MTP
2022-05-10 16:54:00,MGB,MWB
2022-05-10 16:54:00,MCM,MGB
2022-05-10 16:54:00,MGB,MTP
2022-05-10 16:54:00,MTP,PL
2022-05-10 16:54:00,DB,MCM
2022-05-10 16:54:00,DB,MGB
2022-05-10 16:54:00,MGB,PL
2022-05-10 16:54:00,DB,MTP
2022-05-10 16:54:00,DB,MWB
2022-05-10 16:54:00,MWB,PL
2022-05-10 16:54:00,MCM,PL
2022-05-10 16:54:00,MCM,MWB
2022-05-10 16:54:00,DB,PL
2022-05-10 16:54:00,MCM,MTP
2022-05-10 16:54:00,MTP,MWB
2022-05-10 16:54:01,DB,PL
2022-05-10 16:54:01,MCM,MWB
2022-05-10 16:54:01,MCM,MGB
2022-05-10 16:54:01,MTP,MWB
2022-05-10 16:54:01,MGB,PL
2022-05-10 16:54:01,MCM,MTP
2022-05-10 16:54:01,DB,MWB
2022-05-10 16:54:01,DB,MCM
2022-05-10 16:54:01,MCM,PL
2022-05-10 16:54:01,MGB,MWB
2022-05-10 16:54:01,MGB,MTP
2022-05-10 16:54:01,DB,MGB
2022-05-10 16:54:01,MWB,PL
2022-05-10 16:54:01,MTP,PL
2022-05-10 16:54:01,DB,MTP
2022-05-10 16:54:02,DB,MGB
2022-05-10 16:54:02,DB,MCM
2022-05-10 16:54:02,DB,MWB
2022-05-10 16:54:02,MGB,MTP
2022-05-10 16:54:02,DB,PL
2022-05-10 16:54:02,MCM,MWB
2022-05-10 16:54:02,MGB,PL
2022-05-10 16:54:02,MWB,PL
2022-05-10 16:54:02,MTP,MWB
2022-05-10 16:54:02,MCM,PL
2022-05-10 16:54:02,MGB,MWB
2022-05-10 16:54:02,MCM,MGB
2022-05-10 16:54:02,DB,MTP
2022-05-10 16:54:02,MTP,PL
2022-05-10 16:54:02,MCM,MTP
2022-05-10 16:54:03,MCM,PL
2022-05-10 16:54:03,DB,PL
2022-05-10 16:54:03,DB,MWB
2022-05-10 16:54:03,MTP,MWB
2022-05-10 16:54:03,MGB,MWB
2022-05-10 16:54:03,DB,MCM
2022-05-10 16:54:03,MCM,MTP
2022-05-10 16:54:03,MTP,PL
2022-05-10 16:54:03,DB,MGB
2022-05-10 16:54:03,DB,MTP
2022-05-10 16:54:03,MWB,PL
2022-05-10 16:54:03,MCM,MWB
2022-05-10 16:54:03,MCM,MGB
2022-05-10 16:54:03,MGB,PL
2022-05-10 16:54:03,MGB,MTP
2022-05-10 16:54:04,MGB,PL
2022-05-10 16:54:04,DB,PL
2022-05-10 16:54:04,MCM,MGB
2022-05-10 16:54:04,MTP,MWB
2022-05-10 16:54:04,MCM,MTP
2022-05-10 16:54:04,DB,MWB
2022-05-10 16:54:04,MCM,MWB
2022-05-10 16:54:04,DB,MGB
2022-05-10 16:54:04,DB,MCM
2022-05-10 16:54:04,DB,MTP
2022-05-10 16:54:04,MGB,MWB
2022-05-10 16:54:04,MCM,PL
2022-05-10 16:54:04,MGB,MTP
2022-05-10 16:54:04,MTP,PL
2022-05-10 16:54:04,MWB,PL
2022-05-10 16:54:05,MWB,PL
2022-05-10 16:54:05,MCM,MTP
2022-05-10 16:54:05,MCM,PL
2022-05-10 16:54:05,MCM,MGB
2022-05-10 16:54:05,MGB,MWB
2022-05-10 16:54:05,MGB,MTP
2022-05-10 16:54:05,DB,MCM
2022-05-10 16:54:05,MTP,PL
2022-05-10 16:54:05,DB,MTP
2022-05-10 16:54:05,MCM,MWB
2022-05-10 16:54:05,DB,MGB
2022-05-10 16:54:05,MGB,PL
2022-05-10 16:54:05,DB,PL
2022-05-10 16:54:05,DB,MWB
2022-05-10 16:54:05,MTP,MWB
2022-05-10 16:54:06,DB,MWB
2022-05-10 16:54:06,MWB,PL
2022-05-10 16:54:06,MCM,MTP
2022-05-10 16:54:06,MCM,PL
2022-05-10 16:54:06,DB,PL
2022-05-10 16:54:06,MCM,MGB
2022-05-10 16:54:06,MGB,MTP
2022-05-10 16:54:06,MGB,MWB
2022-05-10 16:54:06,MGB,PL
2022-05-10 16:54:06,MTP,PL
2022-05-10 16:54:06,MCM,MWB
2022-05-10 16:54:06,MTP,MWB
2022-05-10 16:54:06,DB,MGB
2022-05-10 16:54:06,DB,MTP
2022-05-10 16:54:06,DB,MCM
2022-05-10 16:54:07,DB,MWB
2022-05-10 16:54:07,DB,MGB
2022-05-10 16:54:07,DB,MTP
2022-05-10 16:54:07,MGB,MTP
2022-05-10 16:54:07,MCM,MTP
2022-05-10 16:54:07,MGB,PL
2022-05-10 16:54:07,DB,PL
2022-05-10 16:54:07,MGB,MWB
2022-05-10 16:54:07,MCM,MGB
2022-05-10 16:54:07,MTP,PL
2022-05-10 16:54:07,MCM,PL
2022-05-10 16:54:07,MTP,MWB
2022-05-10 16:54:07,MWB,PL
2022-05-10 16:54:07,MCM,MWB
2022-05-10 16:54:07,DB,MCM
2022-05-10 16:54:08,DB,PL
2022-05-10 16:54:08,DB,MCM
2022-05-10 16:54:08,MCM,MGB
2022-05-10 16:54:08,DB,MWB
2022-05-10 16:54:08,MCM,MTP
2022-05-10 16:54:08,MGB,MTP
2022-05-10 16:54:08,MCM,MWB
2022-05-10 16:54:08,MCM,PL
2022-05-10 16:54:08,MWB,PL
2022-05-10 16:54:08,DB,MGB
2022-05-10 16:54:08,DB,MTP
2022-05-10 16:54:08,MGB,MWB
2022-05-10 16:54:08,MTP,MWB
2022-05-10 16:54:08,MGB,PL
2022-05-10 16:54:08,MTP,PL
2022-05-10 16:54:09,MWB,PL
2022-05-10 16:54:09,DB,MGB
2022-05-10 16:54:09,MCM,MWB
2022-05-10 16:54:09,MGB,MWB
2022-05-10 16:54:09,MTP,MWB
2022-05-10 16:54:09,DB,MCM
2022-05-10 16:54:09,MTP,PL
2022-05-10 16:54:09,MCM,PL
2022-05-10 16:54:09,DB,MTP
2022-05-10 16:54:09,DB,MWB
2022-05-10 16:54:09,DB,PL
2022-05-10 16:54:09,MCM,MTP
2022-05-10 16:54:09,MGB,PL
2022-05-10 16:54:09,MGB,MTP
2022-05-10 16:54:09,MCM,MGB
2022-05-10 16:54:10,DB,PL
2022-05-10 16:54:10,MCM,MWB
2022-05-10 16:54:10,DB,MCM
2022-05-10 16:54:10,DB,MTP
2022-05-10 16:54:10,DB,MGB
2022-05-10 16:54:10,MGB,MWB
2022-05-10 16:54:10,MGB,PL
2022-05-10 16:54:10,MTP,PL
2022-05-10 16:54:10,MTP,MWB
2022-05-10 16:54:10,MCM,PL
2022-05-10 16:54:10,MCM,MTP
2022-05-10 16:54:10,MWB,PL
2022-05-10 16:54:10,MCM,MGB
2022-05-10 16:54:10,MGB,MTP
2022-05-10 16:54:10,DB,MWB
2022-05-10 16:54:11,MGB,MWB
2022-05-10 16:54:11,MCM,MTP
2022-05-10 16:54:11,MGB,PL
2022-05-10 16:54:11,DB,MGB
2022-05-10 16:54:11,DB,MWB
2022-05-10 16:54:11,DB,MCM
2022-05-10 16:54:11,DB,PL
2022-05-10 16:54:11,MWB,PL
2022-05-10 16:54:11,DB,MTP
2022-05-10 16:54:11,MTP,PL
2022-05-10 16:54:11,MGB,MTP
2022-05-10 16:54:11,MCM,PL
2022-05-10 16:54:11,MCM,MWB
2022-05-10 16:54:11,MCM,MGB
2022-05-10 16:54:11,MTP,MWB
2022-05-10 16:54:12,MCM,MTP
2022-05-10 16:54:12,DB,MTP
2022-05-10 16:54:12,MCM,PL
2022-05-10 16:54:12,DB,MWB
2022-05-10 16:54:12,DB,MCM
2022-05-10 16:54:12,MTP,MWB
2022-05-10 16:54:12,DB,PL
2022-05-10 16:54:12,MWB,PL
2022-05-10 16:54:12,MCM,MGB
2022-05-10 16:54:12,DB,MGB
2022-05-10 16:54:12,MGB,PL
2022-05-10 16:54:12,MTP,PL
2022-05-10 16:54:12,MGB,MTP
2022-05-10 16:54:12,MCM,MWB
2022-05-10 16:54:12,MGB,MWB
2022-05-10 16:54:13,MCM,PL
2022-05-10 16:54:13,DB,MTP
2022-05-10 16:54:13,MTP,PL
2022-05-10 16:54:13,MWB,PL
2022-05-10 16:54:13,MGB,MTP
2022-05-10 16:54:13,DB,MCM
2022-05-10 16:54:13,DB,PL
2022-05-10 16:54:13,MCM,MWB
2022-05-10 16:54:13,DB,MGB
2022-05-10 16:54:13,DB,MWB
2022-05-10 16:54:13,MCM,MTP
2022-05-10 16:54:13,MTP,MWB
2022-05-10 16:54:13,MGB,MWB
2022-05-10 16:54:13,MCM,MGB
2022-05-10 16:54:13,MGB,PL
2022-05-10 16:54:14,DB,MCM
2022-05-10 16:54:14,MCM,MTP
2022-05-10 16:54:14,MWB,PL
2022-05-10 16:54:14,MTP,PL
2022-05-10 16:54:14,DB,MTP
2022-05-10 16:54:14,MCM,MWB
2022-05-10 16:54:14,MCM,MGB
2022-05-10 16:54:14,MCM,PL
2022-05-10 16:54:14,MTP,MWB
2022-05-10 16:54:14,DB,PL
2022-05-10 16:54:14,MGB,MWB
2022-05-10 16:54:14,DB,MGB
2022-05-10 16:54:14,MGB,MTP
2022-05-10 16:54:14,DB,MWB
2022-05-10 16:54:14,MGB,PL
2022-05-10 16:54:15,MWB,PL
2022-05-10 16:54:15,MGB,MWB
2022-05-10 16:54:15,MGB,MTP
2022-05-10 16:54:15,MTP,PL
2022-05-10 16:54:15,DB,MCM
2022-05-10 16:54:15,MTP,MWB
2022-05-10 16:54:15,MCM,MWB
2022-05-10 16:54:15,MCM,MTP
2022-05-10 16:54:15,MGB,PL
2022-05-10 16:54:15,MCM,PL
2022-05-10 16:54:15,DB,MWB
2022-05-10 16:54:15,MCM,MGB
2022-05-10 16:54:15,DB,PL
2022-05-10 16:54:15,DB,MTP
2022-05-10 16:54:15,DB,MGB
2022-05-10 16:54:16,DB,MTP
2022-05-10 16:54:16,DB,PL
2022-05-10 16:54:16,MGB,MWB
2022-05-10 16:54:16,DB,MWB
2022-05-10 16:54:16,MGB,MTP
2022-05-10 16:54:16,MGB,PL
2022-05-10 16:54:16,DB,MGB
2022-05-10 16:54:16,MCM,MGB
2022-05-10 16:54:16,MTP,MWB
2022-05-10 16:54:16,DB,MCM
2022-05-10 16:54:16,MCM,PL
2022-05-10 16:54:16,MTP,PL
2022-05-10 16:54:16,MWB,PL
2022-05-10 16:54:16,MCM,MWB
2022-05-10 16:54:16,MCM,MTP
2022-05-10 16:54:17,DB,MGB
2022-05-10 16:54:17,DB,MWB
2022-05-10 16:54:17,MGB,MWB
2022-05-10 16:54:17,MCM,PL
2022-05-10 16:54:17,MCM,MGB
2022-05-10 16:54:17,MGB,PL
2022-05-10 16:54:17,DB,MTP
2022-05-10 16:54:17,MCM,MTP
2022-05-10 16:54:17,MWB,PL
2022-05-10 16:54:17,DB,MCM
2022-05-10 16:54:17,MTP,PL
2022-05-10 16:54:17,MGB,MTP
2022-05-10 16:54:17,MTP,MWB
2022-05-10 16:54:17,MCM,MWB
2022-05-10 16:54:17,DB,PL
2022-05-10 16:54:18,MCM,MTP
2022-05-10 16:54:18,MTP,PL
2022-05-10 16:54:18,DB,MGB
2022-05-10 16:54:18,MCM,MGB
2022-05-10 16:54:18,MCM,MWB
2022-05-10 16:54:18,DB,MTP
2022-05-10 16:54:18,DB,MCM
2022-05-10 16:54:18,MGB,MTP
2022-05-10 16:54:18,MTP,MWB
2022-05-10 16:54:18,MCM,PL
2022-05-10 16:54:18,MGB,PL
2022-05-10 16:54:18,MGB,MWB
2022-05-10 16:54:18,DB,MWB
2022-05-10 16:54:18,MWB,PL
2022-05-10 16:54:18,DB,PL
2022-05-10 16:54:19,MCM,MTP
2022-05-10 16:54:19,MGB,MTP
2022-05-10 16:54:19,MCM,MWB
2022-05-10 16:54:19,DB,MWB
2022-05-10 16:54:19,MGB,PL
2022-05-10 16:54:19,MWB,PL
2022-05-10 16:54:19,DB,PL
2022-05-10 16:54:19,MTP,PL
2022-05-10 16:54:19,DB,MGB
2022-05-10 16:54:19,DB,MCM
2022-05-10 16:54:19,DB,MTP
2022-05-10 16:54:19,MGB,MWB
2022-05-10 16:54:19,MCM,PL
2022-05-10 16:54:19,MTP,MWB
2022-05-10 16:54:19,MCM,MGB
2022-05-10 16:54:20,DB,PL
2022-05-10 16:54:20,MCM,MWB
2022-05-10 16:54:20,MGB,MWB
2022-05-10 16:54:20,DB,MGB
2022-05-10 16:54:20,MCM,MTP
2022-05-10 16:54:20,MTP,PL
2022-05-10 16:54:20,MGB,MTP
2022-05-10 16:54:20,MTP,MWB
2022-05-10 16:54:20,MGB,PL
2022-05-10 16:54:20,MCM,PL
2022-05-10 16:54:20,DB,MWB
2022-05-10 16:54:20,MWB,PL
2022-05-10 16:54:20,MCM,MGB
2022-05-10 16:54:20,DB,MTP
2022-05-10 16:54:20,DB,MCM
2022-05-10 16:54:21,DB,MGB
2022-05-10 16:54:21,MGB,MTP
2022-05-10 16:54:21,MCM,PL
2022-05-10 16:54:21,MCM,MGB
2022-05-10 16:54:21,DB,MTP
2022-05-10 16:54:21,MGB,MWB
2022-05-10 16:54:21,DB,MCM
2022-05-10 16:54:21,MCM,MWB
2022-05-10 16:54:21,MTP,PL
2022-05-10 16:54:21,MWB,PL
2022-05-10 16:54:21,DB,PL
2022-05-10 16:54:21,DB,MWB
2022-05-10 16:54:21,MGB,PL
2022-05-10 16:54:21,MCM,MTP
2022-05-10 16:54:21,MTP,MWB
2022-05-10 16:54:22,MGB,PL
2022-05-10 16:54:22,MTP,MWB
2022-05-10 16:54:22,MTP,PL
2022-05-10 16:54:22,MCM,PL
2022-05-10 16:54:22,MCM,MWB
2022-05-10 16:54:22,MGB,MTP
2022-05-10 16:54:22,DB,PL
2022-05-10 16:54:22,MCM,MGB
2022-05-10 16:54:22,MCM,MTP
2022-05-10 16:54:22,DB,MWB
2022-05-10 16:54:22,MWB,PL
2022-05-10 16:54:22,DB,MCM
2022-05-10 16:54:22,DB,MTP
2022-05-10 16:54:22,MGB,MWB
2022-05-10 16:54:22,DB,MGB
2022-05-10 16:54:23,DB,PL
2022-05-10 16:54:23,MGB,MWB
2022-05-10 16:54:23,MGB,PL
2022-05-10 16:54:23,MWB,PL
2022-05-10 16:54:23,DB,MTP
2022-05-10 16:54:23,MCM,MTP
2022-05-10 16:54:23,DB,MWB
2022-05-10 16:54:23,DB,MCM
2022-05-10 16:54:23,MTP,PL
2022-05-10 16:54:23,MCM,MGB
2022-05-10 16:54:23,MCM,PL
2022-05-10 16:54:23,MCM,MWB
2022-05-10 16:54:23,MTP,MWB
2022-05-10 16:54:23,DB,MGB
2022-05-10 16:54:23,MGB,MTP
2022-05-10 16:54:24,MGB,MTP
2022-05-10 16:54:24,MCM,MWB
2022-05-10 16:54:24,DB,MGB
2022-05-10 16:54:24,MWB,PL
2022-05-10 16:54:24,MTP,PL
2022-05-10 16:54:24,DB,MWB
2022-05-10 16:54:24,DB,MTP
2022-05-10 16:54:24,MGB,PL
2022-05-10 16:54:24,MCM,MGB
2022-05-10 16:54:24,MTP,MWB
2022-05-10 16:54:24,MGB,MWB
2022-05-10 16:54:24,DB,MCM
2022-05-10 16:54:24,MCM,PL
2022-05-10 16:54:24,MCM,MTP
2022-05-10 16:54:24,DB,PL
2022-05-10 16:54:25,MGB,MTP
2022-05-10 16:54:25,MCM,MWB
2022-05-10 16:54:25,MGB,MWB
2022-05-10 16:54:25,DB,MWB
2022-05-10 16:54:25,MTP,PL
2022-05-10 16:54:25,DB,MCM
2022-05-10 16:54:25,MCM,MTP
2022-05-10 16:54:25,DB,MTP
2022-05-10 16:54:25,MCM,PL
2022-05-10 16:54:25,DB,MGB
2022-05-10 16:54:25,MGB,PL
2022-05-10 16:54:25,MCM,MGB
2022-05-10 16:54:25,MTP,MWB
2022-05-10 16:54:25,MWB,PL
2022-05-10 16:54:25,DB,PL
2022-05-10 16:54:26,MCM,PL
2022-05-10 16:54:26,DB,MCM
2022-05-10 16:54:26,MTP,PL
2022-05-10 16:54:26,DB,MTP
2022-05-10 16:54:26,MCM,MTP
2022-05-10 16:54:26,MTP,MWB
2022-05-10 16:54:26,MGB,MTP
2022-05-10 16:54:26,MWB,PL
2022-05-10 16:54:26,MCM,MWB
2022-05-10 16:54:26,MGB,MWB
2022-05-10 16:54:26,MCM,MGB
2022-05-10 16:54:26,MGB,PL
2022-05-10 16:54:26,DB,MGB
2022-05-10 16:54:26,DB,MWB
2022-05-10 16:54:27,MWB,PL
2022-05-10 16:54:27,MCM,MTP
2022-05-10 16:54:27,DB,MTP
2022-05-10 16:54:27,MCM,MGB
2022-05-10 16:54:27,MTP,PL
2022-05-10 16:54:27,DB,MCM
2022-05-10 16:54:27,MGB,MWB
2022-05-10 16:54:27,MCM,MWB
2022-05-10 16:54:27,MGB,PL
2022-05-10 16:54:27,DB,MGB
2022-05-10 16:54:27,MGB,MTP
2022-05-10 16:54:27,MTP,MWB
2022-05-10 16:54:27,MCM,PL
2022-05-10 16:54:27,DB,MWB
2022-05-10 16:54:28,DB,MCM
2022-05-10 16:54:28,MCM,MTP
2022-05-10 16:54:28,MGB,MTP
2022-05-10 16:54:28,MTP,MWB
2022-05-10 16:54:28,MCM,MWB
2022-05-10 16:54:28,DB,MTP
2022-05-10 16:54:28,MGB,PL
2022-05-10 16:54:28,DB,MGB
2022-05-10 16:54:28,MCM,PL
2022-05-10 16:54:28,MWB,PL
2022-05-10 16:54:28,MTP,PL
2022-05-10 16:54:28,MCM,MGB
2022-05-10 16:54:28,DB,MWB
2022-05-10 16:54:28,MGB,MWB
2022-05-10 16:54:29,DB,MWB
2022-05-10 16:54:29,DB,MGB
2022-05-10 16:54:29,MGB,MTP
2022-05-10 16:54:29,DB,MCM
2022-05-10 16:54:29,MCM,PL
2022-05-10 16:54:29,MGB,PL
2022-05-10 16:54:29,MTP,MWB
2022-05-10 16:54:29,MCM,MGB
2022-05-10 16:54:29,MGB,MWB
2022-05-10 16:54:29,MCM,MTP
2022-05-10 16:54:29,MTP,PL
2022-05-10 16:54:29,MCM,MWB
2022-05-10 16:54:29,MWB,PL
2022-05-10 16:54:29,DB,MTP
2022-05-10 16:54:30,DB,MCM
2022-05-10 16:54:30,DB,MTP
2022-05-10 16:54:30,MCM,MGB
2022-05-10 16:54:30,MTP,MWB
2022-05-10 16:54:30,MWB,PL
2022-05-10 16:54:30,MGB,PL
2022-05-10 16:54:30,MCM,PL
2022-05-10 16:54:30,MCM,MTP
2022-05-10 16:54:30,MTP,PL
2022-05-10 16:54:30,MGB,MWB
2022-05-10 16:54:30,DB,MWB
2022-05-10 16:54:30,DB,MGB
2022-05-10 16:54:30,MGB,MTP
2022-05-10 16:54:30,MCM,MWB
2022-05-10 16:54:31,MGB,MTP
2022-05-10 16:54:31,MCM,MWB
2022-05-10 16:54:31,MGB,PL
2022-05-10 16:54:31,MWB,PL
2022-05-10 16:54:31,MCM,MTP
2022-05-10 16:54:31,MCM,MGB
2022-05-10 16:54:31,DB,MWB
2022-05-10 16:54:31,MCM,PL
2022-05-10 16:54:31,DB,MCM
2022-05-10 16:54:31,MGB,MWB
2022-05-10 16:54:31,MTP,PL
2022-05-10 16:54:31,DB,MTP
2022-05-10 16:54:31,MTP,MWB
2022-05-10 16:54:31,DB,MGB
2022-05-10 16:54:32,MGB,PL
2022-05-10 16:54:32,MCM,MTP
2022-05-10 16:54:32,DB,MCM
2022-05-10 16:54:32,DB,MTP
2022-05-10 16:54:32,DB,MWB
2022-05-10 16:54:32,MGB,MWB
2022-05-10 16:54:32,MTP,MWB
2022-05-10 16:54:32,MCM,MGB
2022-05-10 16:54:32,MTP,PL
2022-05-10 16:54:32,MCM,MWB
2022-05-10 16:54:32,MWB,PL
2022-05-10 16:54:32,MGB,MTP
2022-05-10 16:54:32,MCM,PL
2022-05-10 16:54:32,DB,MGB
2022-05-10 16:54:33,MWB,PL
2022-05-10 16:54:33,MGB,MWB
2022-05-10 16:54:33,DB,MCM
2022-05-10 16:54:33,DB,MGB
2022-05-10 16:54:33,MGB,PL
2022-05-10 16:54:33,MCM,MWB
2022-05-10 16:54:33,MCM,PL
2022-05-10 16:54:33,MTP,PL
2022-05-10 16:54:33,MCM,MTP
2022-05-10 16:54:33,MGB,MTP
2022-05-10 16:54:33,DB,MTP
2022-05-10 16:54:33,MCM,MGB
2022-05-10 16:54:33,MTP,MWB
2022-05-10 16:54:33,DB,MWB
2022-05-10 16:54:34,MCM,MTP
2022-05-10 16:54:34,MCM,MWB
2022-05-10 16:54:34,MCM,MGB
2022-05-10 16:54:34,MWB,PL
2022-05-10 16:54:34,MTP,PL
2022-05-10 16:54:34,DB,MCM
2022-05-10 16:54:34,MGB,MWB
2022-05-10 16:54:34,MCM,PL
2022-05-10 16:54:34,MGB,PL
2022-05-10 16:54:34,DB,MWB
2022-05-10 16:54:34,MGB,MTP
2022-05-10 16:54:34,MTP,MWB
2022-05-10 16:54:34,DB,MTP
2022-05-10 16:54:35,MGB,MWB
2022-05-10 16:54:35,MCM,PL
2022-05-10 16:54:35,MGB,MTP
2022-05-10 16:54:35,MTP,MWB
2022-05-10 16:54:35,MCM,MWB
2022-05-10 16:54:35,MCM,MGB
2022-05-10 16:54:35,MWB,PL
2022-05-10 16:54:35,MCM,MTP
2022-05-10 16:54:35,DB,MWB
2022-05-10 16:54:35,DB,MTP
2022-05-10 16:54:35,DB,MCM
2022-05-10 16:54:35,MTP,PL
2022-05-10 16:54:35,MGB,PL
2022-05-10 16:54:36,MCM,MTP
2022-05-10 16:54:36,MGB,MTP
2022-05-10 16:54:36,MGB,MWB
2022-05-10 16:54:36,DB,MCM
2022-05-10 16:54:36,MWB,PL
2022-05-10 16:54:36,MGB,PL
2022-05-10 16:54:36,MCM,PL
2022-05-10 16:54:36,DB,MTP
2022-05-10 16:54:36,MCM,MGB
2022-05-10 16:54:36,MCM,MWB
2022-05-10 16:54:36,MTP,MWB
2022-05-10 16:54:36,MTP,PL
2022-05-10 16:54:36,DB,MWB
2022-05-10 16:54:37,DB,MTP
2022-05-10 16:54:37,MCM,MGB
2022-05-10 16:54:37,MGB,MWB
2022-05-10 16:54:37,MCM,MWB
2022-05-10 16:54:37,MGB,MTP
2022-05-10 16:54:37,MTP,MWB
2022-05-10 16:54:37,MTP,PL
2022-05-10 16:54:37,MCM,MTP
2022-05-10 16:54:37,DB,MCM
2022-05-10 16:54:37,MGB,PL
2022-05-10 16:54:37,MWB,PL
2022-05-10 16:54:37,MCM,PL
2022-05-10 16:54:37,DB,MWB
2022-05-10 16:54:38,DB,MTP
2022-05-10 16:54:38,MGB,MWB
2022-05-10 16:54:38,MGB,PL
2022-05-10 16:54:38,DB,MCM
2022-05-10 16:54:38,MCM,PL
2022-05-10 16:54:38,MCM,MGB
2022-05-10 16:54:38,DB,MWB
2022-05-10 16:54:38,MTP,MWB
2022-05-10 16:54:38,MTP,PL
2022-05-10 16:54:38,MCM,MTP
2022-05-10 16:54:38,MWB,PL
2022-05-10 16:54:38,MGB,MTP
2022-05-10 16:54:38,MCM,MWB
2022-05-10 16:54:39,MCM,MWB
2022-05-10 16:54:39,DB,MCM
2022-05-10 16:54:39,MCM,PL
2022-05-10 16:54:39,MTP,MWB
2022-05-10 16:54:39,MCM,MGB
2022-05-10 16:54:39,MWB,PL
2022-05-10 16:54:39,MTP,PL
2022-05-10 16:54:39,DB,MTP
2022-05-10 16:54:39,DB,MWB
2022-05-10 16:54:39,MCM,MTP
2022-05-10 16:54:39,MGB,MWB
2022-05-10 16:54:39,MGB,PL
2022-05-10 16:54:39,MGB,MTP
2022-05-10 16:54:40,DB,MCM
2022-05-10 16:54:40,MWB,PL
2022-05-10 16:54:40,DB,MWB
2022-05-10 16:54:40,MCM,MWB
2022-05-10 16:54:40,MCM,MTP
2022-05-10 16:54:40,MCM,PL
2022-05-10 16:54:40,MTP,PL
2022-05-10 16:54:40,MGB,PL
2022-05-10 16:54:40,MGB,MTP
2022-05-10 16:54:40,MGB,MWB
2022-05-10 16:54:40,MTP,MWB
2022-05-10 16:54:40,DB,MTP
2022-05-10 16:54:40,MCM,MGB
2022-05-10 16:54:41,MCM,MGB
2022-05-10 16:54:41,DB,MWB
2022-05-10 16:54:41,MTP,MWB
2022-05-10 16:54:41,MCM,MTP
2022-05-10 16:54:41,MWB,PL
2022-05-10 16:54:41,MCM,MWB
2022-05-10 16:54:41,MTP,PL
2022-05-10 16:54:41,MGB,PL
2022-05-10 16:54:41,DB,MTP
2022-05-10 16:54:41,MCM,PL
2022-05-10 16:54:41,MGB,MTP
2022-05-10 16:54:41,DB,MCM
2022-05-10 16:54:41,MGB,MWB
2022-05-10 16:54:42,DB,MCM
2022-05-10 16:54:42,MTP,MWB
2022-05-10 16:54:42,DB,MWB
2022-05-10 16:54:42,MGB,PL
2022-05-10 16:54:42,MWB,PL
2022-05-10 16:54:42,MGB,MWB
2022-05-10 16:54:42,DB,MTP
2022-05-10 16:54:42,MTP,PL
2022-05-10 16:54:42,MCM,PL
2022-05-10 16:54:42,MCM,MTP
2022-05-10 16:54:42,MGB,MTP
2022-05-10 16:54:42,MCM,MWB
2022-05-10 16:54:42,MCM,MGB
2022-05-10 16:54:43,MTP,MWB
2022-05-10 16:54:43,MTP,PL
2022-05-10 16:54:43,MGB,MTP
2022-05-10 16:54:43,MWB,PL
2022-05-10 16:54:43,MGB,MWB
2022-05-10 16:54:43,MGB,PL
2022-05-10 16:54:43,MCM,MWB
2022-05-10 16:54:43,DB,MTP
2022-05-10 16:54:43,DB,MCM
2022-05-10 16:54:43,MCM,PL
2022-05-10 16:54:43,MCM,MTP
2022-05-10 16:54:43,MCM,MGB
2022-05-10 16:54:43,DB,MWB
2022-05-10 16:54:44,MCM,MGB
2022-05-10 16:54:44,MGB,MTP
2022-05-10 16:54:44,MCM,MWB
2022-05-10 16:54:44,MGB,MWB
2022-05-10 16:54:44,DB,MTP
2022-05-10 16:54:44,MTP,MWB
2022-05-10 16:54:44,MCM,PL
2022-05-10 16:54:44,MWB,PL
2022-05-10 16:54:44,DB,MCM
2022-05-10 16:54:44,DB,MWB
2022-05-10 16:54:44,MCM,MTP
2022-05-10 16:54:44,MTP,PL
2022-05-10 16:54:44,MGB,PL
2022-05-10 16:54:45,MGB,MTP
2022-05-10 16:54:45,MGB,MWB
2022-05-10 16:54:45,MTP,PL
2022-05-10 16:54:45,MCM,MGB
2022-05-10 16:54:45,MWB,PL
2022-05-10 16:54:45,DB,MCM
2022-05-10 16:54:45,DB,MWB
2022-05-10 16:54:45,DB,MTP
2022-05-10 16:54:45,MCM,MTP
2022-05-10 16:54:45,MTP,MWB
2022-05-10 16:54:45,MCM,PL
2022-05-10 16:54:45,MCM,MWB
2022-05-10 16:54:45,MGB,PL
2022-05-10 16:54:46,MCM,PL
2022-05-10 16:54:46,MCM,MGB
2022-05-10 16:54:46,MTP,MWB
2022-05-10 16:54:46,DB,MCM
2022-05-10 16:54:46,MGB,PL
2022-05-10 16:54:46,DB,MTP
2022-05-10 16:54:46,MCM,MWB
2022-05-10 16:54:46,MGB,MWB
2022-05-10 16:54:46,MWB,PL
2022-05-10 16:54:46,MGB,MTP
2022-05-10 16:54:46,MCM,MTP
2022-05-10 16:54:46,DB,MWB
2022-05-10 16:54:46,MTP,PL
2022-05-10 16:54:47,MGB,MTP
2022-05-10 16:54:47,MTP,MWB
2022-05-10 16:54:47,MCM,PL
2022-05-10 16:54:47,MCM,MTP
2022-05-10 16:54:47,MCM,MWB
2022-05-10 16:54:47,MTP,PL
2022-05-10 16:54:47,DB,MWB
2022-05-10 16:54:47,MGB,MWB
2022-05-10 16:54:47,MCM,MGB
2022-05-10 16:54:47,MWB,PL
2022-05-10 16:54:47,DB,MCM
2022-05-10 16:54:47,MGB,PL
2022-05-10 16:54:47,DB,MTP
2022-05-10 16:54:48,DB,MWB
2022-05-10 16:54:48,MTP,MWB
2022-05-10 16:54:48,MGB,MTP
2022-05-10 16:54:48,MGB,MWB
2022-05-10 16:54:48,MGB,PL
2022-05-10 16:54:48,DB,MTP
2022-05-10 16:54:48,MCM,PL
2022-05-10 16:54:48,MWB,PL
2022-05-10 16:54:48,MCM,MWB
2022-05-10 16:54:48,MCM,MGB
2022-05-10 16:54:48,MCM,MTP
2022-05-10 16:54:48,DB,MCM
2022-05-10 16:54:48,MTP,PL
2022-05-10 16:54:49,MWB,PL
2022-05-10 16:54:49,MCM,MGB
2022-05-10 16:54:49,MGB,MWB
2022-05-10 16:54:49,DB,MWB
2022-05-10 16:54:49,MCM,MTP
2022-05-10 16:54:49,DB,MTP
2022-05-10 16:54:49,MCM,MWB
2022-05-10 16:54:49,MGB,PL
2022-05-10 16:54:49,MCM,PL
2022-05-10 16:54:49,MGB,MTP
2022-05-10 16:54:49,MTP,PL
2022-05-10 16:54:49,MTP,MWB
2022-05-10 16:54:49,DB,MCM
2022-05-10 16:54:50,DB,MTP
2022-05-10 16:54:50,MCM,MGB
2022-05-10 16:54:50,MCM,PL
2022-05-10 16:54:50,MWB,PL
2022-05-10 16:54:50,MGB,PL
2022-05-10 16:54:50,MGB,MTP
2022-05-10 16:54:50,DB,MCM
2022-05-10 16:54:50,MTP,MWB
2022-05-10 16:54:50,MCM,MTP
2022-05-10 16:54:50,MTP,PL
2022-05-10 16:54:50,MCM,MWB
2022-05-10 16:54:50,DB,MWB
2022-05-10 16:54:50,MGB,MWB
2022-05-10 16:54:51,DB,MWB
2022-05-10 16:54:51,MTP,PL
2022-05-10 16:54:51,MCM,MGB
2022-05-10 16:54:51,MWB,PL
2022-05-10 16:54:51,MGB,MWB
2022-05-10 16:54:51,DB,MCM
2022-05-10 16:54:51,MCM,MTP
2022-05-10 16:54:51,DB,MTP
2022-05-10 16:54:51,MTP,MWB
2022-05-10 16:54:51,MGB,PL
2022-05-10 16:54:51,MCM,PL
2022-05-10 16:54:51,MCM,MWB
2022-05-10 16:54:51,MGB,MTP
2022-05-10 16:54:52,MWB,PL
2022-05-10 16:54:52,MCM,MWB
2022-05-10 16:54:52,MGB,MTP
2022-05-10 16:54:52,MGB,PL
2022-05-10 16:54:52,MCM,MGB
2022-05-10 16:54:52,MCM,PL
2022-05-10 16:54:52,DB,MWB
2022-05-10 16:54:52,DB,MCM
2022-05-10 16:54:52,MTP,MWB
2022-05-10 16:54:52,DB,MTP
2022-05-10 16:54:52,MCM,MTP
2022-05-10 16:54:52,MTP,PL
2022-05-10 16:54:52,MGB,MWB
2022-05-10 16:54:53,MGB,MTP
2022-05-10 16:54:53,DB,MTP
2022-05-10 16:54:53,MGB,PL
2022-05-10 16:54:53,MTP,MWB
2022-05-10 16:54:53,MGB,MWB
2022-05-10 16:54:53,MCM,PL
2022-05-10 16:54:53,DB,MCM
2022-05-10 16:54:53,MWB,PL
2022-05-10 16:54:53,MCM,MGB
2022-05-10 16:54:53,MCM,MTP
2022-05-10 16:54:53,DB,MWB
2022-05-10 16:54:53,MTP,PL
2022-05-10 16:54:53,MCM,MWB
2022-05-10 16:54:54,MCM,PL
2022-05-10 16:54:54,MCM,MTP
2022-05-10 16:54:54,DB,MWB
2022-05-10 16:54:54,MCM,MGB
2022-05-10 16:54:54,MCM,MWB
2022-05-10 16:54:54,MTP,PL
2022-05-10 16:54:54,MGB,MWB
2022-05-10 16:54:54,DB,MCM
2022-05-10 16:54:54,MGB,PL
2022-05-10 16:54:54,MWB,PL
2022-05-10 16:54:54,DB,MTP
2022-05-10 16:54:54,MGB,MTP
2022-05-10 16:54:54,MTP,MWB
2022-05-10 16:54:55,MGB,PL
2022-05-10 16:54:55,MCM,MGB
2022-05-10 16:54:55,DB,MTP
2022-05-10 16:54:55,MCM,MTP
2022-05-10 16:54:55,MCM,PL
2022-05-10 16:54:55,DB,MCM
2022-05-10 16:54:55,MTP,PL
2022-05-10 16:54:55,MCM,MWB
2022-05-10 16:54:55,MTP,MWB
2022-05-10 16:54:55,DB,MWB
2022-05-10 16:54:55,MGB,MWB
2022-05-10 16:54:55,MGB,MTP
2022-05-10 16:54:55,MWB,PL
2022-05-10 16:54:56,DB,MTP
2022-05-10 16:54:56,MTP,PL
2022-05-10 16:54:56,MCM,PL
2022-05-10 16:54:56,MGB,MWB
2022-05-10 16:54:56,MWB,PL
2022-05-10 16:54:56,MTP,MWB
2022-05-10 16:54:56,MCM,MTP
2022-05-10 16:54:56,MCM,MGB
2022-05-10 16:54:56,DB,MCM
2022-05-10 16:54:56,DB,MWB
2022-05-10 16:54:56,MGB,PL
2022-05-10 16:54:56,MCM,MWB
2022-05-10 16:54:56,MGB,MTP
2022-05-10 16:54:57,DB,MTP
2022-05-10 16:54:57,MGB,MTP
2022-05-10 16:54:57,DB,MCM
2022-05-10 16:54:57,MTP,PL
2022-05-10 16:54:57,MGB,MWB
2022-05-10 16:54:57,MTP,MWB
2022-05-10 16:54:57,MCM,MWB
2022-05-10 16:54:57,MWB,PL
2022-05-10 16:54:57,MGB,PL
2022-05-10 16:54:57,DB,MWB
2022-05-10 16:54:57,MCM,MGB
2022-05-10 16:54:57,MCM,MTP
2022-05-10 16:54:57,MCM,PL
2022-05-10 16:54:58,MTP,PL
2022-05-10 16:54:58,MGB,PL
2022-05-10 16:54:58,MTP,MWB
2022-05-10 16:54:58,MGB,MTP
2022-05-10 16:54:58,DB,MCM
2022-05-10 16:54:58,MCM,MTP
2022-05-10 16:54:58,DB,MTP
2022-05-10 16:54:58,MGB,MWB
2022-05-10 16:54:58,MWB,PL
2022-05-10 16:54:58,DB,MWB
2022-05-10 16:54:58,MCM,MGB
2022-05-10 16:54:58,MCM,PL
2022-05-10 16:54:58,MCM,MWB
2022-05-10 16:54:59,DB,MCM
2022-05-10 16:54:59,MGB,MTP
2022-05-10 16:54:59,MTP,MWB
2022-05-10 16:54:59,MWB,PL
2022-05-10 16:54:59,MGB,PL
2022-05-10 16:54:59,MTP,PL
2022-05-10 16:54:59,MCM,MGB
2022-05-10 16:54:59,MCM,MWB
2022-05-10 16:54:59,MGB,MWB
2022-05-10 16:54:59,DB,MWB
2022-05-10 16:54:59,DB,MTP
2022-05-10 16:54:59,MCM,PL
2022-05-10 16:54:59,MCM,MTP
2022-05-10 16:55:00,MGB,MTP
2022-05-10 16:55:00,MTP,PL
2022-05-10 16:55:00,MWB,PL
2022-05-10 16:55:00,MTP,MWB
2022-05-10 16:55:00,MCM,MWB
2022-05-10 16:55:00,MGB,MWB
2022-05-10 16:55:00,MGB,PL
2022-05-10 16:55:00,MCM,MGB
2022-05-10 16:55:00,MCM,PL
2022-05-10 16:55:00,DB,MCM
2022-05-10 16:55:00,DB,MTP
2022-05-10 16:55:00,MCM,MTP
2022-05-10 16:55:00,DB,MWB
2022-05-10 16:55:01,MCM,MTP
2022-05-10 16:55:01,MTP,MWB
2022-05-10 16:55:01,MCM,MGB
2022-05-10 16:55:01,DB,MWB
2022-05-10 16:55:01,MGB,MWB
2022-05-10 16:55:01,MGB,MTP
2022-05-10 16:55:01,MGB,PL
2022-05-10 16:55:01,MTP,PL
2022-05-10 16:55:01,DB,MTP
2022-05-10 16:55:01,MCM,PL
2022-05-10 16:55:01,MCM,MWB
2022-05-10 16:55:01,DB,MCM
2022-05-10 16:55:01,MWB,PL
2022-05-10 16:55:02,MTP,PL
2022-05-10 16:55:02,MCM,MWB
2022-05-10 16:55:02,MCM,MTP
2022-05-10 16:55:02,DB,MTP
2022-05-10 16:55:02,MGB,MWB
2022-05-10 16:55:02,DB,MWB
2022-05-10 16:55:02,DB,MCM
2022-05-10 16:55:02,MGB,MTP
2022-05-10 16:55:02,MTP,MWB
2022-05-10 16:55:02,MCM,PL
2022-05-10 16:55:02,MWB,PL
2022-05-10 16:55:02,MCM,MGB
2022-05-10 16:55:02,MGB,PL
2022-05-10 16:55:03,MCM,MGB
2022-05-10 16:55:03,MTP,PL
2022-05-10 16:55:03,DB,MCM
2022-05-10 16:55:03,MCM,MTP
2022-05-10 16:55:03,MCM,MWB
2022-05-10 16:55:03,MGB,MTP
2022-05-10 16:55:03,DB,MTP
2022-05-10 16:55:03,MCM,PL
2022-05-10 16:55:03,MGB,MWB
2022-05-10 16:55:03,MGB,PL
2022-05-10 16:55:03,DB,MWB
2022-05-10 16:55:03,MWB,PL
2022-05-10 16:55:03,MTP,MWB
2022-05-10 16:55:04,MGB,PL
2022-05-10 16:55:04,DB,MCM
2022-05-10 16:55:04,MWB,PL
2022-05-10 16:55:04,DB,PL
2022-05-10 16:55:04,MCM,MWB
2022-05-10 16:55:04,MCM,MGB
2022-05-10 16:55:04,MTP,PL
2022-05-10 16:55:04,DB,MTP
2022-05-10 16:55:04,MCM,MTP
2022-05-10 16:55:04,MCM,PL
2022-05-10 16:55:04,DB,MWB
2022-05-10 16:55:04,MTP,MWB
2022-05-10 16:55:04,MGB,MTP
2022-05-10 16:55:04,MGB,MWB
2022-05-10 16:55:05,DB,MCM
2022-05-10 16:55:05,DB,MWB
2022-05-10 16:55:05,DB,PL
2022-05-10 16:55:05,MGB,PL
2022-05-10 16:55:05,MCM,MGB
2022-05-10 16:55:05,MCM,MWB
2022-05-10 16:55:05,MGB,MWB
2022-05-10 16:55:05,MGB,MTP
2022-05-10 16:55:05,MWB,PL
2022-05-10 16:55:05,MCM,MTP
2022-05-10 16:55:05,MCM,PL
2022-05-10 16:55:05,MTP,MWB
2022-05-10 16:55:05,DB,MTP
2022-05-10 16:55:05,MTP,PL
2022-05-10 16:55:06,MTP,PL
2022-05-10 16:55:06,DB,MWB
2022-05-10 16:55:06,MCM,MGB
2022-05-10 16:55:06,MCM,MTP
2022-05-10 16:55:06,MCM,MWB
2022-05-10 16:55:06,DB,PL
2022-05-10 16:55:06,MGB,MTP
2022-05-10 16:55:06,MTP,MWB
2022-05-10 16:55:06,MCM,PL
2022-05-10 16:55:06,MGB,MWB
2022-05-10 16:55:06,MGB,PL
2022-05-10 16:55:06,DB,MTP
2022-05-10 16:55:06,DB,MCM
2022-05-10 16:55:06,MWB,PL
2022-05-10 16:55:07,MCM,MWB
2022-05-10 16:55:07,MCM,MGB
2022-05-10 16:55:07,MCM,MTP
2022-05-10 16:55:07,MGB,MWB
2022-05-10 16:55:07,DB,MWB
2022-05-10 16:55:07,DB,PL
2022-05-10 16:55:07,MTP,PL
2022-05-10 16:55:07,MGB,MTP
2022-05-10 16:55:07,DB,MTP
2022-05-10 16:55:07,MTP,MWB
2022-05-10 16:55:07,MCM,PL
2022-05-10 16:55:07,DB,MCM
2022-05-10 16:55:07,MWB,PL
2022-05-10 16:55:07,MGB,PL
2022-05-10 16:55:08,DB,MCM
2022-05-10 16:55:08,MCM,MGB
2022-05-10 16:55:08,DB,MWB
2022-05-10 16:55:08,MGB,MTP
2022-05-10 16:55:08,MCM,PL
2022-05-10 16:55:08,DB,MTP
2022-05-10 16:55:08,MTP,MWB
2022-05-10 16:55:08,MCM,MTP
2022-05-10 16:55:08,MGB,MWB
2022-05-10 16:55:08,MTP,PL
2022-05-10 16:55:08,MWB,PL
2022-05-10 16:55:08,DB,PL
2022-05-10 16:55:08,MCM,MWB
2022-05-10 16:55:08,MGB,PL
2022-05-10 16:55:09,MCM,MTP
2022-05-10 16:55:09,MTP,PL
2022-05-10 16:55:09,DB,PL
2022-05-10 16:55:09,DB,MWB
2022-05-10 16:55:09,MCM,PL
2022-05-10 16:55:09,MGB,PL
2022-05-10 16:55:09,DB,MTP
2022-05-10 16:55:09,MTP,MWB
2022-05-10 16:55:09,MWB,PL
2022-05-10 16:55:09,MGB,MWB
2022-05-10 16:55:09,DB,MCM
2022-05-10 16:55:09,MCM,MWB
2022-05-10 16:55:09,MGB,MTP
2022-05-10 16:55:09,MCM,MGB
2022-05-10 16:55:10,MTP,PL
2022-05-10 16:55:10,MCM,MTP
2022-05-10 16:55:10,MCM,MWB
2022-05-10 16:55:10,MTP,MWB
2022-05-10 16:55:10,DB,MTP
2022-05-10 16:55:10,MCM,PL
2022-05-10 16:55:10,DB,MWB
2022-05-10 16:55:10,MCM,MGB
2022-05-10 16:55:10,MWB,PL
2022-05-10 16:55:10,MGB,MTP
2022-05-10 16:55:10,DB,PL
2022-05-10 16:55:10,DB,MCM
2022-05-10 16:55:10,MGB,PL
2022-05-10 16:55:10,MGB,MWB
2022-05-10 16:55:11,MCM,PL
2022-05-10 16:55:11,MTP,MWB
2022-05-10 16:55:11,MCM,MWB
2022-05-10 16:55:11,MCM,MTP
2022-05-10 16:55:11,MCM,MGB
2022-05-10 16:55:11,MTP,PL
2022-05-10 16:55:11,MGB,MTP
2022-05-10 16:55:11,MGB,MWB
2022-05-10 16:55:11,MWB,PL
2022-05-10 16:55:11,DB,MTP
2022-05-10 16:55:11,DB,MWB
2022-05-10 16:55:11,MGB,PL
2022-05-10 16:55:11,DB,PL
2022-05-10 16:55:11,DB,MCM
2022-05-10 16:55:12,MWB,PL
2022-05-10 16:55:12,DB,MTP
2022-05-10 16:55:12,MCM,MGB
2022-05-10 16:55:12,DB,MWB
2022-05-10 16:55:12,MCM,MTP
2022-05-10 16:55:12,MCM,MWB
2022-05-10 16:55:12,MTP,MWB
2022-05-10 16:55:12,MCM,PL
2022-05-10 16:55:12,MTP,PL
2022-05-10 16:55:12,MGB,PL
2022-05-10 16:55:12,MGB,MWB
2022-05-10 16:55:12,DB,PL
2022-05-10 16:55:12,MGB,MTP
2022-05-10 16:55:12,DB,MCM
2022-05-10 16:55:13,MGB,MWB
2022-05-10 16:55:13,DB,MTP
2022-05-10 16:55:13,MGB,PL
2022-05-10 16:55:13,DB,MGB
2022-05-10 16:55:13,MCM,MWB
2022-05-10 16:55:13,MCM,MTP
2022-05-10 16:55:13,MGB,MTP
2022-05-10 16:55:13,MTP,MWB
2022-05-10 16:55:13,DB,MCM
2022-05-10 16:55:13,MWB,PL
2022-05-10 16:55:13,DB,PL
2022-05-10 16:55:13,MTP,PL
2022-05-10 16:55:13,MCM,PL
2022-05-10 16:55:13,MCM,MGB
2022-05-10 16:55:13,DB,MWB
2022-05-10 16:55:14,MWB,PL
2022-05-10 16:55:14,MCM,MTP
2022-05-10 16:55:14,DB,MCM
2022-05-10 16:55:14,MCM,MGB
2022-05-10 16:55:14,MTP,PL
2022-05-10 16:55:14,MGB,MTP
2022-05-10 16:55:14,MCM,MWB
2022-05-10 16:55:14,MTP,MWB
2022-05-10 16:55:14,DB,MWB
2022-05-10 16:55:14,DB,PL
2022-05-10 16:55:14,MGB,PL
2022-05-10 16:55:14,MCM,PL
2022-05-10 16:55:14,MGB,MWB
2022-05-10 16:55:14,DB,MTP
2022-05-10 16:55:14,DB,MGB
2022-05-10 16:55:15,DB,MCM
2022-05-10 16:55:15,DB,MTP
2022-05-10 16:55:15,DB,MWB
2022-05-10 16:55:15,MTP,PL
2022-05-10 16:55:15,DB,PL
2022-05-10 16:55:15,MGB,PL
2022-05-10 16:55:15,MTP,MWB
2022-05-10 16:55:15,MCM,MWB
2022-05-10 16:55:15,MCM,MGB
2022-05-10 16:55:15,MWB,PL
2022-05-10 16:55:15,MCM,PL
2022-05-10 16:55:15,MCM,MTP
2022-05-10 16:55:15,MGB,MWB
2022-05-10 16:55:15,MGB,MTP
2022-05-10 16:55:15,DB,MGB
2022-05-10 16:55:16,MCM,PL
2022-05-10 16:55:16,MGB,PL
2022-05-10 16:55:16,MGB,MTP
2022-05-10 16:55:16,DB,MCM
2022-05-10 16:55:16,MGB,MWB
2022-05-10 16:55:16,MCM,MWB
2022-05-10 16:55:16,DB,MWB
2022-05-10 16:55:16,DB,MGB
2022-05-10 16:55:16,MTP,MWB
2022-05-10 16:55:16,DB,PL
2022-05-10 16:55:16,MCM,MTP
2022-05-10 16:55:16,MTP,PL
2022-05-10 16:55:16,MWB,PL
2022-05-10 16:55:16,DB,MTP
2022-05-10 16:55:16,MCM,MGB
2022-05-10 16:55:17,MTP,MWB
2022-05-10 16:55:17,DB,MCM
2022-05-10 16:55:17,DB,MWB
2022-05-10 16:55:17,MGB,MTP
2022-05-10 16:55:17,MWB,PL
2022-05-10 16:55:17,DB,MTP
2022-05-10 16:55:17,MTP,PL
2022-05-10 16:55:17,MGB,PL
2022-05-10 16:55:17,MCM,MGB
2022-05-10 16:55:17,MCM,MWB
2022-05-10 16:55:17,MCM,PL
2022-05-10 16:55:17,MGB,MWB
2022-05-10 16:55:17,MCM,MTP
2022-05-10 16:55:17,DB,MGB
2022-05-10 16:55:17,DB,PL
2022-05-10 16:55:18,MTP,MWB
2022-05-10 16:55:18,MGB,MTP
2022-05-10 16:55:18,DB,MCM
2022-05-10 16:55:18,MCM,MWB
2022-05-10 16:55:18,DB,MGB
2022-05-10 16:55:18,DB,PL
2022-05-10 16:55:18,MCM,MTP
2022-05-10 16:55:18,MGB,MWB
2022-05-10 16:55:18,MCM,PL
2022-05-10 16:55:18,MGB,PL
2022-05-10 16:55:18,DB,MTP
2022-05-10 16:55:18,MCM,MGB
2022-05-10 16:55:18,MTP,PL
2022-05-10 16:55:18,DB,MWB
2022-05-10 16:55:18,MWB,PL
2022-05-10 16:55:19,MWB,PL
2022-05-10 16:55:19,MGB,PL
2022-05-10 16:55:19,DB,PL
2022-05-10 16:55:19,DB,MTP
2022-05-10 16:55:19,MGB,MWB
2022-05-10 16:55:19,DB,MGB
2022-05-10 16:55:19,DB,MWB
2022-05-10 16:55:19,MGB,MTP
2022-05-10 16:55:19,MCM,PL
2022-05-10 16:55:19,MCM,MTP
2022-05-10 16:55:19,DB,MCM
2022-05-10 16:55:19,MCM,MWB
2022-05-10 16:55:19,MTP,PL
2022-05-10 16:55:19,MCM,MGB
2022-05-10 16:55:19,MTP,MWB
2022-05-10 16:55:20,MWB,PL
2022-05-10 16:55:20,MGB,PL
2022-05-10 16:55:20,MTP,MWB
2022-05-10 16:55:20,DB,MTP
2022-05-10 16:55:20,MCM,MGB
2022-05-10 16:55:20,DB,MWB
2022-05-10 16:55:20,MCM,MTP
2022-05-10 16:55:20,MTP,PL
2022-05-10 16:55:20,MCM,MWB
2022-05-10 16:55:20,DB,MCM
2022-05-10 16:55:20,MGB,MWB
2022-05-10 16:55:20,MCM,PL
2022-05-10 16:55:20,DB,MGB
2022-05-10 16:55:20,DB,PL
2022-05-10 16:55:20,MGB,MTP
2022-05-10 16:55:21,MCM,MTP
2022-05-10 16:55:21,MWB,PL
2022-05-10 16:55:21,MTP,MWB
2022-05-10 16:55:21,MCM,PL
2022-05-10 16:55:21,DB,MGB
2022-05-10 16:55:21,DB,MWB
2022-05-10 16:55:21,MGB,PL
2022-05-10 16:55:21,MGB,MWB
2022-05-10 16:55:21,MCM,MWB
2022-05-10 16:55:21,MGB,MTP
2022-05-10 16:55:21,MTP,PL
2022-05-10 16:55:21,DB,MCM
2022-05-10 16:55:21,DB,MTP
2022-05-10 16:55:21,DB,PL
2022-05-10 16:55:21,MCM,MGB
2022-05-10 16:55:22,MGB,MTP
2022-05-10 16:55:22,MCM,MTP
2022-05-10 16:55:22,DB,MCM
2022-05-10 16:55:22,MGB,MWB
2022-05-10 16:55:22,MCM,PL
2022-05-10 16:55:22,DB,MTP
2022-05-10 16:55:22,MCM,MWB
2022-05-10 16:55:22,MTP,MWB
2022-05-10 16:55:22,MGB,PL
2022-05-10 16:55:22,DB,PL
2022-05-10 16:55:22,MTP,PL
2022-05-10 16:55:22,DB,MGB
2022-05-10 16:55:22,DB,MWB
2022-05-10 16:55:22,MCM,MGB
2022-05-10 16:55:22,MWB,PL
2022-05-10 16:55:23,MGB,MTP
2022-05-10 16:55:23,MCM,MWB
2022-05-10 16:55:23,DB,PL
2022-05-10 16:55:23,DB,MTP
2022-05-10 16:55:23,MWB,PL
2022-05-10 16:55:23,MGB,MWB
2022-05-10 16:55:23,DB,MCM
2022-05-10 16:55:23,MTP,PL
2022-05-10 16:55:23,MGB,PL
2022-05-10 16:55:23,MCM,MTP
2022-05-10 16:55:23,DB,MGB
2022-05-10 16:55:23,MTP,MWB
2022-05-10 16:55:23,MCM,MGB
2022-05-10 16:55:23,MCM,PL
2022-05-10 16:55:23,DB,MWB
2022-05-10 16:55:24,MCM,PL
2022-05-10 16:55:24,DB,MTP
2022-05-10 16:55:24,DB,MWB
2022-05-10 16:55:24,MWB,PL
2022-05-10 16:55:24,MGB,MWB
2022-05-10 16:55:24,DB,PL
2022-05-10 16:55:24,MCM,MWB
2022-05-10 16:55:24,DB,MCM
2022-05-10 16:55:24,MTP,PL
2022-05-10 16:55:24,DB,MGB
2022-05-10 16:55:24,MGB,MTP
2022-05-10 16:55:24,MGB,PL
2022-05-10 16:55:24,MCM,MGB
2022-05-10 16:55:24,MCM,MTP
2022-05-10 16:55:24,MTP,MWB
2022-05-10 16:55:25,MTP,MWB
2022-05-10 16:55:25,MGB,MWB
2022-05-10 16:55:25,MWB,PL
2022-05-10 16:55:25,MCM,MGB
2022-05-10 16:55:25,DB,MGB
2022-05-10 16:55:25,MCM,MTP
2022-05-10 16:55:25,MGB,MTP
2022-05-10 16:55:25,MTP,PL
2022-05-10 16:55:25,DB,PL
2022-05-10 16:55:25,MGB,PL
2022-05-10 16:55:25,DB,MWB
2022-05-10 16:55:25,MCM,PL
2022-05-10 16:55:25,MCM,MWB
2022-05-10 16:55:25,DB,MCM
2022-05-10 16:55:25,DB,MTP
2022-05-10 16:55:26,DB,MTP
2022-05-10 16:55:26,DB,PL
2022-05-10 16:55:26,MCM,PL
2022-05-10 16:55:26,MGB,MTP
2022-05-10 16:55:26,MCM,MWB
2022-05-10 16:55:26,DB,MGB
2022-05-10 16:55:26,MCM,MGB
2022-05-10 16:55:26,DB,MWB
2022-05-10 16:55:26,MGB,PL
2022-05-10 16:55:26,MTP,MWB
2022-05-10 16:55:26,DB,MCM
2022-05-10 16:55:26,MWB,PL
2022-05-10 16:55:26,MGB,MWB
2022-05-10 16:55:26,MCM,MTP
2022-05-10 16:55:26,MTP,PL
2022-05-10 16:55:27,MCM,PL
2022-05-10 16:55:27,MCM,MTP
2022-05-10 16:55:27,MTP,MWB
2022-05-10 16:55:27,DB,MGB
2022-05-10 16:55:27,MGB,MTP
2022-05-10 16:55:27,MCM,MGB
2022-05-10 16:55:27,MCM,MWB
2022-05-10 16:55:27,DB,MWB
2022-05-10 16:55:27,DB,MCM
2022-05-10 16:55:27,MGB,MWB
2022-05-10 16:55:27,MWB,PL
2022-05-10 16:55:27,DB,MTP
2022-05-10 16:55:27,MGB,PL
2022-05-10 16:55:27,DB,PL
2022-05-10 16:55:27,MTP,PL
2022-05-10 16:55:28,DB,MWB
2022-05-10 16:55:28,MCM,MGB
2022-05-10 16:55:28,MCM,MTP
2022-05-10 16:55:28,MGB,PL
2022-05-10 16:55:28,DB,MGB
2022-05-10 16:55:28,MTP,MWB
2022-05-10 16:55:28,MWB,PL
2022-05-10 16:55:28,DB,MCM
2022-05-10 16:55:28,MCM,MWB
2022-05-10 16:55:28,MTP,PL
2022-05-10 16:55:28,DB,PL
2022-05-10 16:55:28,DB,MTP
2022-05-10 16:55:28,MGB,MTP
2022-05-10 16:55:28,MGB,MWB
2022-05-10 16:55:28,MCM,PL
2022-05-10 16:55:29,MGB,MWB
2022-05-10 16:55:29,DB,MCM
2022-05-10 16:55:29,DB,PL
2022-05-10 16:55:29,MTP,PL
2022-05-10 16:55:29,MGB,PL
2022-05-10 16:55:29,MWB,PL
2022-05-10 16:55:29,MCM,PL
2022-05-10 16:55:29,MCM,MWB
2022-05-10 16:55:29,MGB,MTP
2022-05-10 16:55:29,MCM,MTP
2022-05-10 16:55:29,DB,MTP
2022-05-10 16:55:29,DB,MGB
2022-05-10 16:55:29,MTP,MWB
2022-05-10 16:55:29,MCM,MGB
2022-05-10 16:55:29,DB,MWB
2022-05-10 16:55:30,DB,MWB
2022-05-10 16:55:30,MWB,PL
2022-05-10 16:55:30,MCM,MTP
2022-05-10 16:55:30,MCM,PL
2022-05-10 16:55:30,MCM,MGB
2022-05-10 16:55:30,DB,MGB
2022-05-10 16:55:30,DB,MTP
2022-05-10 16:55:30,MCM,MWB
2022-05-10 16:55:30,MGB,PL
2022-05-10 16:55:30,DB,PL
2022-05-10 16:55:30,MGB,MWB
2022-05-10 16:55:30,MGB,MTP
2022-05-10 16:55:30,MTP,PL
2022-05-10 16:55:30,DB,MCM
2022-05-10 16:55:30,MTP,MWB
2022-05-10 16:55:31,MCM,MTP
2022-05-10 16:55:31,MCM,MWB
2022-05-10 16:55:31,DB,PL
2022-05-10 16:55:31,MCM,MGB
2022-05-10 16:55:31,DB,MWB
2022-05-10 16:55:31,MGB,MWB
2022-05-10 16:55:31,MWB,PL
2022-05-10 16:55:31,DB,MTP
2022-05-10 16:55:31,DB,MGB
2022-05-10 16:55:31,MTP,MWB
2022-05-10 16:55:31,MGB,MTP
2022-05-10 16:55:31,MCM,PL
2022-05-10 16:55:31,DB,MCM
2022-05-10 16:55:31,MTP,PL
2022-05-10 16:55:31,MGB,PL
2022-05-10 16:55:32,MWB,PL
2022-05-10 16:55:32,MGB,MWB
2022-05-10 16:55:32,MGB,PL
2022-05-10 16:55:32,DB,PL
2022-05-10 16:55:32,DB,MTP
2022-05-10 16:55:32,MGB,MTP
2022-05-10 16:55:32,MTP,PL
2022-05-10 16:55:32,DB,MWB
2022-05-10 16:55:32,MCM,PL
2022-05-10 16:55:32,MCM,MGB
2022-05-10 16:55:32,MCM,MWB
2022-05-10 16:55:32,DB,MGB
2022-05-10 16:55:32,DB,MCM
2022-05-10 16:55:32,MCM,MTP
2022-05-10 16:55:32,MTP,MWB
2022-05-10 16:55:33,MCM,MGB
2022-05-10 16:55:33,MTP,MWB
2022-05-10 16:55:33,DB,MWB
2022-05-10 16:55:33,MCM,MWB
2022-05-10 16:55:33,MGB,PL
2022-05-10 16:55:33,DB,PL
2022-05-10 16:55:33,MCM,PL
2022-05-10 16:55:33,MGB,MWB
2022-05-10 16:55:33,MWB,PL
2022-05-10 16:55:33,DB,MTP
2022-05-10 16:55:33,MTP,PL
2022-05-10 16:55:33,MCM,MTP
2022-05-10 16:55:33,DB,MCM
2022-05-10 16:55:33,DB,MGB
2022-05-10 16:55:33,MGB,MTP
2022-05-10 16:55:34,MGB,MWB
2022-05-10 16:55:34,DB,MTP
2022-05-10 16:55:34,MCM,MWB
2022-05-10 16:55:34,MCM,MTP
2022-05-10 16:55:34,DB,MCM
2022-05-10 16:55:34,MWB,PL
2022-05-10 16:55:34,DB,PL
2022-05-10 16:55:34,MCM,PL
2022-05-10 16:55:34,MGB,PL
2022-05-10 16:55:34,MTP,PL
2022-05-10 16:55:34,DB,MWB
2022-05-10 16:55:34,MTP,MWB
2022-05-10 16:55:34,MGB,MTP
2022-05-10 16:55:34,DB,MGB
2022-05-10 16:55:34,MCM,MGB
2022-05-10 16:55:35,MWB,PL
2022-05-10 16:55:35,MTP,PL
2022-05-10 16:55:35,MGB,MTP
2022-05-10 16:55:35,DB,MGB
2022-05-10 16:55:35,DB,MCM
2022-05-10 16:55:35,MTP,MWB
2022-05-10 16:55:35,MGB,MWB
2022-05-10 16:55:35,MGB,PL
2022-05-10 16:55:35,MCM,MTP
2022-05-10 16:55:35,MCM,MGB
2022-05-10 16:55:35,DB,MTP
2022-05-10 16:55:35,MCM,PL
2022-05-10 16:55:35,MCM,MWB
2022-05-10 16:55:35,DB,PL
2022-05-10 16:55:35,DB,MWB
2022-05-10 16:55:36,MCM,MGB
2022-05-10 16:55:36,MGB,PL
2022-05-10 16:55:36,MTP,MWB
2022-05-10 16:55:36,DB,PL
2022-05-10 16:55:36,MCM,MTP
2022-05-10 16:55:36,DB,MGB
2022-05-10 16:55:36,MCM,PL
2022-05-10 16:55:36,MGB,MWB
2022-05-10 16:55:36,MGB,MTP
2022-05-10 16:55:36,DB,MWB
2022-05-10 16:55:36,MTP,PL
2022-05-10 16:55:36,MWB,PL
2022-05-10 16:55:36,DB,MCM
2022-05-10 16:55:36,DB,MTP
2022-05-10 16:55:36,MCM,MWB
2022-05-10 16:55:37,MGB,MTP
2022-05-10 16:55:37,DB,MGB
2022-05-10 16:55:37,MCM,MGB
2022-05-10 16:55:37,DB,MCM
2022-05-10 16:55:37,MCM,MTP
2022-05-10 16:55:37,MCM,MWB
2022-05-10 16:55:37,MGB,MWB
2022-05-10 16:55:37,DB,PL
2022-05-10 16:55:37,MCM,PL
2022-05-10 16:55:37,DB,MWB
2022-05-10 16:55:37,MTP,MWB
2022-05-10 16:55:37,MTP,PL
2022-05-10 16:55:37,MGB,PL
2022-05-10 16:55:37,DB,MTP
2022-05-10 16:55:37,MWB,PL
2022-05-10 16:55:38,MTP,MWB
2022-05-10 16:55:38,MGB,PL
2022-05-10 16:55:38,MCM,MGB
2022-05-10 16:55:38,MCM,MWB
2022-05-10 16:55:38,DB,MWB
2022-05-10 16:55:38,DB,MGB
2022-05-10 16:55:38,MGB,MWB
2022-05-10 16:55:38,DB,PL
2022-05-10 16:55:38,MCM,PL
2022-05-10 16:55:38,MWB,PL
2022-05-10 16:55:38,DB,MTP
2022-05-10 16:55:38,MGB,MTP
2022-05-10 16:55:38,MCM,MTP
2022-05-10 16:55:38,MTP,PL
2022-05-10 16:55:38,DB,MCM
2022-05-10 16:55:39,MCM,PL
2022-05-10 16:55:39,DB,MWB
2022-05-10 16:55:39,MCM,MGB
2022-05-10 16:55:39,DB,MTP
2022-05-10 16:55:39,MTP,MWB
2022-05-10 16:55:39,DB,PL
2022-05-10 16:55:39,MTP,PL
2022-05-10 16:55:39,MGB,MWB
2022-05-10 16:55:39,MWB,PL
2022-05-10 16:55:39,MGB,PL
2022-05-10 16:55:39,DB,MCM
2022-05-10 16:55:39,MCM,MWB
2022-05-10 16:55:39,DB,MGB
2022-05-10 16:55:39,MGB,MTP
2022-05-10 16:55:39,MCM,MTP
2022-05-10 16:55:40,MGB,PL
2022-05-10 16:55:40,MGB,MWB
2022-05-10 16:55:40,DB,MTP
2022-05-10 16:55:40,MCM,MWB
2022-05-10 16:55:40,MCM,MTP
2022-05-10 16:55:40,DB,MWB
2022-05-10 16:55:40,MCM,PL
2022-05-10 16:55:40,MTP,PL
2022-05-10 16:55:40,MCM,MGB
2022-05-10 16:55:40,DB,MGB
2022-05-10 16:55:40,MTP,MWB
2022-05-10 16:55:40,MWB,PL
2022-05-10 16:55:40,DB,MCM
2022-05-10 16:55:40,MGB,MTP
2022-05-10 16:55:40,DB,PL
2022-05-10 16:55:41,DB,MCM
2022-05-10 16:55:41,MWB,PL
2022-05-10 16:55:41,MCM,MGB
2022-05-10 16:55:41,MTP,MWB
2022-05-10 16:55:41,MGB,MWB
2022-05-10 16:55:41,DB,MGB
2022-05-10 16:55:41,MTP,PL
2022-05-10 16:55:41,MCM,MWB
2022-05-10 16:55:41,DB,MTP
2022-05-10 16:55:41,MCM,PL
2022-05-10 16:55:41,MGB,PL
2022-05-10 16:55:41,DB,PL
2022-05-10 16:55:41,DB,MWB
2022-05-10 16:55:41,MCM,MTP
2022-05-10 16:55:41,MGB,MTP
2022-05-10 16:55:42,MCM,MWB
2022-05-10 16:55:42,MGB,MWB
2022-05-10 16:55:42,MCM,MTP
2022-05-10 16:55:42,MTP,PL
2022-05-10 16:55:42,DB,MTP
2022-05-10 16:55:42,MCM,PL
2022-05-10 16:55:42,MTP,MWB
2022-05-10 16:55:42,MWB,PL
2022-05-10 16:55:42,MCM,MGB
2022-05-10 16:55:42,DB,MCM
2022-05-10 16:55:42,MGB,MTP
2022-05-10 16:55:42,MGB,PL
2022-05-10 16:55:42,DB,MWB
2022-05-10 16:55:42,DB,PL
2022-05-10 16:55:42,DB,MGB
2022-05-10 16:55:43,MGB,MWB
2022-05-10 16:55:43,MCM,MGB
2022-05-10 16:55:43,MTP,MWB
2022-05-10 16:55:43,MTP,PL
2022-05-10 16:55:43,DB,MWB
2022-05-10 16:55:43,DB,PL
2022-05-10 16:55:43,DB,MGB
2022-05-10 16:55:43,MCM,MWB
2022-05-10 16:55:43,MWB,PL
2022-05-10 16:55:43,MCM,PL
2022-05-10 16:55:43,DB,MTP
2022-05-10 16:55:43,MCM,MTP
2022-05-10 16:55:43,MGB,MTP
2022-05-10 16:55:43,DB,MCM
2022-05-10 16:55:43,MGB,PL
2022-05-10 16:55:44,DB,PL
2022-05-10 16:55:44,MTP,MWB
2022-05-10 16:55:44,MWB,PL
2022-05-10 16:55:44,MGB,MTP
2022-05-10 16:55:44,MTP,PL
2022-05-10 16:55:44,DB,MWB
2022-05-10 16:55:44,DB,MTP
2022-05-10 16:55:44,DB,MGB
2022-05-10 16:55:44,MGB,MWB
2022-05-10 16:55:44,MCM,MWB
2022-05-10 16:55:44,DB,MCM
2022-05-10 16:55:44,MCM,PL
2022-05-10 16:55:44,MCM,MTP
2022-05-10 16:55:44,MGB,PL
2022-05-10 16:55:44,MCM,MGB
2022-05-10 16:55:45,MGB,MWB
2022-05-10 16:55:45,MCM,MTP
2022-05-10 16:55:45,DB,MTP
2022-05-10 16:55:45,MTP,MWB
2022-05-10 16:55:45,MGB,PL
2022-05-10 16:55:45,MCM,MGB
2022-05-10 16:55:45,DB,MWB
2022-05-10 16:55:45,DB,MGB
2022-05-10 16:55:45,MTP,PL
2022-05-10 16:55:45,MWB,PL
2022-05-10 16:55:45,MCM,PL
2022-05-10 16:55:45,MCM,MWB
2022-05-10 16:55:45,MGB,MTP
2022-05-10 16:55:45,DB,PL
2022-05-10 16:55:45,DB,MCM
2022-05-10 16:55:46,DB,MWB
2022-05-10 16:55:46,MGB,PL
2022-05-10 16:55:46,MCM,PL
2022-05-10 16:55:46,MCM,MTP
2022-05-10 16:55:46,MTP,MWB
2022-05-10 16:55:46,DB,MTP
2022-05-10 16:55:46,DB,PL
2022-05-10 16:55:46,MCM,MGB
2022-05-10 16:55:46,DB,MGB
2022-05-10 16:55:46,DB,MCM
2022-05-10 16:55:46,MWB,PL
2022-05-10 16:55:46,MGB,MTP
2022-05-10 16:55:46,MTP,PL
2022-05-10 16:55:46,MGB,MWB
2022-05-10 16:55:46,MCM,MWB
2022-05-10 16:55:47,MGB,MWB
2022-05-10 16:55:47,DB,MGB
2022-05-10 16:55:47,MGB,MTP
2022-05-10 16:55:47,MCM,MGB
2022-05-10 16:55:47,MCM,MWB
2022-05-10 16:55:47,MGB,PL
2022-05-10 16:55:47,MCM,PL
2022-05-10 16:55:47,DB,PL
2022-05-10 16:55:47,MTP,MWB
2022-05-10 16:55:47,DB,MTP
2022-05-10 16:55:47,MTP,PL
2022-05-10 16:55:47,DB,MCM
2022-05-10 16:55:47,MWB,PL
2022-05-10 16:55:47,DB,MWB
2022-05-10 16:55:47,MCM,MTP
2022-05-10 16:55:48,MCM,PL
2022-05-10 16:55:48,DB,MTP
2022-05-10 16:55:48,MTP,PL
2022-05-10 16:55:48,MGB,MTP
2022-05-10 16:55:48,DB,MWB
2022-05-10 16:55:48,MWB,PL
2022-05-10 16:55:48,DB,MCM
2022-05-10 16:55:48,MCM,MGB
2022-05-10 16:55:48,DB,MGB
2022-05-10 16:55:48,MCM,MTP
2022-05-10 16:55:48,MGB,MWB
2022-05-10 16:55:48,DB,PL
2022-05-10 16:55:48,MGB,PL
2022-05-10 16:55:48,MCM,MWB
2022-05-10 16:55:48,MTP,MWB
2022-05-10 16:55:49,MTP,PL
2022-05-10 16:55:49,DB,MCM
2022-05-10 16:55:49,MGB,MWB
2022-05-10 16:55:49,MCM,PL
2022-05-10 16:55:49,DB,MTP
2022-05-10 16:55:49,MCM,MWB
2022-05-10 16:55:49,MWB,PL
2022-05-10 16:55:49,MCM,MGB
2022-05-10 16:55:49,MGB,MTP
2022-05-10 16:55:49,MTP,MWB
2022-05-10 16:55:49,DB,PL
2022-05-10 16:55:49,MGB,PL
2022-05-10 16:55:49,DB,MWB
2022-05-10 16:55:49,DB,MGB
2022-05-10 16:55:49,MCM,MTP
2022-05-10 16:55:50,DB,PL
2022-05-10 16:55:50,MCM,MGB
2022-05-10 16:55:50,MGB,PL
2022-05-10 16:55:50,DB,MTP
2022-05-10 16:55:50,MCM,MTP
2022-05-10 16:55:50,MTP,PL
2022-05-10 16:55:50,MTP,MWB
2022-05-10 16:55:50,MWB,PL
2022-05-10 16:55:50,MCM,MWB
2022-05-10 16:55:50,MGB,MWB
2022-05-10 16:55:50,DB,MCM
2022-05-10 16:55:50,MCM,PL
2022-05-10 16:55:50,MGB,MTP
2022-05-10 16:55:50,DB,MWB
2022-05-10 16:55:50,DB,MGB
2022-05-10 16:55:51,DB,MCM
2022-05-10 16:55:51,DB,MGB
2022-05-10 16:55:51,MWB,PL
2022-05-10 16:55:51,MTP,MWB
2022-05-10 16:55:51,DB,PL
2022-05-10 16:55:51,MGB,PL
2022-05-10 16:55:51,DB,MTP
2022-05-10 16:55:51,DB,MWB
2022-05-10 16:55:51,MGB,MTP
2022-05-10 16:55:51,MGB,MWB
2022-05-10 16:55:51,MCM,MTP
2022-05-10 16:55:51,MCM,PL
2022-05-10 16:55:51,MCM,MWB
2022-05-10 16:55:51,MTP,PL
2022-05-10 16:55:51,MCM,MGB
2022-05-10 16:55:52,DB,MTP
2022-05-10 16:55:52,DB,MCM
2022-05-10 16:55:52,MCM,MGB
2022-05-10 16:55:52,DB,PL
2022-05-10 16:55:52,MCM,MTP
2022-05-10 16:55:52,MCM,MWB
2022-05-10 16:55:52,MWB,PL
2022-05-10 16:55:52,MGB,MWB
2022-05-10 16:55:52,MTP,MWB
2022-05-10 16:55:52,DB,MGB
2022-05-10 16:55:52,MTP,PL
2022-05-10 16:55:52,MCM,PL
2022-05-10 16:55:52,MGB,PL
2022-05-10 16:55:52,MGB,MTP
2022-05-10 16:55:52,DB,MWB
2022-05-10 16:55:53,MTP,PL
2022-05-10 16:55:53,MTP,MWB
2022-05-10 16:55:53,MCM,MWB
2022-05-10 16:55:53,MCM,PL
2022-05-10 16:55:53,MGB,MTP
2022-05-10 16:55:53,MCM,MTP
2022-05-10 16:55:53,MWB,PL
2022-05-10 16:55:53,DB,MTP
2022-05-10 16:55:53,DB,MCM
2022-05-10 16:55:53,DB,MWB
2022-05-10 16:55:53,DB,MGB
2022-05-10 16:55:53,MCM,MGB
2022-05-10 16:55:53,MGB,PL
2022-05-10 16:55:53,DB,PL
2022-05-10 16:55:53,MGB,MWB
2022-05-10 16:55:54,MGB,MWB
2022-05-10 16:55:54,MWB,PL
2022-05-10 16:55:54,DB,MGB
2022-05-10 16:55:54,MTP,MWB
2022-05-10 16:55:54,MCM,MWB
2022-05-10 16:55:54,MTP,PL
2022-05-10 16:55:54,MCM,PL
2022-05-10 16:55:54,DB,MTP
2022-05-10 16:55:54,MCM,MGB
2022-05-10 16:55:54,MGB,MTP
2022-05-10 16:55:54,DB,PL
2022-05-10 16:55:54,MCM,MTP
2022-05-10 16:55:54,DB,MCM
2022-05-10 16:55:54,DB,MWB
2022-05-10 16:55:54,MGB,PL
2022-05-10 16:55:55,DB,MGB
2022-05-10 16:55:55,MTP,MWB
2022-05-10 16:55:55,DB,MTP
2022-05-10 16:55:55,MCM,MGB
2022-05-10 16:55:55,MCM,PL
2022-05-10 16:55:55,MCM,MWB
2022-05-10 16:55:55,MTP,PL
2022-05-10 16:55:55,DB,MCM
2022-05-10 16:55:55,MCM,MTP
2022-05-10 16:55:55,MGB,MTP
2022-05-10 16:55:55,MGB,MWB
2022-05-10 16:55:55,MGB,PL
2022-05-10 16:55:55,DB,PL
2022-05-10 16:55:55,MWB,PL
2022-05-10 16:55:55,DB,MWB
2022-05-10 16:55:56,DB,MWB
2022-05-10 16:55:56,MWB,PL
2022-05-10 16:55:56,MGB,MTP
2022-05-10 16:55:56,DB,MGB
2022-05-10 16:55:56,MGB,PL
2022-05-10 16:55:56,MTP,PL
2022-05-10 16:55:56,MCM,MWB
2022-05-10 16:55:56,MCM,MGB
2022-05-10 16:55:56,DB,PL
2022-05-10 16:55:56,MGB,MWB
2022-05-10 16:55:56,MCM,PL
2022-05-10 16:55:56,MCM,MTP
2022-05-10 16:55:56,DB,MTP
2022-05-10 16:55:56,DB,MCM
2022-05-10 16:55:56,MTP,MWB
2022-05-10 16:55:57,MWB,PL
2022-05-10 16:55:57,MCM,MGB
2022-05-10 16:55:57,DB,MCM
2022-05-10 16:55:57,DB,PL
2022-05-10 16:55:57,MTP,PL
2022-05-10 16:55:57,MCM,MTP
2022-05-10 16:55:57,DB,MWB
2022-05-10 16:55:57,MCM,MWB
2022-05-10 16:55:57,MCM,PL
2022-05-10 16:55:57,DB,MTP
2022-05-10 16:55:57,MGB,MWB
2022-05-10 16:55:57,MGB,PL
2022-05-10 16:55:57,DB,MGB
2022-05-10 16:55:57,MGB,MTP
2022-05-10 16:55:57,MTP,MWB
2022-05-10 16:55:58,MGB,PL
2022-05-10 16:55:58,MCM,MGB
2022-05-10 16:55:58,MTP,PL
2022-05-10 16:55:58,DB,MWB
2022-05-10 16:55:58,MGB,MTP
2022-05-10 16:55:58,MCM,PL
2022-05-10 16:55:58,MCM,MTP
2022-05-10 16:55:58,DB,PL
2022-05-10 16:55:58,MWB,PL
2022-05-10 16:55:58,DB,MCM
2022-05-10 16:55:58,DB,MTP
2022-05-10 16:55:58,MTP,MWB
2022-05-10 16:55:58,DB,MGB
2022-05-10 16:55:58,MGB,MWB
2022-05-10 16:55:58,MCM,MWB
2022-05-10 16:55:59,MGB,MWB
2022-05-10 16:55:59,MTP,PL
2022-05-10 16:55:59,DB,PL
2022-05-10 16:55:59,MCM,MGB
2022-05-10 16:55:59,MTP,MWB
2022-05-10 16:55:59,DB,MGB
2022-05-10 16:55:59,DB,MCM
2022-05-10 16:55:59,DB,MTP
2022-05-10 16:55:59,MCM,PL
2022-05-10 16:55:59,MGB,PL
2022-05-10 16:55:59,MGB,MTP
2022-05-10 16:55:59,MWB,PL
2022-05-10 16:55:59,DB,MWB
2022-05-10 16:55:59,MCM,MWB
2022-05-10 16:55:59,MCM,MTP
2022-05-10 16:56:00,MCM,MTP
2022-05-10 16:56:00,MTP,PL
2022-05-10 16:56:00,MTP,MWB
2022-05-10 16:56:00,DB,MWB
2022-05-10 16:56:00,MGB,MWB
2022-05-10 16:56:00,DB,PL
2022-05-10 16:56:00,DB,MGB
2022-05-10 16:56:00,DB,MTP
2022-05-10 16:56:00,MCM,MWB
2022-05-10 16:56:00,MCM,PL
2022-05-10 16:56:00,MWB,PL
2022-05-10 16:56:00,DB,MCM
2022-05-10 16:56:00,MGB,MTP
2022-05-10 16:56:00,MCM,MGB
2022-05-10 16:56:00,MGB,PL
2022-05-10 16:56:01,MWB,PL
2022-05-10 16:56:01,MTP,MWB
2022-05-10 16:56:01,DB,MTP
2022-05-10 16:56:01,DB,MWB
2022-05-10 16:56:01,DB,MCM
2022-05-10 16:56:01,MGB,MWB
2022-05-10 16:56:01,MCM,MTP
2022-05-10 16:56:01,MCM,MGB
2022-05-10 16:56:01,MCM,PL
2022-05-10 16:56:01,DB,PL
2022-05-10 16:56:01,MGB,PL
2022-05-10 16:56:01,DB,MGB
2022-05-10 16:56:01,MGB,MTP
2022-05-10 16:56:01,MTP,PL
2022-05-10 16:56:01,MCM,MWB
2022-05-10 16:56:02,MCM,MGB
2022-05-10 16:56:02,DB,MTP
2022-05-10 16:56:02,DB,MWB
2022-05-10 16:56:02,MGB,MTP
2022-05-10 16:56:02,MGB,PL
2022-05-10 16:56:02,DB,PL
2022-05-10 16:56:02,MTP,MWB
2022-05-10 16:56:02,MCM,MTP
2022-05-10 16:56:02,MWB,PL
2022-05-10 16:56:02,DB,MCM
2022-05-10 16:56:02,MGB,MWB
2022-05-10 16:56:02,MCM,PL
2022-05-10 16:56:02,DB,MGB
2022-05-10 16:56:02,MTP,PL
2022-05-10 16:56:02,MCM,MWB
2022-05-10 16:56:03,MGB,MWB
2022-05-10 16:56:03,MTP,PL
2022-05-10 16:56:03,MCM,MTP
2022-05-10 16:56:03,MGB,MTP
2022-05-10 16:56:03,DB,MGB
2022-05-10 16:56:03,DB,MWB
2022-05-10 16:56:03,DB,PL
2022-05-10 16:56:03,MCM,MGB
2022-05-10 16:56:03,DB,MTP
2022-05-10 16:56:03,MTP,MWB
2022-05-10 16:56:03,MCM,PL
2022-05-10 16:56:03,MGB,PL
2022-05-10 16:56:03,MCM,MWB
2022-05-10 16:56:03,DB,MCM
2022-05-10 16:56:03,MWB,PL
2022-05-10 16:56:04,MWB,PL
2022-05-10 16:56:04,DB,PL
2022-05-10 16:56:04,DB,MGB
2022-05-10 16:56:04,MGB,PL
2022-05-10 16:56:04,MCM,MGB
2022-05-10 16:56:04,DB,MCM
2022-05-10 16:56:04,MGB,MTP
2022-05-10 16:56:04,MGB,MWB
2022-05-10 16:56:04,MCM,PL
2022-05-10 16:56:04,MCM,MWB
2022-05-10 16:56:04,MCM,MTP
2022-05-10 16:56:04,MTP,MWB
2022-05-10 16:56:04,DB,MTP
2022-05-10 16:56:04,DB,MWB
2022-05-10 16:56:04,MTP,PL
2022-05-10 16:56:05,MGB,MWB
2022-05-10 16:56:05,DB,MGB
2022-05-10 16:56:05,MCM,PL
2022-05-10 16:56:05,MCM,MWB
2022-05-10 16:56:05,MCM,MTP
2022-05-10 16:56:05,MCM,MGB
2022-05-10 16:56:05,DB,PL
2022-05-10 16:56:05,DB,MTP
2022-05-10 16:56:05,MTP,PL
2022-05-10 16:56:05,MGB,PL
2022-05-10 16:56:05,MGB,MTP
2022-05-10 16:56:05,DB,MWB
2022-05-10 16:56:05,MTP,MWB
2022-05-10 16:56:05,DB,MCM
2022-05-10 16:56:05,MWB,PL
2022-05-10 16:56:06,MTP,PL
2022-05-10 16:56:06,MCM,MWB
2022-05-10 16:56:06,MGB,MTP
2022-05-10 16:56:06,MGB,MWB
2022-05-10 16:56:06,MCM,MTP
2022-05-10 16:56:06,DB,MCM
2022-05-10 16:56:06,MTP,MWB
2022-05-10 16:56:06,DB,MGB
2022-05-10 16:56:06,DB,MTP
2022-05-10 16:56:06,MGB,PL
2022-05-10 16:56:06,MCM,MGB
2022-05-10 16:56:06,MCM,PL
2022-05-10 16:56:06,DB,PL
2022-05-10 16:56:06,DB,MWB
2022-05-10 16:56:06,MWB,PL
2022-05-10 16:56:07,MGB,MTP
2022-05-10 16:56:07,MCM,MTP
2022-05-10 16:56:07,MCM,MGB
2022-05-10 16:56:07,MGB,PL
2022-05-10 16:56:07,MTP,MWB
2022-05-10 16:56:07,MGB,MWB
2022-05-10 16:56:07,MWB,PL
2022-05-10 16:56:07,DB,MWB
2022-05-10 16:56:07,DB,MGB
2022-05-10 16:56:07,DB,MTP
2022-05-10 16:56:07,MTP,PL
2022-05-10 16:56:07,DB,MCM
2022-05-10 16:56:07,MCM,MWB
2022-05-10 16:56:07,DB,PL
2022-05-10 16:56:07,MCM,PL
2022-05-10 16:56:08,MGB,MTP
2022-05-10 16:56:08,DB,MTP
2022-05-10 16:56:08,MTP,MWB
2022-05-10 16:56:08,MTP,PL
2022-05-10 16:56:08,MWB,PL
2022-05-10 16:56:08,DB,PL
2022-05-10 16:56:08,DB,MWB
2022-05-10 16:56:08,MGB,PL
2022-05-10 16:56:08,MCM,PL
2022-05-10 16:56:08,MCM,MGB
2022-05-10 16:56:08,MCM,MWB
2022-05-10 16:56:08,MGB,MWB
2022-05-10 16:56:08,DB,MCM
2022-05-10 16:56:08,DB,MGB
2022-05-10 16:56:08,MCM,MTP
2022-05-10 16:56:09,DB,MGB
2022-05-10 16:56:09,MGB,PL
2022-05-10 16:56:09,MCM,MGB
2022-05-10 16:56:09,MCM,PL
2022-05-10 16:56:09,MGB,MTP
2022-05-10 16:56:09,DB,MCM
2022-05-10 16:56:09,DB,MTP
2022-05-10 16:56:09,MCM,MWB
2022-05-10 16:56:09,MTP,PL
2022-05-10 16:56:09,MTP,MWB
2022-05-10 16:56:09,MWB,PL
2022-05-10 16:56:09,DB,MWB
2022-05-10 16:56:09,DB,PL
2022-05-10 16:56:09,MCM,MTP
2022-05-10 16:56:09,MGB,MWB
2022-05-10 16:56:10,MWB,PL
2022-05-10 16:56:10,MCM,MWB
2022-05-10 16:56:10,MGB,MWB
2022-05-10 16:56:10,MCM,PL
2022-05-10 16:56:10,DB,PL
2022-05-10 16:56:10,MGB,PL
2022-05-10 16:56:10,DB,MCM
2022-05-10 16:56:10,MCM,MTP
2022-05-10 16:56:10,DB,MWB
2022-05-10 16:56:10,DB,MGB
2022-05-10 16:56:10,DB,MTP
2022-05-10 16:56:10,MTP,MWB
2022-05-10 16:56:10,MTP,PL
2022-05-10 16:56:10,MGB,MTP
2022-05-10 16:56:10,MCM,MGB
2022-05-10 16:56:11,DB,MWB
2022-05-10 16:56:11,DB,PL
2022-05-10 16:56:11,MTP,PL
2022-05-10 16:56:11,MGB,MWB
2022-05-10 16:56:11,MCM,MGB
2022-05-10 16:56:11,MTP,MWB
2022-05-10 16:56:11,MWB,PL
2022-05-10 16:56:11,MCM,PL
2022-05-10 16:56:11,MGB,PL
2022-05-10 16:56:11,MCM,MTP
2022-05-10 16:56:11,DB,MGB
2022-05-10 16:56:11,DB,MTP
2022-05-10 16:56:11,MGB,MTP
2022-05-10 16:56:11,DB,MCM
2022-05-10 16:56:11,MCM,MWB
2022-05-10 16:56:12,MCM,MWB
2022-05-10 16:56:12,MCM,PL
2022-05-10 16:56:12,MGB,PL
2022-05-10 16:56:12,DB,MWB
2022-05-10 16:56:12,MCM,MTP
2022-05-10 16:56:12,DB,MTP
2022-05-10 16:56:12,MGB,MTP
2022-05-10 16:56:12,DB,MCM
2022-05-10 16:56:12,DB,PL
2022-05-10 16:56:12,MWB,PL
2022-05-10 16:56:12,DB,MGB
2022-05-10 16:56:12,MCM,MGB
2022-05-10 16:56:12,MTP,PL
2022-05-10 16:56:12,MGB,MWB
2022-05-10 16:56:12,MTP,MWB
2022-05-10 16:56:13,MTP,MWB
2022-05-10 16:56:13,DB,MGB
2022-05-10 16:56:13,MWB,PL
2022-05-10 16:56:13,MGB,MTP
2022-05-10 16:56:13,MTP,PL
2022-05-10 16:56:13,DB,MTP
2022-05-10 16:56:13,MGB,MWB
2022-05-10 16:56:13,DB,MCM
2022-05-10 16:56:13,MCM,MGB
2022-05-10 16:56:13,MCM,MTP
2022-05-10 16:56:13,DB,PL
2022-05-10 16:56:13,MGB,PL
2022-05-10 16:56:13,DB,MWB
2022-05-10 16:56:13,MCM,PL
2022-05-10 16:56:13,MCM,MWB
2022-05-10 16:56:14,DB,MWB
2022-05-10 16:56:14,MGB,MWB
2022-05-10 16:56:14,DB,MTP
2022-05-10 16:56:14,MGB,MTP
2022-05-10 16:56:14,DB,PL
2022-05-10 16:56:14,MCM,MWB
2022-05-10 16:56:14,MCM,MTP
2022-05-10 16:56:14,DB,MGB
2022-05-10 16:56:14,MTP,MWB
2022-05-10 16:56:14,MCM,PL
2022-05-10 16:56:14,MTP,PL
2022-05-10 16:56:14,MGB,PL
2022-05-10 16:56:14,DB,MCM
2022-05-10 16:56:14,MWB,PL
2022-05-10 16:56:14,MCM,MGB
2022-05-10 16:56:15,MCM,PL
2022-05-10 16:56:15,MGB,PL
2022-05-10 16:56:15,DB,MTP
2022-05-10 16:56:15,MGB,MWB
2022-05-10 16:56:15,DB,MWB
2022-05-10 16:56:15,DB,MCM
2022-05-10 16:56:15,MTP,MWB
2022-05-10 16:56:15,MCM,MWB
2022-05-10 16:56:15,MCM,MGB
2022-05-10 16:56:15,MTP,PL
2022-05-10 16:56:15,DB,PL
2022-05-10 16:56:15,MCM,MTP
2022-05-10 16:56:15,MGB,MTP
2022-05-10 16:56:15,DB,MGB
2022-05-10 16:56:15,MWB,PL
2022-05-10 16:56:16,MCM,MGB
2022-05-10 16:56:16,MCM,MWB
2022-05-10 16:56:16,MCM,PL
2022-05-10 16:56:16,DB,MWB
2022-05-10 16:56:16,MWB,PL
2022-05-10 16:56:16,DB,MTP
2022-05-10 16:56:16,DB,MGB
2022-05-10 16:56:16,MGB,PL
2022-05-10 16:56:16,MTP,PL
2022-05-10 16:56:16,MGB,MWB
2022-05-10 16:56:16,DB,MCM
2022-05-10 16:56:16,DB,PL
2022-05-10 16:56:16,MTP,MWB
2022-05-10 16:56:16,MGB,MTP
2022-05-10 16:56:16,MCM,MTP
2022-05-10 16:56:17,MCM,MWB
2022-05-10 16:56:17,MCM,MTP
2022-05-10 16:56:17,DB,MGB
2022-05-10 16:56:17,MCM,MGB
2022-05-10 16:56:17,DB,PL
2022-05-10 16:56:17,DB,MTP
2022-05-10 16:56:17,MCM,PL
2022-05-10 16:56:17,MWB,PL
2022-05-10 16:56:17,MGB,MTP
2022-05-10 16:56:17,MGB,MWB
2022-05-10 16:56:17,MTP,PL
2022-05-10 16:56:17,DB,MCM
2022-05-10 16:56:17,MTP,MWB
2022-05-10 16:56:17,MGB,PL
2022-05-10 16:56:17,DB,MWB
2022-05-10 16:56:18,MCM,PL
2022-05-10 16:56:18,MWB,PL
2022-05-10 16:56:18,MCM,MTP
2022-05-10 16:56:18,MGB,MWB
2022-05-10 16:56:18,MCM,MGB
2022-05-10 16:56:18,DB,MCM
2022-05-10 16:56:18,MTP,MWB
2022-05-10 16:56:18,DB,PL
2022-05-10 16:56:18,MGB,PL
2022-05-10 16:56:18,DB,MTP
2022-05-10 16:56:18,DB,MWB
2022-05-10 16:56:18,MTP,PL
2022-05-10 16:56:18,DB,MGB
2022-05-10 16:56:18,MGB,MTP
2022-05-10 16:56:18,MCM,MWB
2022-05-10 16:56:19,MGB,MTP
2022-05-10 16:56:19,DB,MTP
2022-05-10 16:56:19,MCM,MTP
2022-05-10 16:56:19,DB,MGB
2022-05-10 16:56:19,MTP,PL
2022-05-10 16:56:19,MCM,PL
2022-05-10 16:56:19,MCM,MGB
2022-05-10 16:56:19,DB,PL
2022-05-10 16:56:19,MTP,MWB
2022-05-10 16:56:19,MWB,PL
2022-05-10 16:56:19,MGB,PL
2022-05-10 16:56:19,DB,MCM
2022-05-10 16:56:19,MGB,MWB
2022-05-10 16:56:19,MCM,MWB
2022-05-10 16:56:19,DB,MWB
2022-05-10 16:56:20,MTP,PL
2022-05-10 16:56:20,MCM,MGB
2022-05-10 16:56:20,DB,PL
2022-05-10 16:56:20,MGB,MTP
2022-05-10 16:56:20,MCM,MWB
2022-05-10 16:56:20,MCM,MTP
2022-05-10 16:56:20,MGB,MWB
2022-05-10 16:56:20,DB,MCM
2022-05-10 16:56:20,DB,MGB
2022-05-10 16:56:20,MCM,PL
2022-05-10 16:56:20,DB,MTP
2022-05-10 16:56:20,DB,MWB
2022-05-10 16:56:20,MGB,PL
2022-05-10 16:56:20,MTP,MWB
2022-05-10 16:56:20,MWB,PL
2022-05-10 16:56:21,DB,MCM
2022-05-10 16:56:21,DB,MWB
2022-05-10 16:56:21,MTP,MWB
2022-05-10 16:56:21,DB,PL
2022-05-10 16:56:21,MCM,PL
2022-05-10 16:56:21,DB,MGB
2022-05-10 16:56:21,MCM,MWB
2022-05-10 16:56:21,MWB,PL
2022-05-10 16:56:21,MGB,MWB
2022-05-10 16:56:21,MTP,PL
2022-05-10 16:56:21,MGB,MTP
2022-05-10 16:56:21,MCM,MGB
2022-05-10 16:56:21,MCM,MTP
2022-05-10 16:56:21,MGB,PL
2022-05-10 16:56:21,DB,MTP
2022-05-10 16:56:22,MCM,MTP
2022-05-10 16:56:22,DB,MWB
2022-05-10 16:56:22,MWB,PL
2022-05-10 16:56:22,DB,PL
2022-05-10 16:56:22,MCM,MGB
2022-05-10 16:56:22,MCM,MWB
2022-05-10 16:56:22,MGB,MTP
2022-05-10 16:56:22,DB,MGB
2022-05-10 16:56:22,DB,MTP
2022-05-10 16:56:22,MGB,PL
2022-05-10 16:56:22,DB,MCM
2022-05-10 16:56:22,MGB,MWB
2022-05-10 16:56:22,MCM,PL
2022-05-10 16:56:22,MTP,PL
2022-05-10 16:56:22,MTP,MWB
2022-05-10 16:56:23,DB,MTP
2022-05-10 16:56:23,MCM,MGB
2022-05-10 16:56:23,MCM,PL
2022-05-10 16:56:23,MWB,PL
2022-05-10 16:56:23,MCM,MWB
2022-05-10 16:56:23,MTP,PL
2022-05-10 16:56:23,MGB,MTP
2022-05-10 16:56:23,DB,MCM
2022-05-10 16:56:23,DB,PL
2022-05-10 16:56:23,DB,MWB
2022-05-10 16:56:23,MGB,PL
2022-05-10 16:56:23,MTP,MWB
2022-05-10 16:56:23,DB,MGB
2022-05-10 16:56:23,MCM,MTP
2022-05-10 16:56:23,MGB,MWB
2022-05-10 16:56:24,DB,MWB
2022-05-10 16:56:24,MGB,MWB
2022-05-10 16:56:24,MGB,PL
2022-05-10 16:56:24,DB,PL
2022-05-10 16:56:24,MTP,MWB
2022-05-10 16:56:24,MCM,MTP
2022-05-10 16:56:24,MWB,PL
2022-05-10 16:56:24,MCM,MWB
2022-05-10 16:56:24,MGB,MTP
2022-05-10 16:56:24,DB,MCM
2022-05-10 16:56:24,DB,MGB
2022-05-10 16:56:24,DB,MTP
2022-05-10 16:56:24,MTP,PL
2022-05-10 16:56:24,MCM,MGB
2022-05-10 16:56:24,MCM,PL
2022-05-10 16:56:25,MGB,PL
2022-05-10 16:56:25,MTP,MWB
2022-05-10 16:56:25,MCM,MTP
2022-05-10 16:56:25,MCM,PL
2022-05-10 16:56:25,DB,MTP
2022-05-10 16:56:25,MCM,MGB
2022-05-10 16:56:25,DB,PL
2022-05-10 16:56:25,MGB,MTP
2022-05-10 16:56:25,MCM,MWB
2022-05-10 16:56:25,DB,MGB
2022-05-10 16:56:25,MWB,PL
2022-05-10 16:56:25,MTP,PL
2022-05-10 16:56:25,DB,MCM
2022-05-10 16:56:25,MGB,MWB
2022-05-10 16:56:25,DB,MWB
2022-05-10 16:56:26,MCM,MWB
2022-05-10 16:56:26,MCM,MTP
2022-05-10 16:56:26,MCM,PL
2022-05-10 16:56:26,DB,MTP
2022-05-10 16:56:26,DB,MGB
2022-05-10 16:56:26,MWB,PL
2022-05-10 16:56:26,MTP,MWB
2022-05-10 16:56:26,DB,MCM
2022-05-10 16:56:26,MTP,PL
2022-05-10 16:56:26,MGB,MWB
2022-05-10 16:56:26,MCM,MGB
2022-05-10 16:56:26,MGB,PL
2022-05-10 16:56:26,MGB,MTP
2022-05-10 16:56:26,DB,MWB
2022-05-10 16:56:26,DB,PL
2022-05-10 16:56:27,MTP,PL
2022-05-10 16:56:27,MCM,MWB
2022-05-10 16:56:27,MCM,MGB
2022-05-10 16:56:27,MGB,MTP
2022-05-10 16:56:27,DB,MGB
2022-05-10 16:56:27,DB,PL
2022-05-10 16:56:27,DB,MWB
2022-05-10 16:56:27,MTP,MWB
2022-05-10 16:56:27,MGB,PL
2022-05-10 16:56:27,MCM,MTP
2022-05-10 16:56:27,MGB,MWB
2022-05-10 16:56:27,MWB,PL
2022-05-10 16:56:27,MCM,PL
2022-05-10 16:56:27,DB,MTP
2022-05-10 16:56:27,DB,MCM
2022-05-10 16:56:28,MGB,PL
2022-05-10 16:56:28,MWB,PL
2022-05-10 16:56:28,MGB,MWB
2022-05-10 16:56:28,DB,MGB
2022-05-10 16:56:28,MTP,MWB
2022-05-10 16:56:28,DB,MTP
2022-05-10 16:56:28,DB,MCM
2022-05-10 16:56:28,MCM,MGB
2022-05-10 16:56:28,MCM,MWB
2022-05-10 16:56:28,MGB,MTP
2022-05-10 16:56:28,DB,MWB
2022-05-10 16:56:28,MCM,MTP
2022-05-10 16:56:28,MCM,PL
2022-05-10 16:56:28,MTP,PL
2022-05-10 16:56:28,DB,PL
2022-05-10 16:56:29,DB,MCM
2022-05-10 16:56:29,MCM,MGB
2022-05-10 16:56:29,DB,MTP
2022-05-10 16:56:29,MGB,PL
2022-05-10 16:56:29,DB,MGB
2022-05-10 16:56:29,MTP,MWB
2022-05-10 16:56:29,MCM,PL
2022-05-10 16:56:29,MGB,MWB
2022-05-10 16:56:29,MWB,PL
2022-05-10 16:56:29,MTP,PL
2022-05-10 16:56:29,MCM,MWB
2022-05-10 16:56:29,DB,PL
2022-05-10 16:56:29,MGB,MTP
2022-05-10 16:56:29,MCM,MTP
2022-05-10 16:56:29,DB,MWB
2022-05-10 16:56:30,MCM,MWB
2022-05-10 16:56:30,DB,PL
2022-05-10 16:56:30,MGB,MTP
2022-05-10 16:56:30,DB,MTP
2022-05-10 16:56:30,MCM,PL
2022-05-10 16:56:30,DB,MWB
2022-05-10 16:56:30,MTP,MWB
2022-05-10 16:56:30,MCM,MTP
2022-05-10 16:56:30,MGB,MWB
2022-05-10 16:56:30,DB,MGB
2022-05-10 16:56:30,MGB,PL
2022-05-10 16:56:30,DB,MCM
2022-05-10 16:56:30,MTP,PL
2022-05-10 16:56:30,MWB,PL
2022-05-10 16:56:30,MCM,MGB
2022-05-10 16:56:31,MGB,MWB
2022-05-10 16:56:31,MCM,MTP
2022-05-10 16:56:31,MGB,PL
2022-05-10 16:56:31,DB,PL
2022-05-10 16:56:31,MCM,PL
2022-05-10 16:56:31,MTP,MWB
2022-05-10 16:56:31,MGB,MTP
2022-05-10 16:56:31,MCM,MWB
2022-05-10 16:56:31,MWB,PL
2022-05-10 16:56:31,MTP,PL
2022-05-10 16:56:31,DB,MTP
2022-05-10 16:56:31,DB,MGB
2022-05-10 16:56:31,DB,MCM
2022-05-10 16:56:31,DB,MWB
2022-05-10 16:56:31,MCM,MGB
2022-05-10 16:56:32,DB,MWB
2022-05-10 16:56:32,MGB,MTP
2022-05-10 16:56:32,DB,PL
2022-05-10 16:56:32,MTP,PL
2022-05-10 16:56:32,DB,MCM
2022-05-10 16:56:32,MGB,PL
2022-05-10 16:56:32,MWB,PL
2022-05-10 16:56:32,MTP,MWB
2022-05-10 16:56:32,MGB,MWB
2022-05-10 16:56:32,DB,MGB
2022-05-10 16:56:32,MCM,MTP
2022-05-10 16:56:32,MCM,PL
2022-05-10 16:56:32,MCM,MWB
2022-05-10 16:56:32,MCM,MGB
2022-05-10 16:56:32,DB,MTP
2022-05-10 16:56:33,MGB,MWB
2022-05-10 16:56:33,DB,MTP
2022-05-10 16:56:33,DB,MGB
2022-05-10 16:56:33,MGB,MTP
2022-05-10 16:56:33,DB,MCM
2022-05-10 16:56:33,MTP,PL
2022-05-10 16:56:33,MCM,MWB
2022-05-10 16:56:33,MTP,MWB
2022-05-10 16:56:33,MWB,PL
2022-05-10 16:56:33,DB,MWB
2022-05-10 16:56:33,DB,PL
2022-05-10 16:56:33,MGB,PL
2022-05-10 16:56:33,MCM,MGB
2022-05-10 16:56:33,MCM,PL
2022-05-10 16:56:33,MCM,MTP
2022-05-10 16:56:34,MTP,MWB
2022-05-10 16:56:34,DB,PL
2022-05-10 16:56:34,MGB,MWB
2022-05-10 16:56:34,DB,MTP
2022-05-10 16:56:34,MGB,MTP
2022-05-10 16:56:34,DB,MGB
2022-05-10 16:56:34,MCM,MTP
2022-05-10 16:56:34,MCM,PL
2022-05-10 16:56:34,MCM,MGB
2022-05-10 16:56:34,MCM,MWB
2022-05-10 16:56:34,MTP,PL
2022-05-10 16:56:34,DB,MWB
2022-05-10 16:56:34,MWB,PL
2022-05-10 16:56:34,MGB,PL
2022-05-10 16:56:34,DB,MCM
2022-05-10 16:56:35,MGB,MTP
2022-05-10 16:56:35,MWB,PL
2022-05-10 16:56:35,MTP,PL
2022-05-10 16:56:35,MGB,PL
2022-05-10 16:56:35,MTP,MWB
2022-05-10 16:56:35,DB,PL
2022-05-10 16:56:35,MCM,MGB
2022-05-10 16:56:35,DB,MWB
2022-05-10 16:56:35,DB,MTP
2022-05-10 16:56:35,MCM,MWB
2022-05-10 16:56:35,MGB,MWB
2022-05-10 16:56:35,DB,MCM
2022-05-10 16:56:35,MCM,MTP
2022-05-10 16:56:35,DB,MGB
2022-05-10 16:56:35,MCM,PL
2022-05-10 16:56:36,MGB,PL
2022-05-10 16:56:36,MTP,PL
2022-05-10 16:56:36,DB,MWB
2022-05-10 16:56:36,MGB,MTP
2022-05-10 16:56:36,MTP,MWB
2022-05-10 16:56:36,MWB,PL
2022-05-10 16:56:36,DB,MTP
2022-05-10 16:56:36,MCM,MGB
2022-05-10 16:56:36,DB,MGB
2022-05-10 16:56:36,DB,MCM
2022-05-10 16:56:36,MGB,MWB
2022-05-10 16:56:36,MCM,MWB
2022-05-10 16:56:36,MCM,MTP
2022-05-10 16:56:36,DB,PL
2022-05-10 16:56:36,MCM,PL
2022-05-10 16:56:37,DB,PL
2022-05-10 16:56:37,DB,MGB
2022-05-10 16:56:37,MTP,MWB
2022-05-10 16:56:37,MWB,PL
2022-05-10 16:56:37,MGB,MWB
2022-05-10 16:56:37,MTP,PL
2022-05-10 16:56:37,MGB,PL
2022-05-10 16:56:37,MCM,MTP
2022-05-10 16:56:37,DB,MWB
2022-05-10 16:56:37,DB,MTP
2022-05-10 16:56:37,MCM,MGB
2022-05-10 16:56:37,MCM,PL
2022-05-10 16:56:37,DB,MCM
2022-05-10 16:56:37,MCM,MWB
2022-05-10 16:56:37,MGB,MTP
2022-05-10 16:56:38,MTP,PL
2022-05-10 16:56:38,DB,PL
2022-05-10 16:56:38,DB,MTP
2022-05-10 16:56:38,MTP,MWB
2022-05-10 16:56:38,MCM,MWB
2022-05-10 16:56:38,DB,MGB
2022-05-10 16:56:38,DB,MCM
2022-05-10 16:56:38,MCM,MTP
2022-05-10 16:56:38,MGB,MWB
2022-05-10 16:56:38,MCM,PL
2022-05-10 16:56:38,MWB,PL
2022-05-10 16:56:38,MCM,MGB
2022-05-10 16:56:38,MGB,PL
2022-05-10 16:56:38,DB,MWB
2022-05-10 16:56:38,MGB,MTP
2022-05-10 16:56:39,MCM,MTP
2022-05-10 16:56:39,MCM,MGB
2022-05-10 16:56:39,DB,MGB
2022-05-10 16:56:39,MWB,PL
2022-05-10 16:56:39,MTP,PL
2022-05-10 16:56:39,DB,PL
2022-05-10 16:56:39,MCM,PL
2022-05-10 16:56:39,DB,MTP
2022-05-10 16:56:39,MTP,MWB
2022-05-10 16:56:39,MCM,MWB
2022-05-10 16:56:39,MGB,MWB
2022-05-10 16:56:39,MGB,MTP
2022-05-10 16:56:39,DB,MWB
2022-05-10 16:56:39,DB,MCM
2022-05-10 16:56:39,MGB,PL
2022-05-10 16:56:40,DB,MWB
2022-05-10 16:56:40,MTP,PL
2022-05-10 16:56:40,MGB,MWB
2022-05-10 16:56:40,DB,MGB
2022-05-10 16:56:40,MCM,PL
2022-05-10 16:56:40,MTP,MWB
2022-05-10 16:56:40,MGB,PL
2022-05-10 16:56:40,MWB,PL
2022-05-10 16:56:40,DB,MTP
2022-05-10 16:56:40,MGB,MTP
2022-05-10 16:56:40,DB,MCM
2022-05-10 16:56:40,DB,PL
2022-05-10 16:56:40,MCM,MGB
2022-05-10 16:56:40,MCM,MTP
2022-05-10 16:56:40,MCM,MWB
2022-05-10 16:56:41,MWB,PL
2022-05-10 16:56:41,MCM,PL
2022-05-10 16:56:41,DB,PL
2022-05-10 16:56:41,DB,MWB
2022-05-10 16:56:41,MTP,PL
2022-05-10 16:56:41,MCM,MTP
2022-05-10 16:56:41,DB,MGB
2022-05-10 16:56:41,MCM,MGB
2022-05-10 16:56:41,DB,MCM
2022-05-10 16:56:41,MGB,MWB
2022-05-10 16:56:41,MCM,MWB
2022-05-10 16:56:41,MTP,MWB
2022-05-10 16:56:41,MGB,PL
2022-05-10 16:56:41,MGB,MTP
2022-05-10 16:56:41,DB,MTP
2022-05-10 16:56:42,DB,MWB
2022-05-10 16:56:42,MGB,MWB
2022-05-10 16:56:42,MCM,MTP
2022-05-10 16:56:42,DB,MTP
2022-05-10 16:56:42,DB,PL
2022-05-10 16:56:42,DB,MCM
2022-05-10 16:56:42,MTP,PL
2022-05-10 16:56:42,MCM,PL
2022-05-10 16:56:42,MCM,MGB
2022-05-10 16:56:42,MTP,MWB
2022-05-10 16:56:42,MWB,PL
2022-05-10 16:56:42,MGB,PL
2022-05-10 16:56:42,DB,MGB
2022-05-10 16:56:42,MCM,MWB
2022-05-10 16:56:42,MGB,MTP
2022-05-10 16:56:43,MTP,MWB
2022-05-10 16:56:43,MCM,MTP
2022-05-10 16:56:43,MGB,PL
2022-05-10 16:56:43,DB,MTP
2022-05-10 16:56:43,MGB,MTP
2022-05-10 16:56:43,MTP,PL
2022-05-10 16:56:43,MCM,PL
2022-05-10 16:56:43,DB,MGB
2022-05-10 16:56:43,MCM,MWB
2022-05-10 16:56:43,DB,MCM
2022-05-10 16:56:43,DB,MWB
2022-05-10 16:56:43,MWB,PL
2022-05-10 16:56:43,MCM,MGB
2022-05-10 16:56:43,DB,PL
2022-05-10 16:56:43,MGB,MWB
2022-05-10 16:56:44,MGB,MTP
2022-05-10 16:56:44,MCM,MGB
2022-05-10 16:56:44,DB,MTP
2022-05-10 16:56:44,DB,MCM
2022-05-10 16:56:44,MTP,MWB
2022-05-10 16:56:44,DB,PL
2022-05-10 16:56:44,MCM,MTP
2022-05-10 16:56:44,DB,MGB
2022-05-10 16:56:44,MWB,PL
2022-05-10 16:56:44,MCM,PL
2022-05-10 16:56:44,DB,MWB
2022-05-10 16:56:44,MGB,PL
2022-05-10 16:56:44,MTP,PL
2022-05-10 16:56:44,MGB,MWB
2022-05-10 16:56:44,MCM,MWB
2022-05-10 16:56:45,MWB,PL
2022-05-10 16:56:45,DB,MWB
2022-05-10 16:56:45,DB,MCM
2022-05-10 16:56:45,MGB,MWB
2022-05-10 16:56:45,MTP,PL
2022-05-10 16:56:45,MGB,PL
2022-05-10 16:56:45,DB,MTP
2022-05-10 16:56:45,DB,PL
2022-05-10 16:56:45,MCM,MTP
2022-05-10 16:56:45,MCM,MGB
2022-05-10 16:56:45,DB,MGB
2022-05-10 16:56:45,MCM,MWB
2022-05-10 16:56:45,MTP,MWB
2022-05-10 16:56:45,MGB,MTP
2022-05-10 16:56:45,MCM,PL
2022-05-10 16:56:46,MTP,PL
2022-05-10 16:56:46,DB,MWB
2022-05-10 16:56:46,MGB,MTP
2022-05-10 16:56:46,MCM,MWB
2022-05-10 16:56:46,MCM,PL
2022-05-10 16:56:46,MTP,MWB
2022-05-10 16:56:46,DB,PL
2022-05-10 16:56:46,MCM,MGB
2022-05-10 16:56:46,MGB,PL
2022-05-10 16:56:46,DB,MCM
2022-05-10 16:56:46,DB,MTP
2022-05-10 16:56:46,MCM,MTP
2022-05-10 16:56:46,DB,MGB
2022-05-10 16:56:46,MWB,PL
2022-05-10 16:56:46,MGB,MWB
2022-05-10 16:56:47,DB,MCM
2022-05-10 16:56:47,MCM,MGB
2022-05-10 16:56:47,MCM,PL
2022-05-10 16:56:47,MCM,MTP
2022-05-10 16:56:47,MTP,MWB
2022-05-10 16:56:47,DB,MGB
2022-05-10 16:56:47,MGB,MTP
2022-05-10 16:56:47,MTP,PL
2022-05-10 16:56:47,MWB,PL
2022-05-10 16:56:47,DB,PL
2022-05-10 16:56:47,MGB,PL
2022-05-10 16:56:47,MGB,MWB
2022-05-10 16:56:47,MCM,MWB
2022-05-10 16:56:47,DB,MWB
2022-05-10 16:56:47,DB,MTP
2022-05-10 16:56:48,MGB,MWB
2022-05-10 16:56:48,DB,PL
2022-05-10 16:56:48,MTP,MWB
2022-05-10 16:56:48,DB,MCM
2022-05-10 16:56:48,MGB,PL
2022-05-10 16:56:48,MCM,MGB
2022-05-10 16:56:48,DB,MWB
2022-05-10 16:56:48,MGB,MTP
2022-05-10 16:56:48,MCM,PL
2022-05-10 16:56:48,MTP,PL
2022-05-10 16:56:48,DB,MGB
2022-05-10 16:56:48,MCM,MWB
2022-05-10 16:56:48,MWB,PL
2022-05-10 16:56:48,DB,MTP
2022-05-10 16:56:48,MCM,MTP
2022-05-10 16:56:49,MCM,PL
2022-05-10 16:56:49,MCM,MGB
2022-05-10 16:56:49,MCM,MWB
2022-05-10 16:56:49,DB,MGB
2022-05-10 16:56:49,MGB,PL
2022-05-10 16:56:49,DB,MCM
2022-05-10 16:56:49,MWB,PL
2022-05-10 16:56:49,MGB,MWB
2022-05-10 16:56:49,MCM,MTP
2022-05-10 16:56:49,DB,PL
2022-05-10 16:56:49,DB,MTP
2022-05-10 16:56:49,MTP,PL
2022-05-10 16:56:49,MGB,MTP
2022-05-10 16:56:49,DB,MWB
2022-05-10 16:56:49,MTP,MWB
2022-05-10 16:56:50,MGB,PL
2022-05-10 16:56:50,MTP,PL
2022-05-10 16:56:50,MGB,MWB
2022-05-10 16:56:50,MGB,MTP
2022-05-10 16:56:50,MCM,MTP
2022-05-10 16:56:50,DB,PL
2022-05-10 16:56:50,DB,MGB
2022-05-10 16:56:50,MCM,MGB
2022-05-10 16:56:50,MCM,MWB
2022-05-10 16:56:50,DB,MWB
2022-05-10 16:56:50,MTP,MWB
2022-05-10 16:56:50,DB,MTP
2022-05-10 16:56:50,DB,MCM
2022-05-10 16:56:50,MCM,PL
2022-05-10 16:56:50,MWB,PL
2022-05-10 16:56:51,DB,MWB
2022-05-10 16:56:51,DB,MTP
2022-05-10 16:56:51,DB,MGB
2022-05-10 16:56:51,MGB,MWB
2022-05-10 16:56:51,MGB,MTP
2022-05-10 16:56:51,MWB,PL
2022-05-10 16:56:51,MCM,MWB
2022-05-10 16:56:51,MCM,MTP
2022-05-10 16:56:51,DB,PL
2022-05-10 16:56:51,MGB,PL
2022-05-10 16:56:51,MTP,PL
2022-05-10 16:56:51,MCM,PL
2022-05-10 16:56:51,MCM,MGB
2022-05-10 16:56:51,MTP,MWB
2022-05-10 16:56:51,DB,MCM
2022-05-10 16:56:52,MGB,PL
2022-05-10 16:56:52,MCM,MGB
2022-05-10 16:56:52,DB,MWB
2022-05-10 16:56:52,MTP,MWB
2022-05-10 16:56:52,DB,MTP
2022-05-10 16:56:52,DB,PL
2022-05-10 16:56:52,MTP,PL
2022-05-10 16:56:52,MWB,PL
2022-05-10 16:56:52,MCM,PL
2022-05-10 16:56:52,MCM,MWB
2022-05-10 16:56:52,MGB,MTP
2022-05-10 16:56:52,MGB,MWB
2022-05-10 16:56:52,DB,MCM
2022-05-10 16:56:52,MCM,MTP
2022-05-10 16:56:52,DB,MGB
2022-05-10 16:56:53,MCM,MTP
2022-05-10 16:56:53,MCM,PL
2022-05-10 16:56:53,MTP,PL
2022-05-10 16:56:53,MGB,MTP
2022-05-10 16:56:53,MTP,MWB
2022-05-10 16:56:53,DB,MTP
2022-05-10 16:56:53,MGB,PL
2022-05-10 16:56:53,DB,MWB
2022-05-10 16:56:53,DB,MCM
2022-05-10 16:56:53,MWB,PL
2022-05-10 16:56:53,MCM,MWB
2022-05-10 16:56:53,DB,PL
2022-05-10 16:56:53,MCM,MGB
2022-05-10 16:56:53,MGB,MWB
2022-05-10 16:56:53,DB,MGB
2022-05-10 16:56:54,DB,MGB
2022-05-10 16:56:54,DB,MCM
2022-05-10 16:56:54,DB,MWB
2022-05-10 16:56:54,MTP,PL
2022-05-10 16:56:54,MCM,MWB
2022-05-10 16:56:54,MCM,PL
2022-05-10 16:56:54,MTP,MWB
2022-05-10 16:56:54,MWB,PL
2022-05-10 16:56:54,DB,MTP
2022-05-10 16:56:54,DB,PL
2022-05-10 16:56:54,MCM,MTP
2022-05-10 16:56:54,MCM,MGB
2022-05-10 16:56:54,MGB,PL
2022-05-10 16:56:54,MGB,MWB
2022-05-10 16:56:54,MGB,MTP
2022-05-10 16:56:55,MGB,MTP
2022-05-10 16:56:55,DB,MTP
2022-05-10 16:56:55,MCM,MWB
2022-05-10 16:56:55,DB,MCM
2022-05-10 16:56:55,MTP,PL
2022-05-10 16:56:55,MGB,PL
2022-05-10 16:56:55,MWB,PL
2022-05-10 16:56:55,MGB,MWB
2022-05-10 16:56:55,DB,PL
2022-05-10 16:56:55,MTP,MWB
2022-05-10 16:56:55,DB,MGB
2022-05-10 16:56:55,MCM,MGB
2022-05-10 16:56:55,MCM,PL
2022-05-10 16:56:55,DB,MWB
2022-05-10 16:56:56,MGB,PL
2022-05-10 16:56:56,MGB,MWB
2022-05-10 16:56:56,DB,MTP
2022-05-10 16:56:56,MGB,MTP
2022-05-10 16:56:56,MTP,MWB
2022-05-10 16:56:56,MCM,PL
2022-05-10 16:56:56,DB,MCM
2022-05-10 16:56:56,DB,PL
2022-05-10 16:56:56,MCM,MGB
2022-05-10 16:56:56,MWB,PL
2022-05-10 16:56:56,DB,MGB
2022-05-10 16:56:56,DB,MWB
2022-05-10 16:56:56,MTP,PL
2022-05-10 16:56:56,MCM,MWB
2022-05-10 16:56:57,MTP,PL
2022-05-10 16:56:57,MGB,MTP
2022-05-10 16:56:57,MWB,PL
2022-05-10 16:56:57,MTP,MWB
2022-05-10 16:56:57,DB,MTP
2022-05-10 16:56:57,DB,MGB
2022-05-10 16:56:57,DB,MWB
2022-05-10 16:56:57,MGB,MWB
2022-05-10 16:56:57,DB,PL
2022-05-10 16:56:57,MGB,PL
2022-05-10 16:56:58,DB,MGB
2022-05-10 16:56:58,DB,PL
2022-05-10 16:56:58,MWB,PL
2022-05-10 16:56:58,MGB,MTP
2022-05-10 16:56:58,MTP,MWB
2022-05-10 16:56:58,DB,MWB
2022-05-10 16:56:58,DB,MTP
2022-05-10 16:56:58,MGB,MWB
2022-05-10 16:56:58,MGB,PL
2022-05-10 16:56:58,MTP,PL
2022-05-10 16:56:59,MGB,MWB
2022-05-10 16:56:59,DB,MTP
2022-05-10 16:56:59,MGB,MTP
2022-05-10 16:56:59,MWB,PL
2022-05-10 16:56:59,MTP,PL
2022-05-10 16:56:59,DB,MGB
2022-05-10 16:56:59,MTP,MWB
2022-05-10 16:56:59,DB,PL
2022-05-10 16:56:59,DB,MWB
2022-05-10 16:56:59,MGB,PL
2022-05-10 16:57:00,MGB,PL
2022-05-10 16:57:00,DB,MGB
2022-05-10 16:57:00,MTP,PL
2022-05-10 16:57:00,DB,MWB
2022-05-10 16:57:00,MGB,MTP
2022-05-10 16:57:00,MTP,MWB
2022-05-10 16:57:00,MWB,PL
2022-05-10 16:57:00,MGB,MWB
2022-05-10 16:57:00,DB,PL
2022-05-10 16:57:00,DB,MTP
2022-05-10 16:57:01,DB,MWB
2022-05-10 16:57:01,MGB,PL
2022-05-10 16:57:01,DB,PL
2022-05-10 16:57:01,MTP,MWB
2022-05-10 16:57:01,DB,MGB
2022-05-10 16:57:01,MTP,PL
2022-05-10 16:57:01,MGB,MWB
2022-05-10 16:57:01,MWB,PL
2022-05-10 16:57:01,MGB,MTP
2022-05-10 16:57:01,DB,MTP
2022-05-10 16:57:02,MGB,MWB
2022-05-10 16:57:02,MTP,MWB
2022-05-10 16:57:02,DB,MGB
2022-05-10 16:57:02,DB,MWB
2022-05-10 16:57:02,MWB,PL
2022-05-10 16:57:02,MGB,MTP
2022-05-10 16:57:02,DB,PL
2022-05-10 16:57:02,MGB,PL
2022-05-10 16:57:02,MTP,PL
2022-05-10 16:57:02,DB,MTP
2022-05-10 16:57:03,DB,MTP
2022-05-10 16:57:03,DB,PL
2022-05-10 16:57:03,MTP,MWB
2022-05-10 16:57:03,DB,MGB
2022-05-10 16:57:03,DB,MWB
2022-05-10 16:57:03,MGB,PL
2022-05-10 16:57:03,MWB,PL
2022-05-10 16:57:03,MTP,PL
2022-05-10 16:57:03,MGB,MWB
2022-05-10 16:57:03,MGB,MTP
2022-05-10 16:57:04,DB,MGB
2022-05-10 16:57:04,MGB,MTP
2022-05-10 16:57:04,MGB,PL
2022-05-10 16:57:04,MGB,MWB
2022-05-10 16:57:04,DB,PL
2022-05-10 16:57:04,MTP,MWB
2022-05-10 16:57:04,DB,MWB
2022-05-10 16:57:04,MWB,PL
2022-05-10 16:57:04,DB,MTP
2022-05-10 16:57:04,MTP,PL
2022-05-10 16:57:05,MTP,MWB
2022-05-10 16:57:05,DB,MGB
2022-05-10 16:57:05,DB,PL
2022-05-10 16:57:05,MGB,PL
2022-05-10 16:57:05,MWB,PL
2022-05-10 16:57:05,MGB,MWB
2022-05-10 16:57:05,DB,MTP
2022-05-10 16:57:05,MTP,PL
2022-05-10 16:57:05,MGB,MTP
2022-05-10 16:57:05,DB,MWB
2022-05-10 16:57:06,MGB,MWB
2022-05-10 16:57:06,DB,MTP
2022-05-10 16:57:06,MWB,PL
2022-05-10 16:57:06,MGB,PL
2022-05-10 16:57:06,DB,PL
2022-05-10 16:57:06,MTP,MWB
2022-05-10 16:57:06,DB,MWB
2022-05-10 16:57:06,DB,MGB
2022-05-10 16:57:06,MTP,PL
2022-05-10 16:57:06,MGB,MTP
2022-05-10 16:57:07,MTP,PL
2022-05-10 16:57:07,DB,MGB
2022-05-10 16:57:07,MGB,PL
2022-05-10 16:57:07,DB,MTP
2022-05-10 16:57:07,MTP,MWB
2022-05-10 16:57:07,MGB,MTP
2022-05-10 16:57:07,DB,MWB
2022-05-10 16:57:07,MWB,PL
2022-05-10 16:57:07,DB,PL
2022-05-10 16:57:07,MGB,MWB
2022-05-10 16:57:08,DB,MTP
2022-05-10 16:57:08,MTP,MWB
2022-05-10 16:57:08,DB,PL
2022-05-10 16:57:08,MGB,MWB
2022-05-10 16:57:08,MTP,PL
2022-05-10 16:57:08,DB,MWB
2022-05-10 16:57:08,DB,MGB
2022-05-10 16:57:08,MGB,MTP
2022-05-10 16:57:08,MGB,PL
2022-05-10 16:57:08,MWB,PL
2022-05-10 16:57:09,MTP,MWB
2022-05-10 16:57:09,DB,MTP
2022-05-10 16:57:09,MTP,PL
2022-05-10 16:57:09,MGB,PL
2022-05-10 16:57:09,MWB,PL
2022-05-10 16:57:09,DB,MGB
2022-05-10 16:57:09,DB,MWB
2022-05-10 16:57:09,DB,PL
2022-05-10 16:57:09,MGB,MWB
2022-05-10 16:57:09,MGB,MTP
2022-05-10 16:57:10,DB,MGB
2022-05-10 16:57:10,DB,MTP
2022-05-10 16:57:10,MTP,PL
2022-05-10 16:57:10,MGB,PL
2022-05-10 16:57:10,DB,PL
2022-05-10 16:57:10,MGB,MWB
2022-05-10 16:57:10,MGB,MTP
2022-05-10 16:57:10,MTP,MWB
2022-05-10 16:57:10,DB,MWB
2022-05-10 16:57:10,MWB,PL
2022-05-10 16:57:11,DB,MTP
2022-05-10 16:57:11,MTP,MWB
2022-05-10 16:57:11,MGB,MTP
2022-05-10 16:57:11,MTP,PL
2022-05-10 16:57:11,DB,MGB
2022-05-10 16:57:11,MGB,PL
2022-05-10 16:57:11,MGB,MWB
2022-05-10 16:57:11,MWB,PL
2022-05-10 16:57:11,DB,MWB
2022-05-10 16:57:11,DB,PL
2022-05-10 16:57:12,DB,MTP
2022-05-10 16:57:12,MWB,PL
2022-05-10 16:57:12,MTP,PL
2022-05-10 16:57:12,DB,MWB
2022-05-10 16:57:12,DB,PL
2022-05-10 16:57:12,MGB,MTP
2022-05-10 16:57:12,MTP,MWB
2022-05-10 16:57:12,MGB,PL
2022-05-10 16:57:12,DB,MGB
2022-05-10 16:57:12,MGB,MWB
2022-05-10 16:57:13,MGB,MWB
2022-05-10 16:57:13,DB,MGB
2022-05-10 16:57:13,DB,MWB
2022-05-10 16:57:13,DB,MTP
2022-05-10 16:57:13,MTP,PL
2022-05-10 16:57:13,DB,PL
2022-05-10 16:57:13,MGB,MTP
2022-05-10 16:57:13,MTP,MWB
2022-05-10 16:57:13,MGB,PL
2022-05-10 16:57:13,MWB,PL
2022-05-10 16:57:14,MGB,MTP
2022-05-10 16:57:14,MTP,MWB
2022-05-10 16:57:14,MGB,MWB
2022-05-10 16:57:14,MGB,PL
2022-05-10 16:57:14,DB,PL
2022-05-10 16:57:14,MTP,PL
2022-05-10 16:57:14,DB,MTP
2022-05-10 16:57:14,MWB,PL
2022-05-10 16:57:14,DB,MWB
2022-05-10 16:57:15,MWB,PL
2022-05-10 16:57:15,MTP,MWB
2022-05-10 16:57:15,MTP,PL
2022-05-10 16:57:15,MGB,MWB
2022-05-10 16:57:15,DB,MTP
2022-05-10 16:57:15,MGB,MTP
2022-05-10 16:57:15,DB,MWB
2022-05-10 16:57:15,MGB,PL
2022-05-10 16:57:15,DB,PL
2022-05-10 16:57:16,MGB,MWB
2022-05-10 16:57:16,DB,MTP
2022-05-10 16:57:16,DB,PL
2022-05-10 16:57:16,DB,MWB
2022-05-10 16:57:16,MTP,MWB
2022-05-10 16:57:16,MWB,PL
2022-05-10 16:57:16,MGB,MTP
2022-05-10 16:57:16,MGB,PL
2022-05-10 16:57:16,MTP,PL
2022-05-10 16:57:17,MWB,PL
2022-05-10 16:57:17,MTP,MWB
2022-05-10 16:57:17,MGB,MTP
2022-05-10 16:57:17,MGB,PL
2022-05-10 16:57:17,DB,PL
2022-05-10 16:57:17,MGB,MWB
2022-05-10 16:57:17,DB,MWB
2022-05-10 16:57:17,DB,MTP
2022-05-10 16:57:17,MTP,PL
2022-05-10 16:57:18,MGB,MWB
2022-05-10 16:57:18,MTP,MWB
2022-05-10 16:57:18,MWB,PL
2022-05-10 16:57:18,DB,MWB
2022-05-10 16:57:18,MGB,PL
2022-05-10 16:57:18,MGB,MTP
2022-05-10 16:57:18,MTP,PL
2022-05-10 16:57:18,DB,MTP
2022-05-10 16:57:18,DB,PL
2022-05-10 16:57:19,MTP,MWB
2022-05-10 16:57:19,MGB,MWB
2022-05-10 16:57:19,DB,MTP
2022-05-10 16:57:19,DB,MWB
2022-05-10 16:57:19,MTP,PL
2022-05-10 16:57:19,MGB,PL
2022-05-10 16:57:19,DB,PL
2022-05-10 16:57:19,MGB,MTP
2022-05-10 16:57:19,MWB,PL
2022-05-10 16:57:20,MGB,MTP
2022-05-10 16:57:20,DB,PL
2022-05-10 16:57:20,DB,MTP
2022-05-10 16:57:20,DB,MWB
2022-05-10 16:57:20,MGB,MWB
2022-05-10 16:57:20,MGB,PL
2022-05-10 16:57:20,MTP,MWB
2022-05-10 16:57:20,MWB,PL
2022-05-10 16:57:20,MTP,PL
2022-05-10 16:57:21,DB,MTP
2022-05-10 16:57:21,MGB,PL
2022-05-10 16:57:21,MTP,MWB
2022-05-10 16:57:21,DB,PL
2022-05-10 16:57:21,MWB,PL
2022-05-10 16:57:21,MTP,PL
2022-05-10 16:57:21,DB,MWB
2022-05-10 16:57:21,MGB,MTP
2022-05-10 16:57:21,MGB,MWB
2022-05-10 16:57:22,MWB,PL
2022-05-10 16:57:22,MTP,MWB
2022-05-10 16:57:22,MGB,MWB
2022-05-10 16:57:22,MGB,PL
2022-05-10 16:57:22,MTP,PL
2022-05-10 16:57:22,MGB,MTP
2022-05-10 16:57:22,DB,PL
2022-05-10 16:57:22,DB,MTP
2022-05-10 16:57:22,DB,MWB
2022-05-10 16:57:23,DB,MTP
2022-05-10 16:57:23,MGB,PL
2022-05-10 16:57:23,MGB,MWB
2022-05-10 16:57:23,MGB,MTP
2022-05-10 16:57:23,DB,MWB
2022-05-10 16:57:23,MWB,PL
2022-05-10 16:57:23,DB,PL
2022-05-10 16:57:23,MTP,PL
2022-05-10 16:57:23,MTP,MWB
2022-05-10 16:57:24,DB,MTP
2022-05-10 16:57:24,MTP,PL
2022-05-10 16:57:24,MWB,PL
2022-05-10 16:57:24,MGB,MWB
2022-05-10 16:57:24,MGB,PL
2022-05-10 16:57:24,MGB,MTP
2022-05-10 16:57:24,DB,MWB
2022-05-10 16:57:24,MTP,MWB
2022-05-10 16:57:24,DB,PL
2022-05-10 16:57:25,MGB,MWB
2022-05-10 16:57:25,DB,MWB
2022-05-10 16:57:25,MTP,PL
2022-05-10 16:57:25,DB,PL
2022-05-10 16:57:25,MGB,PL
2022-05-10 16:57:25,MWB,PL
2022-05-10 16:57:25,MTP,MWB
2022-05-10 16:57:25,MGB,MTP
2022-05-10 16:57:25,DB,MTP
2022-05-10 16:57:26,DB,MTP
2022-05-10 16:57:26,MTP,PL
2022-05-10 16:57:26,MGB,PL
2022-05-10 16:57:26,MWB,PL
2022-05-10 16:57:26,MTP,MWB
2022-05-10 16:57:26,DB,PL
2022-05-10 16:57:26,MGB,MWB
2022-05-10 16:57:26,DB,MWB
2022-05-10 16:57:26,MGB,MTP
2022-05-10 16:57:27,MWB,PL
2022-05-10 16:57:27,MTP,MWB
2022-05-10 16:57:27,DB,PL
2022-05-10 16:57:27,MGB,MTP
2022-05-10 16:57:27,DB,MWB
2022-05-10 16:57:27,MGB,PL
2022-05-10 16:57:27,DB,MTP
2022-05-10 16:57:27,MGB,MWB
2022-05-10 16:57:27,MTP,PL
2022-05-10 16:57:28,MTP,PL
2022-05-10 16:57:28,DB,MTP
2022-05-10 16:57:28,MGB,MWB
2022-05-10 16:57:28,DB,MWB
2022-05-10 16:57:28,MGB,PL
2022-05-10 16:57:28,MTP,MWB
2022-05-10 16:57:28,MWB,PL
2022-05-10 16:57:28,DB,PL
2022-05-10 16:57:28,MGB,MTP
2022-05-10 16:57:29,MTP,PL
2022-05-10 16:57:29,MGB,MTP
2022-05-10 16:57:29,DB,MWB
2022-05-10 16:57:29,MWB,PL
2022-05-10 16:57:29,MTP,MWB
2022-05-10 16:57:29,DB,MTP
2022-05-10 16:57:29,DB,PL
2022-05-10 16:57:29,MGB,MWB
2022-05-10 16:57:29,MGB,PL
2022-05-10 16:57:30,DB,PL
2022-05-10 16:57:30,MGB,MTP
2022-05-10 16:57:30,MTP,MWB
2022-05-10 16:57:30,DB,MTP
2022-05-10 16:57:30,DB,MWB
2022-05-10 16:57:30,MGB,MWB
2022-05-10 16:57:30,MWB,PL
2022-05-10 16:57:30,MTP,PL
2022-05-10 16:57:30,MGB,PL
2022-05-10 16:57:31,MGB,PL
2022-05-10 16:57:31,MGB,MWB
2022-05-10 16:57:31,DB,MTP
2022-05-10 16:57:31,MTP,MWB
2022-05-10 16:57:31,DB,PL
2022-05-10 16:57:31,MTP,PL
2022-05-10 16:57:31,MWB,PL
2022-05-10 16:57:31,MGB,MTP
2022-05-10 16:57:31,DB,MWB
2022-05-10 16:57:32,DB,MWB
2022-05-10 16:57:32,MGB,MWB
2022-05-10 16:57:32,MTP,MWB
2022-05-10 16:57:32,MGB,MTP
2022-05-10 16:57:32,MGB,PL
2022-05-10 16:57:32,MWB,PL
2022-05-10 16:57:32,DB,MTP
2022-05-10 16:57:32,DB,PL
2022-05-10 16:57:32,MTP,PL
2022-05-10 16:57:33,MWB,PL
2022-05-10 16:57:33,MGB,MTP
2022-05-10 16:57:33,MGB,MWB
2022-05-10 16:57:33,DB,PL
2022-05-10 16:57:33,MTP,PL
2022-05-10 16:57:33,MGB,PL
2022-05-10 16:57:33,MTP,MWB
2022-05-10 16:57:33,DB,MWB
2022-05-10 16:57:33,DB,MTP
2022-05-10 16:57:34,MGB,MTP
2022-05-10 16:57:34,MGB,PL
2022-05-10 16:57:34,DB,PL
2022-05-10 16:57:34,DB,MWB
2022-05-10 16:57:34,MGB,MWB
2022-05-10 16:57:34,DB,MTP
2022-05-10 16:57:34,MWB,PL
2022-05-10 16:57:34,MTP,MWB
2022-05-10 16:57:34,MTP,PL
2022-05-10 16:57:35,MGB,MTP
2022-05-10 16:57:35,MGB,MWB
2022-05-10 16:57:35,DB,MTP
2022-05-10 16:57:35,DB,PL
2022-05-10 16:57:35,MTP,MWB
2022-05-10 16:57:35,MTP,PL
2022-05-10 16:57:35,DB,MWB
2022-05-10 16:57:35,MWB,PL
2022-05-10 16:57:35,MGB,PL
2022-05-10 16:57:36,MGB,PL
2022-05-10 16:57:36,DB,MTP
2022-05-10 16:57:36,MTP,PL
2022-05-10 16:57:36,DB,MWB
2022-05-10 16:57:36,MGB,MTP
2022-05-10 16:57:36,DB,PL
2022-05-10 16:57:36,MTP,MWB
2022-05-10 16:57:36,MWB,PL
2022-05-10 16:57:36,MGB,MWB
2022-05-10 16:57:37,MGB,MWB
2022-05-10 16:57:37,DB,PL
2022-05-10 16:57:37,MTP,PL
2022-05-10 16:57:37,MTP,MWB
2022-05-10 16:57:37,MGB,PL
2022-05-10 16:57:37,DB,MWB
2022-05-10 16:57:37,MGB,MTP
2022-05-10 16:57:37,DB,MTP
2022-05-10 16:57:37,MWB,PL
2022-05-10 16:57:38,MGB,PL
2022-05-10 16:57:38,DB,MWB
2022-05-10 16:57:38,MWB,PL
2022-05-10 16:57:38,DB,MTP
2022-05-10 16:57:38,MGB,MTP
2022-05-10 16:57:38,MTP,MWB
2022-05-10 16:57:38,MTP,PL
2022-05-10 16:57:38,MGB,MWB
2022-05-10 16:57:39,MGB,MWB
2022-05-10 16:57:39,MGB,MTP
2022-05-10 16:57:39,DB,MWB
2022-05-10 16:57:39,MTP,MWB
2022-05-10 16:57:39,MWB,PL
2022-05-10 16:57:39,MGB,PL
2022-05-10 16:57:39,MTP,PL
2022-05-10 16:57:40,MTP,MWB
2022-05-10 16:57:40,MGB,PL
2022-05-10 16:57:40,MGB,MTP
2022-05-10 16:57:40,MWB,PL
2022-05-10 16:57:40,MTP,PL
2022-05-10 16:57:40,DB,MWB
2022-05-10 16:57:40,MGB,MWB
2022-05-10 16:57:41,MGB,MWB
2022-05-10 16:57:41,MWB,PL
2022-05-10 16:57:41,MGB,MTP
2022-05-10 16:57:41,MTP,PL
2022-05-10 16:57:41,MTP,MWB
2022-05-10 16:57:41,DB,MWB
2022-05-10 16:57:41,MGB,PL
2022-05-10 16:57:42,DB,MWB
2022-05-10 16:57:42,MGB,MTP
2022-05-10 16:57:42,MTP,PL
2022-05-10 16:57:42,MGB,PL
2022-05-10 16:57:42,MWB,PL
2022-05-10 16:57:42,MGB,MWB
2022-05-10 16:57:42,MTP,MWB
2022-05-10 16:57:43,MGB,MWB
2022-05-10 16:57:43,MWB,PL
2022-05-10 16:57:43,DB,MWB
2022-05-10 16:57:43,MTP,MWB
2022-05-10 16:57:43,MGB,PL
2022-05-10 16:57:43,MTP,PL
2022-05-10 16:57:43,MGB,MTP
2022-05-10 16:57:44,MGB,MTP
2022-05-10 16:57:44,MTP,PL
2022-05-10 16:57:44,DB,MWB
2022-05-10 16:57:44,MTP,MWB
2022-05-10 16:57:44,MGB,MWB
2022-05-10 16:57:44,MGB,PL
2022-05-10 16:57:44,MWB,PL
2022-05-10 16:57:45,MTP,PL
2022-05-10 16:57:45,MGB,MTP
2022-05-10 16:57:45,DB,MWB
2022-05-10 16:57:45,MGB,PL
2022-05-10 16:57:45,MGB,MWB
2022-05-10 16:57:45,MWB,PL
2022-05-10 16:57:45,MTP,MWB
2022-05-10 16:57:46,MGB,PL
2022-05-10 16:57:46,MGB,MWB
2022-05-10 16:57:46,MTP,PL
2022-05-10 16:57:46,MWB,PL
2022-05-10 16:57:46,DB,MWB
2022-05-10 16:57:46,MTP,MWB
2022-05-10 16:57:46,MGB,MTP
2022-05-10 16:57:47,MTP,MWB
2022-05-10 16:57:47,MGB,MWB
2022-05-10 16:57:47,MWB,PL
2022-05-10 16:57:47,DB,MWB
2022-05-10 16:57:47,MGB,PL
2022-05-10 16:57:47,MTP,PL
2022-05-10 16:57:47,MGB,MTP
2022-05-10 16:57:48,MGB,MTP
2022-05-10 16:57:48,MGB,MWB
2022-05-10 16:57:48,MWB,PL
2022-05-10 16:57:48,DB,MWB
2022-05-10 16:57:48,MTP,PL
2022-05-10 16:57:48,MTP,MWB
2022-05-10 16:57:48,MGB,PL
2022-05-10 16:57:49,MWB,PL
2022-05-10 16:57:49,MGB,MWB
2022-05-10 16:57:49,DB,MWB
2022-05-10 16:57:49,MGB,MTP
2022-05-10 16:57:49,MTP,MWB
2022-05-10 16:57:49,MGB,PL
2022-05-10 16:57:49,MTP,PL
2022-05-10 16:57:50,DB,MWB
2022-05-10 16:57:50,MTP,MWB
2022-05-10 16:57:50,MGB,MTP
2022-05-10 16:57:50,MTP,PL
2022-05-10 16:57:50,MGB,PL
2022-05-10 16:57:50,MGB,MWB
2022-05-10 16:57:50,MWB,PL
2022-05-10 16:57:51,MGB,MTP
2022-05-10 16:57:51,MGB,PL
2022-05-10 16:57:51,MTP,MWB
2022-05-10 16:57:51,DB,MWB
2022-05-10 16:57:51,MGB,MWB
2022-05-10 16:57:51,MWB,PL
2022-05-10 16:57:51,MTP,PL
2022-05-10 16:57:52,MGB,PL
2022-05-10 16:57:52,MGB,MWB
2022-05-10 16:57:52,DB,MWB
2022-05-10 16:57:52,MTP,PL
2022-05-10 16:57:52,MTP,MWB
2022-05-10 16:57:52,MGB,MTP
2022-05-10 16:57:52,MWB,PL
2022-05-10 16:57:53,MGB,PL
2022-05-10 16:57:53,DB,MWB
2022-05-10 16:57:53,MTP,PL
2022-05-10 16:57:53,MWB,PL
2022-05-10 16:57:53,MGB,MWB
2022-05-10 16:57:53,MGB,MTP
2022-05-10 16:57:53,MTP,MWB
2022-05-10 16:57:54,MTP,MWB
2022-05-10 16:57:54,MTP,PL
2022-05-10 16:57:54,DB,MWB
2022-05-10 16:57:54,MGB,MTP
2022-05-10 16:57:54,MGB,PL
2022-05-10 16:57:54,MGB,MWB
2022-05-10 16:57:54,MWB,PL
2022-05-10 16:57:55,MWB,PL
2022-05-10 16:57:55,MGB,MWB
2022-05-10 16:57:55,MTP,PL
2022-05-10 16:57:55,MGB,PL
2022-05-10 16:57:55,MTP,MWB
2022-05-10 16:57:55,MGB,MTP
2022-05-10 16:57:55,DB,MWB
2022-05-10 16:57:56,DB,MWB
2022-05-10 16:57:56,MGB,PL
2022-05-10 16:57:56,MTP,PL
2022-05-10 16:57:56,MGB,MTP
2022-05-10 16:57:56,MWB,PL
2022-05-10 16:57:56,MTP,MWB
2022-05-10 16:57:56,MGB,MWB
2022-05-10 16:57:57,MTP,MWB
2022-05-10 16:57:57,MGB,MWB
2022-05-10 16:57:57,MGB,PL
2022-05-10 16:57:57,MTP,PL
2022-05-10 16:57:57,MGB,MTP
2022-05-10 16:57:57,DB,MWB
2022-05-10 16:57:57,MWB,PL
2022-05-10 16:57:58,MGB,MWB
2022-05-10 16:57:58,MWB,PL
2022-05-10 16:57:58,MGB,MTP
2022-05-10 16:57:58,DB,MTP
2022-05-10 16:57:58,MGB,PL
2022-05-10 16:57:58,DB,MWB
2022-05-10 16:57:58,MTP,PL
2022-05-10 16:57:58,MTP,MWB
2022-05-10 16:57:59,MWB,PL
2022-05-10 16:57:59,MTP,PL
2022-05-10 16:57:59,MGB,MTP
2022-05-10 16:57:59,MGB,MWB
2022-05-10 16:57:59,DB,MWB
2022-05-10 16:57:59,MGB,PL
2022-05-10 16:57:59,DB,MTP
2022-05-10 16:57:59,MTP,MWB
2022-05-10 16:58:00,MWB,PL
2022-05-10 16:58:00,DB,MWB
2022-05-10 16:58:00,MGB,PL
2022-05-10 16:58:00,MGB,MTP
2022-05-10 16:58:00,DB,MTP
2022-05-10 16:58:00,MTP,PL
2022-05-10 16:58:00,MGB,MWB
2022-05-10 16:58:00,MTP,MWB
2022-05-10 16:58:01,MGB,MTP
2022-05-10 16:58:01,MGB,PL
2022-05-10 16:58:01,MGB,MWB
2022-05-10 16:58:01,MTP,PL
2022-05-10 16:58:01,MWB,PL
2022-05-10 16:58:01,DB,MTP
2022-05-10 16:58:01,DB,MWB
2022-05-10 16:58:01,MTP,MWB
2022-05-10 16:58:02,MGB,MTP
2022-05-10 16:58:02,DB,MTP
2022-05-10 16:58:02,MTP,PL
2022-05-10 16:58:02,MGB,PL
2022-05-10 16:58:02,MTP,MWB
2022-05-10 16:58:02,MGB,MWB
2022-05-10 16:58:02,MWB,PL
2022-05-10 16:58:03,MWB,PL
2022-05-10 16:58:03,DB,MTP
2022-05-10 16:58:03,MGB,MWB
2022-05-10 16:58:03,MGB,MTP
2022-05-10 16:58:03,MTP,MWB
2022-05-10 16:58:03,MTP,PL
2022-05-10 16:58:03,MGB,PL
2022-05-10 16:58:04,MWB,PL
2022-05-10 16:58:04,MGB,PL
2022-05-10 16:58:04,MTP,PL
2022-05-10 16:58:04,MGB,MWB
2022-05-10 16:58:04,DB,MTP
2022-05-10 16:58:04,MTP,MWB
2022-05-10 16:58:04,MGB,MTP
2022-05-10 16:58:05,MTP,MWB
2022-05-10 16:58:05,DB,MTP
2022-05-10 16:58:05,MGB,MWB
2022-05-10 16:58:05,MGB,MTP
2022-05-10 16:58:05,MWB,PL
2022-05-10 16:58:05,MGB,PL
2022-05-10 16:58:05,MTP,PL
2022-05-10 16:58:06,DB,MTP
2022-05-10 16:58:06,MGB,PL
2022-05-10 16:58:06,MGB,MWB
2022-05-10 16:58:06,MTP,MWB
2022-05-10 16:58:06,MTP,PL
2022-05-10 16:58:06,MGB,MTP
2022-05-10 16:58:06,MWB,PL
2022-05-10 16:58:07,MGB,PL
2022-05-10 16:58:07,MGB,MTP
2022-05-10 16:58:07,MWB,PL
2022-05-10 16:58:07,MGB,MWB
2022-05-10 16:58:07,DB,MTP
2022-05-10 16:58:07,MTP,PL
2022-05-10 16:58:07,MTP,MWB
2022-05-10 16:58:08,MGB,MTP
2022-05-10 16:58:08,MWB,PL
2022-05-10 16:58:08,MTP,MWB
2022-05-10 16:58:08,MGB,MWB
2022-05-10 16:58:08,MGB,PL
2022-05-10 16:58:08,DB,MTP
2022-05-10 16:58:08,MTP,PL
2022-05-10 16:58:09,MGB,MTP
2022-05-10 16:58:09,MGB,MWB
2022-05-10 16:58:09,DB,MTP
2022-05-10 16:58:09,MWB,PL
2022-05-10 16:58:09,MTP,PL
2022-05-10 16:58:09,MGB,PL
2022-05-10 16:58:09,MTP,MWB
2022-05-10 16:58:10,DB,MTP
2022-05-10 16:58:10,MGB,MWB
2022-05-10 16:58:10,MTP,MWB
2022-05-10 16:58:10,MGB,PL
2022-05-10 16:58:10,MGB,MTP
2022-05-10 16:58:10,MTP,PL
2022-05-10 16:58:10,MWB,PL
2022-05-10 16:58:11,MGB,MTP
2022-05-10 16:58:11,MWB,PL
2022-05-10 16:58:11,DB,MTP
2022-05-10 16:58:11,MTP,MWB
2022-05-10 16:58:11,MGB,MWB
2022-05-10 16:58:11,MTP,PL
2022-05-10 16:58:11,MGB,PL
2022-05-10 16:58:12,DB,MTP
2022-05-10 16:58:12,MTP,MWB
2022-05-10 16:58:12,MTP,PL
2022-05-10 16:58:12,MGB,MTP
2022-05-10 16:58:12,MGB,MWB
2022-05-10 16:58:12,MWB,PL
2022-05-10 16:58:12,MGB,PL
2022-05-10 16:58:13,DB,MTP
2022-05-10 16:58:13,MGB,MTP
2022-05-10 16:58:13,MTP,MWB
2022-05-10 16:58:13,MWB,PL
2022-05-10 16:58:13,MTP,PL
2022-05-10 16:58:13,MGB,MWB
2022-05-10 16:58:13,MGB,PL
2022-05-10 16:58:14,MTP,MWB
2022-05-10 16:58:14,DB,MTP
2022-05-10 16:58:14,MGB,MWB
2022-05-10 16:58:14,MWB,PL
2022-05-10 16:58:14,MGB,PL
2022-05-10 16:58:14,MTP,PL
2022-05-10 16:58:14,MGB,MTP
2022-05-10 16:58:15,MGB,PL
2022-05-10 16:58:15,MTP,PL
2022-05-10 16:58:15,MGB,MWB
2022-05-10 16:58:15,MGB,MTP
2022-05-10 16:58:15,MWB,PL
2022-05-10 16:58:15,MTP,MWB
2022-05-10 16:58:15,DB,MTP
2022-05-10 16:58:16,DB,MTP
2022-05-10 16:58:16,MGB,MTP
2022-05-10 16:58:16,MTP,PL
2022-05-10 16:58:16,MWB,PL
2022-05-10 16:58:16,MTP,MWB
2022-05-10 16:58:16,MGB,PL
2022-05-10 16:58:16,MGB,MWB
2022-05-10 16:58:17,MGB,MWB
2022-05-10 16:58:17,DB,MTP
2022-05-10 16:58:17,MGB,MTP
2022-05-10 16:58:17,MGB,PL
2022-05-10 16:58:17,MWB,PL
2022-05-10 16:58:17,MTP,PL
2022-05-10 16:58:17,MTP,MWB
2022-05-10 16:58:18,MTP,MWB
2022-05-10 16:58:18,DB,MTP
2022-05-10 16:58:18,MGB,MWB
2022-05-10 16:58:18,MGB,PL
2022-05-10 16:58:18,MTP,PL
2022-05-10 16:58:18,MWB,PL
2022-05-10 16:58:18,MGB,MTP
2022-05-10 16:58:19,MWB,PL
2022-05-10 16:58:19,MGB,PL
2022-05-10 16:58:19,MTP,MWB
2022-05-10 16:58:19,MGB,MTP
2022-05-10 16:58:19,DB,MTP
2022-05-10 16:58:19,MGB,MWB
2022-05-10 16:58:19,MTP,PL
2022-05-10 16:58:20,MTP,MWB
2022-05-10 16:58:20,MTP,PL
2022-05-10 16:58:20,MWB,PL
2022-05-10 16:58:20,MGB,PL
2022-05-10 16:58:20,DB,MTP
2022-05-10 16:58:20,MGB,MWB
2022-05-10 16:58:20,MGB,MTP
2022-05-10 16:58:21,MGB,MTP
2022-05-10 16:58:21,DB,MTP
2022-05-10 16:58:21,MWB,PL
2022-05-10 16:58:21,MTP,MWB
2022-05-10 16:58:21,MGB,MWB
2022-05-10 16:58:21,DB,MGB
2022-05-10 16:58:21,MTP,PL
2022-05-10 16:58:21,MGB,PL
2022-05-10 16:58:22,MGB,PL
2022-05-10 16:58:22,MGB,MTP
2022-05-10 16:58:22,DB,MGB
2022-05-10 16:58:22,DB,PL
2022-05-10 16:58:22,MTP,MWB
2022-05-10 16:58:22,DB,MTP
2022-05-10 16:58:22,MGB,MWB
2022-05-10 16:58:22,MTP,PL
2022-05-10 16:58:22,MWB,PL
2022-05-10 16:58:23,DB,PL
2022-05-10 16:58:23,MGB,MWB
2022-05-10 16:58:23,MTP,PL
2022-05-10 16:58:23,MGB,MTP
2022-05-10 16:58:23,DB,MTP
2022-05-10 16:58:23,MWB,PL
2022-05-10 16:58:23,MGB,PL
2022-05-10 16:58:23,DB,MGB
2022-05-10 16:58:23,MTP,MWB
2022-05-10 16:58:24,MGB,MWB
2022-05-10 16:58:24,DB,MGB
2022-05-10 16:58:24,MWB,PL
2022-05-10 16:58:24,MTP,PL
2022-05-10 16:58:24,MGB,PL
2022-05-10 16:58:24,DB,PL
2022-05-10 16:58:24,MTP,MWB
2022-05-10 16:58:24,MGB,MTP
2022-05-10 16:58:24,DB,MTP
2022-05-10 16:58:25,MTP,MWB
2022-05-10 16:58:25,MWB,PL
2022-05-10 16:58:25,DB,MGB
2022-05-10 16:58:25,MGB,PL
2022-05-10 16:58:25,DB,PL
2022-05-10 16:58:25,MGB,MWB
2022-05-10 16:58:25,MTP,PL
2022-05-10 16:58:25,DB,MTP
2022-05-10 16:58:25,MGB,MTP
2022-05-10 16:58:26,MGB,MTP
2022-05-10 16:58:26,MTP,PL
2022-05-10 16:58:26,DB,MGB
2022-05-10 16:58:26,MWB,PL
2022-05-10 16:58:26,DB,PL
2022-05-10 16:58:26,MTP,MWB
2022-05-10 16:58:26,MGB,PL
2022-05-10 16:58:26,MGB,MWB
2022-05-10 16:58:26,DB,MTP
2022-05-10 16:58:27,MWB,PL
2022-05-10 16:58:27,MGB,MTP
2022-05-10 16:58:27,MTP,MWB
2022-05-10 16:58:27,MGB,MWB
2022-05-10 16:58:27,DB,MTP
2022-05-10 16:58:27,MTP,PL
2022-05-10 16:58:27,DB,MGB
2022-05-10 16:58:27,DB,PL
2022-05-10 16:58:27,MGB,PL
2022-05-10 16:58:28,MGB,MTP
2022-05-10 16:58:28,DB,MGB
2022-05-10 16:58:28,MWB,PL
2022-05-10 16:58:28,MGB,PL
2022-05-10 16:58:28,MTP,MWB
2022-05-10 16:58:28,MGB,MWB
2022-05-10 16:58:28,DB,PL
2022-05-10 16:58:28,MTP,PL
2022-05-10 16:58:28,DB,MTP
2022-05-10 16:58:29,MTP,PL
2022-05-10 16:58:29,MWB,PL
2022-05-10 16:58:29,DB,MGB
2022-05-10 16:58:29,MGB,MWB
2022-05-10 16:58:29,MTP,MWB
2022-05-10 16:58:29,DB,PL
2022-05-10 16:58:29,MGB,MTP
2022-05-10 16:58:29,DB,MTP
2022-05-10 16:58:29,MGB,PL
2022-05-10 16:58:30,DB,MGB
2022-05-10 16:58:30,DB,PL
2022-05-10 16:58:30,DB,MTP
2022-05-10 16:58:30,MGB,MWB
2022-05-10 16:58:30,MTP,MWB
2022-05-10 16:58:30,MTP,PL
2022-05-10 16:58:30,MGB,MTP
2022-05-10 16:58:30,MWB,PL
2022-05-10 16:58:30,MGB,PL
2022-05-10 16:58:31,DB,MGB
2022-05-10 16:58:31,MWB,PL
2022-05-10 16:58:31,MGB,MTP
2022-05-10 16:58:31,MTP,MWB
2022-05-10 16:58:31,MGB,MWB
2022-05-10 16:58:31,DB,PL
2022-05-10 16:58:31,DB,MTP
2022-05-10 16:58:31,MTP,PL
2022-05-10 16:58:31,MGB,PL
2022-05-10 16:58:32,DB,PL
2022-05-10 16:58:32,MGB,MWB
2022-05-10 16:58:32,DB,MGB
2022-05-10 16:58:32,MTP,MWB
2022-05-10 16:58:32,MWB,PL
2022-05-10 16:58:32,MTP,PL
2022-05-10 16:58:32,DB,MTP
2022-05-10 16:58:32,MGB,MTP
2022-05-10 16:58:32,MGB,PL
2022-05-10 16:58:33,DB,MGB
2022-05-10 16:58:33,MWB,PL
2022-05-10 16:58:33,MTP,PL
2022-05-10 16:58:33,MGB,MWB
2022-05-10 16:58:33,DB,MTP
2022-05-10 16:58:33,DB,PL
2022-05-10 16:58:33,MGB,PL
2022-05-10 16:58:33,MGB,MTP
2022-05-10 16:58:33,MTP,MWB
2022-05-10 16:58:34,DB,MGB
2022-05-10 16:58:34,DB,PL
2022-05-10 16:58:34,MGB,MWB
2022-05-10 16:58:34,MGB,PL
2022-05-10 16:58:34,MTP,PL
2022-05-10 16:58:34,MWB,PL
2022-05-10 16:58:34,MTP,MWB
2022-05-10 16:58:34,DB,MTP
2022-05-10 16:58:34,MGB,MTP
2022-05-10 16:58:35,DB,PL
2022-05-10 16:58:35,MGB,PL
2022-05-10 16:58:35,MGB,MTP
2022-05-10 16:58:35,MWB,PL
2022-05-10 16:58:35,DB,MTP
2022-05-10 16:58:35,MGB,MWB
2022-05-10 16:58:35,MTP,PL
2022-05-10 16:58:35,MTP,MWB
2022-05-10 16:58:35,DB,MGB
2022-05-10 16:58:36,MWB,PL
2022-05-10 16:58:36,DB,MTP
2022-05-10 16:58:36,MGB,PL
2022-05-10 16:58:36,MTP,MWB
2022-05-10 16:58:36,MTP,PL
2022-05-10 16:58:36,MGB,MWB
2022-05-10 16:58:36,DB,PL
2022-05-10 16:58:36,MGB,MTP
2022-05-10 16:58:36,DB,MGB
2022-05-10 16:58:37,MTP,PL
2022-05-10 16:58:37,MGB,PL
2022-05-10 16:58:37,MGB,MWB
2022-05-10 16:58:37,DB,MTP
2022-05-10 16:58:37,MTP,MWB
2022-05-10 16:58:37,DB,PL
2022-05-10 16:58:37,MWB,PL
2022-05-10 16:58:37,MGB,MTP
2022-05-10 16:58:37,DB,MGB
2022-05-10 16:58:38,MTP,PL
2022-05-10 16:58:38,MGB,MTP
2022-05-10 16:58:38,MTP,MWB
2022-05-10 16:58:38,MGB,MWB
2022-05-10 16:58:38,DB,MTP
2022-05-10 16:58:38,DB,PL
2022-05-10 16:58:38,DB,MGB
2022-05-10 16:58:38,MWB,PL
2022-05-10 16:58:38,MGB,PL
2022-05-10 16:58:39,MGB,PL
2022-05-10 16:58:39,DB,MGB
2022-05-10 16:58:39,MTP,MWB
2022-05-10 16:58:39,MGB,MWB
2022-05-10 16:58:39,MTP,PL
2022-05-10 16:58:39,MGB,MTP
2022-05-10 16:58:39,MWB,PL
2022-05-10 16:58:39,DB,PL
2022-05-10 16:58:39,DB,MTP
2022-05-10 16:58:40,MGB,PL
2022-05-10 16:58:40,MTP,PL
2022-05-10 16:58:40,MTP,MWB
2022-05-10 16:58:40,MWB,PL
2022-05-10 16:58:40,MGB,MTP
2022-05-10 16:58:40,MGB,MWB
2022-05-10 16:58:40,DB,PL
2022-05-10 16:58:40,DB,MGB
2022-05-10 16:58:40,DB,MTP
2022-05-10 16:58:41,MGB,PL
2022-05-10 16:58:41,MGB,MTP
2022-05-10 16:58:41,DB,MTP
2022-05-10 16:58:41,MWB,PL
2022-05-10 16:58:41,MTP,MWB
2022-05-10 16:58:41,DB,PL
2022-05-10 16:58:41,DB,MGB
2022-05-10 16:58:41,MGB,MWB
2022-05-10 16:58:41,MTP,PL
2022-05-10 16:58:42,MGB,MWB
2022-05-10 16:58:42,MWB,PL
2022-05-10 16:58:42,DB,MTP
2022-05-10 16:58:42,MGB,MTP
2022-05-10 16:58:42,MGB,PL
2022-05-10 16:58:42,MTP,PL
2022-05-10 16:58:42,DB,PL
2022-05-10 16:58:42,DB,MGB
2022-05-10 16:58:42,MTP,MWB
2022-05-10 16:58:43,MWB,PL
2022-05-10 16:58:43,MGB,MWB
2022-05-10 16:58:43,DB,MTP
2022-05-10 16:58:43,MGB,MTP
2022-05-10 16:58:43,MTP,PL
2022-05-10 16:58:43,DB,PL
2022-05-10 16:58:43,DB,MGB
2022-05-10 16:58:43,MGB,PL
2022-05-10 16:58:43,MTP,MWB
2022-05-10 16:58:44,MGB,MTP
2022-05-10 16:58:44,MTP,PL
2022-05-10 16:58:44,DB,PL
2022-05-10 16:58:44,MGB,MWB
2022-05-10 16:58:44,MWB,PL
2022-05-10 16:58:44,DB,MGB
2022-05-10 16:58:44,MGB,PL
2022-05-10 16:58:44,DB,MTP
2022-05-10 16:58:44,MTP,MWB
2022-05-10 16:58:45,DB,MGB
2022-05-10 16:58:45,MWB,PL
2022-05-10 16:58:45,MTP,MWB
2022-05-10 16:58:45,DB,MTP
2022-05-10 16:58:45,MGB,MTP
2022-05-10 16:58:45,MGB,PL
2022-05-10 16:58:45,MGB,MWB
2022-05-10 16:58:45,DB,PL
2022-05-10 16:58:45,MTP,PL
2022-05-10 16:58:46,MGB,MWB
2022-05-10 16:58:46,DB,PL
2022-05-10 16:58:46,MTP,PL
2022-05-10 16:58:46,MGB,PL
2022-05-10 16:58:46,MTP,MWB
2022-05-10 16:58:46,DB,MGB
2022-05-10 16:58:46,MWB,PL
2022-05-10 16:58:46,MGB,MTP
2022-05-10 16:58:46,DB,MTP
2022-05-10 16:58:47,DB,MTP
2022-05-10 16:58:47,DB,MGB
2022-05-10 16:58:47,MTP,PL
2022-05-10 16:58:47,DB,PL
2022-05-10 16:58:47,MTP,MWB
2022-05-10 16:58:47,MGB,MWB
2022-05-10 16:58:47,MGB,MTP
2022-05-10 16:58:47,MGB,PL
2022-05-10 16:58:47,MWB,PL
2022-05-10 16:58:48,DB,MTP
2022-05-10 16:58:48,DB,MGB
2022-05-10 16:58:48,MTP,PL
2022-05-10 16:58:48,MGB,PL
2022-05-10 16:58:48,DB,PL
2022-05-10 16:58:48,MTP,MWB
2022-05-10 16:58:48,MGB,MWB
2022-05-10 16:58:48,MWB,PL
2022-05-10 16:58:48,MGB,MTP
2022-05-10 16:58:49,MTP,MWB
2022-05-10 16:58:49,MTP,PL
2022-05-10 16:58:49,DB,MGB
2022-05-10 16:58:49,DB,PL
2022-05-10 16:58:49,DB,MTP
2022-05-10 16:58:49,MGB,PL
2022-05-10 16:58:49,MGB,MWB
2022-05-10 16:58:49,MWB,PL
2022-05-10 16:58:49,MGB,MTP
2022-05-10 16:58:50,MWB,PL
2022-05-10 16:58:50,MGB,PL
2022-05-10 16:58:50,MTP,PL
2022-05-10 16:58:50,DB,PL
2022-05-10 16:58:50,MGB,MTP
2022-05-10 16:58:50,DB,MGB
2022-05-10 16:58:50,MTP,MWB
2022-05-10 16:58:50,MGB,MWB
2022-05-10 16:58:50,DB,MTP
2022-05-10 16:58:51,DB,MGB
2022-05-10 16:58:51,MGB,MWB
2022-05-10 16:58:51,MTP,MWB
2022-05-10 16:58:51,DB,PL
2022-05-10 16:58:51,MGB,MTP
2022-05-10 16:58:51,MTP,PL
2022-05-10 16:58:51,MGB,PL
2022-05-10 16:58:51,MWB,PL
2022-05-10 16:58:51,DB,MTP
2022-05-10 16:58:52,DB,MTP
2022-05-10 16:58:52,DB,MGB
2022-05-10 16:58:52,MGB,MWB
2022-05-10 16:58:52,MGB,PL
2022-05-10 16:58:52,MTP,PL
2022-05-10 16:58:52,MGB,MTP
2022-05-10 16:58:52,MTP,MWB
2022-05-10 16:58:52,MWB,PL
2022-05-10 16:58:52,DB,PL
2022-05-10 16:58:53,DB,MGB
2022-05-10 16:58:53,DB,MTP
2022-05-10 16:58:53,MGB,MTP
2022-05-10 16:58:53,DB,PL
2022-05-10 16:58:53,MGB,PL
2022-05-10 16:58:53,MTP,PL
2022-05-10 16:58:53,MWB,PL
2022-05-10 16:58:53,MGB,MWB
2022-05-10 16:58:53,MTP,MWB
2022-05-10 16:58:54,MGB,MWB
2022-05-10 16:58:54,MWB,PL
2022-05-10 16:58:54,MGB,MTP
2022-05-10 16:58:54,DB,MTP
2022-05-10 16:58:54,MTP,MWB
2022-05-10 16:58:54,DB,PL
2022-05-10 16:58:54,DB,MGB
2022-05-10 16:58:54,MTP,PL
2022-05-10 16:58:54,MGB,PL
2022-05-10 16:58:55,MGB,PL
2022-05-10 16:58:55,MTP,MWB
2022-05-10 16:58:55,DB,PL
2022-05-10 16:58:55,DB,MTP
2022-05-10 16:58:55,MGB,MWB
2022-05-10 16:58:55,MGB,MTP
2022-05-10 16:58:55,DB,MGB
2022-05-10 16:58:55,MTP,PL
2022-05-10 16:58:55,MWB,PL
2022-05-10 16:58:56,DB,PL
2022-05-10 16:58:56,DB,MTP
2022-05-10 16:58:56,MGB,MTP
2022-05-10 16:58:56,DB,MGB
2022-05-10 16:58:56,MWB,PL
2022-05-10 16:58:56,MGB,PL
2022-05-10 16:58:56,MTP,MWB
2022-05-10 16:58:56,MTP,PL
2022-05-10 16:58:56,MGB,MWB
2022-05-10 16:58:57,DB,MGB
2022-05-10 16:58:57,MWB,PL
2022-05-10 16:58:57,MGB,PL
2022-05-10 16:58:57,MTP,PL
2022-05-10 16:58:57,MGB,MWB
2022-05-10 16:58:57,MTP,MWB
2022-05-10 16:58:57,MGB,MTP
2022-05-10 16:58:57,DB,MTP
2022-05-10 16:58:57,DB,PL
2022-05-10 16:58:58,DB,MTP
2022-05-10 16:58:58,MGB,MWB
2022-05-10 16:58:58,MGB,MTP
2022-05-10 16:58:58,DB,MGB
2022-05-10 16:58:58,MTP,MWB
2022-05-10 16:58:59,DB,MTP
2022-05-10 16:58:59,DB,MGB
2022-05-10 16:58:59,MTP,MWB
2022-05-10 16:58:59,MGB,MTP
2022-05-10 16:58:59,MGB,MWB
2022-05-10 16:59:00,DB,MTP
2022-05-10 16:59:00,MTP,MWB
2022-05-10 16:59:00,DB,MGB
2022-05-10 16:59:00,MGB,MTP
2022-05-10 16:59:00,MGB,MWB
2022-05-10 16:59:01,MTP,MWB
2022-05-10 16:59:01,MGB,MTP
2022-05-10 16:59:01,MGB,MWB
2022-05-10 16:59:01,DB,MTP
2022-05-10 16:59:01,DB,MGB
2022-05-10 16:59:02,MGB,MTP
2022-05-10 16:59:02,DB,MWB
2022-05-10 16:59:02,MTP,MWB
2022-05-10 16:59:02,DB,MTP
2022-05-10 16:59:02,DB,MGB
2022-05-10 16:59:02,MGB,MWB
2022-05-10 16:59:03,MGB,MWB
2022-05-10 16:59:03,DB,MWB
2022-05-10 16:59:03,DB,MTP
2022-05-10 16:59:03,MGB,MTP
2022-05-10 16:59:03,DB,MGB
2022-05-10 16:59:03,MTP,MWB
2022-05-10 16:59:04,DB,MWB
2022-05-10 16:59:04,MGB,MTP
2022-05-10 16:59:04,MGB,MWB
2022-05-10 16:59:04,MTP,MWB
2022-05-10 16:59:04,DB,MGB
2022-05-10 16:59:04,DB,MTP
2022-05-10 16:59:05,DB,MTP
2022-05-10 16:59:05,DB,MWB
2022-05-10 16:59:05,MTP,MWB
2022-05-10 16:59:05,DB,MGB
2022-05-10 16:59:05,MGB,MTP
2022-05-10 16:59:05,MGB,MWB
2022-05-10 16:59:06,DB,MGB
2022-05-10 16:59:06,MGB,MTP
2022-05-10 16:59:06,MGB,MWB
2022-05-10 16:59:06,DB,MWB
2022-05-10 16:59:06,MTP,MWB
2022-05-10 16:59:06,DB,MTP
2022-05-10 16:59:07,DB,MTP
2022-05-10 16:59:07,MGB,MTP
2022-05-10 16:59:07,DB,MGB
2022-05-10 16:59:07,MTP,MWB
2022-05-10 16:59:07,DB,MWB
2022-05-10 16:59:07,MGB,MWB
2022-05-10 16:59:08,MGB,MTP
2022-05-10 16:59:08,MTP,MWB
2022-05-10 16:59:08,DB,MWB
2022-05-10 16:59:08,MGB,MWB
2022-05-10 16:59:08,DB,MTP
2022-05-10 16:59:08,DB,MGB
2022-05-10 16:59:09,DB,MWB
2022-05-10 16:59:09,MTP,MWB
2022-05-10 16:59:09,MGB,MTP
2022-05-10 16:59:09,DB,MTP
2022-05-10 16:59:09,MGB,MWB
2022-05-10 16:59:09,DB,MGB
2022-05-10 16:59:10,MGB,MWB
2022-05-10 16:59:10,DB,MGB
2022-05-10 16:59:10,MGB,MTP
2022-05-10 16:59:10,MTP,MWB
2022-05-10 16:59:10,DB,MTP
2022-05-10 16:59:10,DB,MWB
2022-05-10 16:59:11,MGB,MTP
2022-05-10 16:59:11,DB,MWB
2022-05-10 16:59:11,MGB,MWB
2022-05-10 16:59:11,DB,MGB
2022-05-10 16:59:11,DB,MTP
2022-05-10 16:59:11,MTP,MWB
2022-05-10 16:59:12,MGB,MWB
2022-05-10 16:59:12,DB,MTP
2022-05-10 16:59:12,DB,MWB
2022-05-10 16:59:12,MGB,MTP
2022-05-10 16:59:12,MTP,MWB
2022-05-10 16:59:12,DB,MGB
2022-05-10 16:59:13,DB,MGB
2022-05-10 16:59:13,MGB,MWB
2022-05-10 16:59:13,MGB,MTP
2022-05-10 16:59:13,MTP,MWB
2022-05-10 16:59:13,DB,MTP
2022-05-10 16:59:13,DB,MWB
2022-05-10 16:59:14,MGB,MWB
2022-05-10 16:59:14,DB,MWB
2022-05-10 16:59:14,MTP,MWB
2022-05-10 16:59:14,MGB,MTP
2022-05-10 16:59:14,DB,MGB
2022-05-10 16:59:14,DB,MTP
2022-05-10 16:59:15,MGB,MWB
2022-05-10 16:59:15,MTP,MWB
2022-05-10 16:59:15,DB,MWB
2022-05-10 16:59:15,MGB,MTP
2022-05-10 16:59:15,DB,MGB
2022-05-10 16:59:15,DB,MTP
2022-05-10 16:59:16,DB,MWB
2022-05-10 16:59:16,DB,MTP
2022-05-10 16:59:16,DB,MGB
2022-05-10 16:59:16,MGB,MWB
2022-05-10 16:59:16,MTP,MWB
2022-05-10 16:59:16,MGB,MTP
2022-05-10 16:59:17,DB,MTP
2022-05-10 16:59:17,MTP,MWB
2022-05-10 16:59:17,DB,MGB
2022-05-10 16:59:17,MGB,MTP
2022-05-10 16:59:17,MGB,MWB
2022-05-10 16:59:17,DB,MWB
2022-05-10 16:59:18,DB,MGB
2022-05-10 16:59:18,MGB,MTP
2022-05-10 16:59:18,MGB,MWB
2022-05-10 16:59:18,DB,MWB
2022-05-10 16:59:18,DB,MTP
2022-05-10 16:59:18,MTP,MWB
2022-05-10 16:59:19,DB,MWB
2022-05-10 16:59:19,DB,MGB
2022-05-10 16:59:19,MTP,MWB
2022-05-10 16:59:19,MGB,MTP
2022-05-10 16:59:19,MGB,MWB
2022-05-10 16:59:19,DB,MTP
2022-05-10 16:59:20,DB,MWB
2022-05-10 16:59:20,DB,MTP
2022-05-10 16:59:20,DB,MGB
2022-05-10 16:59:20,MTP,MWB
2022-05-10 16:59:20,MGB,MTP
2022-05-10 16:59:20,MGB,MWB
2022-05-10 16:59:21,DB,MTP
2022-05-10 16:59:21,DB,MGB
2022-05-10 16:59:21,MGB,MTP
2022-05-10 16:59:21,MTP,MWB
2022-05-10 16:59:21,MGB,MWB
2022-05-10 16:59:21,DB,MWB
2022-05-10 16:59:22,MGB,MTP
2022-05-10 16:59:22,DB,MWB
2022-05-10 16:59:22,DB,MTP
2022-05-10 16:59:22,MGB,MWB
2022-05-10 16:59:22,DB,MGB
2022-05-10 16:59:22,MTP,MWB
2022-05-10 16:59:23,MGB,MWB
2022-05-10 16:59:23,MTP,MWB
2022-05-10 16:59:23,MGB,MTP
2022-05-10 16:59:23,DB,MWB
2022-05-10 16:59:23,DB,MTP
2022-05-10 16:59:23,DB,MGB
2022-05-10 16:59:24,MTP,MWB
2022-05-10 16:59:24,DB,MTP
2022-05-10 16:59:24,MGB,MTP
2022-05-10 16:59:24,DB,MGB
2022-05-10 16:59:24,DB,MWB
2022-05-10 16:59:24,MGB,MWB
2022-05-10 16:59:25,MGB,MTP
2022-05-10 16:59:25,MGB,MWB
2022-05-10 16:59:25,MTP,MWB
2022-05-10 16:59:25,DB,MTP
2022-05-10 16:59:25,DB,MWB
2022-05-10 16:59:25,DB,MGB
2022-05-10 16:59:26,MGB,MWB
2022-05-10 16:59:26,MGB,MTP
2022-05-10 16:59:26,DB,MWB
2022-05-10 16:59:26,DB,MTP
2022-05-10 16:59:26,MTP,MWB
2022-05-10 16:59:26,DB,MGB
2022-05-10 16:59:27,DB,MGB
2022-05-10 16:59:27,MGB,MWB
2022-05-10 16:59:27,DB,MTP
2022-05-10 16:59:27,MTP,MWB
2022-05-10 16:59:27,MGB,MTP
2022-05-10 16:59:27,DB,MWB
2022-05-10 16:59:28,MGB,MTP
2022-05-10 16:59:28,DB,MTP
2022-05-10 16:59:28,DB,MWB
2022-05-10 16:59:28,MGB,MWB
2022-05-10 16:59:28,DB,MGB
2022-05-10 16:59:28,MTP,MWB
2022-05-10 16:59:29,DB,MGB
2022-05-10 16:59:29,DB,MWB
2022-05-10 16:59:29,DB,MTP
2022-05-10 16:59:29,MGB,MWB
2022-05-10 16:59:29,MTP,MWB
2022-05-10 16:59:29,MGB,MTP
2022-05-10 16:59:30,MGB,MTP
2022-05-10 16:59:30,DB,MWB
2022-05-10 16:59:30,DB,MTP
2022-05-10 16:59:30,MTP,MWB
2022-05-10 16:59:30,MGB,MWB
2022-05-10 16:59:30,DB,MGB
2022-05-10 16:59:31,MGB,MWB
2022-05-10 16:59:31,DB,MWB
2022-05-10 16:59:31,DB,MGB
2022-05-10 16:59:31,MGB,MTP
2022-05-10 16:59:31,DB,MTP
2022-05-10 16:59:31,MTP,MWB
2022-05-10 16:59:32,MTP,MWB
2022-05-10 16:59:32,DB,MTP
2022-05-10 16:59:32,MGB,MTP
2022-05-10 16:59:32,DB,MGB
2022-05-10 16:59:32,MGB,MWB
2022-05-10 16:59:32,DB,MWB
2022-05-10 16:59:33,DB,MWB
2022-05-10 16:59:33,MTP,MWB
2022-05-10 16:59:33,MGB,MTP
2022-05-10 16:59:33,DB,MGB
2022-05-10 16:59:33,MGB,MWB
2022-05-10 16:59:33,DB,MTP
2022-05-10 16:59:34,DB,MWB
2022-05-10 16:59:34,DB,MTP
2022-05-10 16:59:34,MTP,MWB
2022-05-10 16:59:34,DB,MGB
2022-05-10 16:59:34,MGB,MTP
2022-05-10 16:59:34,MGB,MWB
2022-05-10 16:59:35,DB,MGB
2022-05-10 16:59:35,MGB,MTP
2022-05-10 16:59:35,DB,MTP
2022-05-10 16:59:35,MGB,MWB
2022-05-10 16:59:35,DB,MWB
2022-05-10 16:59:35,MTP,MWB
2022-05-10 16:59:36,MTP,MWB
2022-05-10 16:59:36,DB,MWB
2022-05-10 16:59:36,MGB,MWB
2022-05-10 16:59:36,DB,MGB
2022-05-10 16:59:36,DB,MTP
2022-05-10 16:59:36,MGB,MTP
2022-05-10 16:59:37,DB,MGB
2022-05-10 16:59:37,MTP,MWB
2022-05-10 16:59:37,DB,MWB
2022-05-10 16:59:37,DB,MTP
2022-05-10 16:59:37,MGB,MTP
2022-05-10 16:59:37,MGB,MWB
2022-05-10 16:59:38,MGB,MTP
2022-05-10 16:59:38,DB,MTP
2022-05-10 16:59:38,DB,MGB
2022-05-10 16:59:38,MTP,MWB
2022-05-10 16:59:38,MGB,MWB
2022-05-10 16:59:38,DB,MWB
2022-05-10 16:59:39,MTP,MWB
2022-05-10 16:59:39,DB,MGB
2022-05-10 16:59:39,DB,MWB
2022-05-10 16:59:39,MGB,MTP
2022-05-10 16:59:39,DB,MTP
2022-05-10 16:59:39,MGB,MWB
2022-05-10 16:59:40,DB,MGB
2022-05-10 16:59:40,DB,MWB
2022-05-10 16:59:40,MTP,MWB
2022-05-10 16:59:40,MGB,MTP
2022-05-10 16:59:40,DB,MTP
2022-05-10 16:59:40,MGB,MWB
2022-05-10 16:59:41,MGB,MWB
2022-05-10 16:59:41,MTP,MWB
2022-05-10 16:59:41,MGB,MTP
2022-05-10 16:59:41,DB,MGB
2022-05-10 16:59:41,DB,MTP
2022-05-10 16:59:41,DB,MWB
2022-05-10 16:59:42,MTP,MWB
2022-05-10 16:59:42,DB,MWB
2022-05-10 16:59:42,DB,MGB
2022-05-10 16:59:42,DB,MTP
2022-05-10 16:59:42,MGB,MTP
2022-05-10 16:59:42,MGB,MWB
2022-05-10 16:59:43,DB,MTP
2022-05-10 16:59:43,DB,MWB
2022-05-10 16:59:43,MTP,MWB
2022-05-10 16:59:43,MGB,MWB
2022-05-10 16:59:43,DB,MGB
2022-05-10 16:59:43,MGB,MTP
2022-05-10 16:59:44,MGB,MTP
2022-05-10 16:59:44,DB,MWB
2022-05-10 16:59:44,DB,MTP
2022-05-10 16:59:44,DB,MGB
2022-05-10 16:59:44,MGB,MWB
2022-05-10 16:59:44,MTP,MWB
2022-05-10 16:59:45,DB,MGB
2022-05-10 16:59:45,MGB,MWB
2022-05-10 16:59:45,MGB,MTP
2022-05-10 16:59:45,DB,MTP
2022-05-10 16:59:45,MTP,MWB
2022-05-10 16:59:45,DB,MWB
2022-05-10 16:59:46,DB,MGB
2022-05-10 16:59:46,DB,MTP
2022-05-10 16:59:46,DB,MWB
2022-05-10 16:59:46,MGB,MTP
2022-05-10 16:59:46,MGB,MWB
2022-05-10 16:59:46,MTP,MWB
2022-05-10 16:59:47,DB,MWB
2022-05-10 16:59:47,MGB,MTP
2022-05-10 16:59:47,DB,MGB
2022-05-10 16:59:47,DB,MTP
2022-05-10 16:59:47,MGB,MWB
2022-05-10 16:59:47,MTP,MWB
2022-05-10 16:59:48,MGB,MWB
2022-05-10 16:59:48,MGB,MTP
2022-05-10 16:59:48,DB,MTP
2022-05-10 16:59:48,DB,MWB
2022-05-10 16:59:48,MTP,MWB
2022-05-10 16:59:48,DB,MGB
2022-05-10 16:59:49,DB,MWB
2022-05-10 16:59:49,MGB,MWB
2022-05-10 16:59:49,MGB,MTP
2022-05-10 16:59:49,MTP,MWB
2022-05-10 16:59:49,DB,MTP
2022-05-10 16:59:49,DB,MGB
2022-05-10 16:59:50,MGB,MWB
2022-05-10 16:59:50,DB,MTP
2022-05-10 16:59:50,MGB,MTP
2022-05-10 16:59:50,DB,MWB
2022-05-10 16:59:50,MTP,MWB
2022-05-10 16:59:50,DB,MGB
2022-05-10 16:59:51,MGB,MWB
2022-05-10 16:59:51,DB,MGB
2022-05-10 16:59:51,MTP,MWB
2022-05-10 16:59:51,MGB,MTP
2022-05-10 16:59:51,DB,MWB
2022-05-10 16:59:51,DB,MTP
2022-05-10 16:59:52,DB,MGB
2022-05-10 16:59:52,DB,MWB
2022-05-10 16:59:52,MTP,MWB
2022-05-10 16:59:52,MGB,MWB
2022-05-10 16:59:52,MGB,MTP
2022-05-10 16:59:52,DB,MTP
2022-05-10 16:59:53,DB,MTP
2022-05-10 16:59:53,DB,MGB
2022-05-10 16:59:53,MTP,MWB
2022-05-10 16:59:53,MGB,MTP
2022-05-10 16:59:53,MGB,MWB
2022-05-10 16:59:53,DB,MWB
2022-05-10 16:59:54,DB,MTP
2022-05-10 16:59:54,MGB,MTP
2022-05-10 16:59:54,DB,MWB
2022-05-10 16:59:54,MTP,MWB
2022-05-10 16:59:54,DB,MGB
2022-05-10 16:59:54,MGB,MWB
2022-05-10 16:59:55,DB,MWB
2022-05-10 16:59:55,DB,MGB
2022-05-10 16:59:55,MGB,MWB
2022-05-10 16:59:55,MGB,MTP
2022-05-10 16:59:55,MTP,MWB
2022-05-10 16:59:55,DB,MTP
2022-05-10 16:59:56,MTP,MWB
2022-05-10 16:59:56,DB,MGB
2022-05-10 16:59:56,DB,MWB
2022-05-10 16:59:56,MGB,MWB
2022-05-10 16:59:56,MGB,MTP
2022-05-10 16:59:56,DB,MTP
2022-05-10 16:59:57,DB,MGB
2022-05-10 16:59:57,MTP,MWB
2022-05-10 16:59:57,DB,MTP
2022-05-10 16:59:57,MGB,MTP
2022-05-10 16:59:57,MGB,MWB
2022-05-10 16:59:57,DB,MWB
2022-05-10 16:59:58,DB,MGB
2022-05-10 16:59:58,DB,MWB
2022-05-10 16:59:58,MGB,MTP
2022-05-10 16:59:58,DB,MTP
2022-05-10 16:59:58,MTP,MWB
2022-05-10 16:59:58,MGB,MWB
2022-05-10 16:59:59,MGB,MWB
2022-05-10 16:59:59,MTP,MWB
2022-05-10 16:59:59,DB,MTP
2022-05-10 16:59:59,MGB,MTP
2022-05-10 16:59:59,DB,MGB
2022-05-10 16:59:59,DB,MWB
2022-05-10 17:00:00,MGB,MWB
2022-05-10 17:00:00,MTP,MWB
2022-05-10 17:00:00,DB,MWB
2022-05-10 17:00:00,DB,MTP
2022-05-10 17:00:00,DB,MGB
2022-05-10 17:00:00,MGB,MTP
2022-05-10 17:00:01,DB,MTP
2022-05-10 17:00:01,DB,MWB
2022-05-10 17:00:01,DB,MGB
2022-05-10 17:00:01,MGB,MTP
2022-05-10 17:00:01,MTP,MWB
2022-05-10 17:00:01,MGB,MWB
2022-05-10 17:00:02,MGB,MTP
2022-05-10 17:00:02,DB,MTP
2022-05-10 17:00:02,MGB,MWB
2022-05-10 17:00:02,DB,MWB
2022-05-10 17:00:02,MTP,MWB
2022-05-10 17:00:02,DB,MGB
2022-05-10 17:00:03,MGB,MTP
2022-05-10 17:00:03,DB,MTP
2022-05-10 17:00:03,MGB,MWB
2022-05-10 17:00:03,DB,MWB
2022-05-10 17:00:03,MTP,MWB
2022-05-10 17:00:03,DB,MGB
2022-05-10 17:00:04,DB,MWB
2022-05-10 17:00:04,DB,MTP
2022-05-10 17:00:04,MTP,MWB
2022-05-10 17:00:04,MGB,MWB
2022-05-10 17:00:04,DB,MGB
2022-05-10 17:00:04,MGB,MTP
2022-05-10 17:00:05,MTP,MWB
2022-05-10 17:00:05,MGB,MWB
2022-05-10 17:00:05,DB,MGB
2022-05-10 17:00:05,DB,MWB
2022-05-10 17:00:05,DB,MTP
2022-05-10 17:00:05,MGB,MTP
2022-05-10 17:00:06,MTP,MWB
2022-05-10 17:00:06,DB,MWB
2022-05-10 17:00:06,MGB,MWB
2022-05-10 17:00:06,MGB,MTP
2022-05-10 17:00:06,DB,MTP
2022-05-10 17:00:06,DB,MGB
2022-05-10 17:00:07,MGB,MTP
2022-05-10 17:00:07,DB,MGB
2022-05-10 17:00:07,DB,MWB
2022-05-10 17:00:07,DB,MTP
2022-05-10 17:00:07,MTP,MWB
2022-05-10 17:00:07,MGB,MWB
2022-05-10 17:00:08,MGB,MTP
2022-05-10 17:00:08,DB,MGB
2022-05-10 17:00:08,DB,MWB
2022-05-10 17:00:08,DB,MTP
2022-05-10 17:00:08,MTP,MWB
2022-05-10 17:00:08,MGB,MWB
2022-05-10 17:00:09,MGB,MTP
2022-05-10 17:00:09,MGB,MWB
2022-05-10 17:00:09,MTP,MWB
2022-05-10 17:00:09,DB,MTP
2022-05-10 17:00:09,DB,MWB
2022-05-10 17:00:09,DB,MGB
2022-05-10 17:00:10,MGB,MWB
2022-05-10 17:00:10,MTP,MWB
2022-05-10 17:00:10,DB,MTP
2022-05-10 17:00:10,DB,MWB
2022-05-10 17:00:10,MGB,MTP
2022-05-10 17:00:10,DB,MGB
2022-05-10 17:00:11,MTP,MWB
2022-05-10 17:00:11,DB,MWB
2022-05-10 17:00:11,DB,MTP
2022-05-10 17:00:11,DB,MGB
2022-05-10 17:00:11,MGB,MTP
2022-05-10 17:00:11,MGB,MWB
2022-05-10 17:00:12,DB,MTP
2022-05-10 17:00:12,MGB,MTP
2022-05-10 17:00:12,MTP,MWB
2022-05-10 17:00:12,MGB,MWB
2022-05-10 17:00:12,DB,MGB
2022-05-10 17:00:12,DB,MWB
2022-05-10 17:00:13,DB,MGB
2022-05-10 17:00:13,DB,MTP
2022-05-10 17:00:13,MTP,MWB
2022-05-10 17:00:13,MGB,MTP
2022-05-10 17:00:13,MGB,MWB
2022-05-10 17:00:13,DB,MWB
2022-05-10 17:00:14,MGB,MTP
2022-05-10 17:00:14,DB,MTP
2022-05-10 17:00:14,MGB,MWB
2022-05-10 17:00:14,MTP,MWB
2022-05-10 17:00:14,DB,MGB
2022-05-10 17:00:14,DB,MWB
2022-05-10 17:00:15,MGB,MWB
2022-05-10 17:00:15,MTP,MWB
2022-05-10 17:00:15,DB,MTP
2022-05-10 17:00:15,MGB,MTP
2022-05-10 17:00:15,DB,MGB
2022-05-10 17:00:15,DB,MWB
2022-05-10 17:00:16,DB,MTP
2022-05-10 17:00:16,DB,MGB
2022-05-10 17:00:16,MTP,MWB
2022-05-10 17:00:16,MGB,MTP
2022-05-10 17:00:16,MGB,MWB
2022-05-10 17:00:16,DB,MWB
2022-05-10 17:00:17,DB,MGB
2022-05-10 17:00:17,MTP,MWB
2022-05-10 17:00:17,MGB,MTP
2022-05-10 17:00:17,DB,MWB
2022-05-10 17:00:17,DB,MTP
2022-05-10 17:00:18,DB,MGB
2022-05-10 17:00:18,DB,MWB
2022-05-10 17:00:18,MGB,MTP
2022-05-10 17:00:18,MTP,MWB
2022-05-10 17:00:18,DB,MTP
2022-05-10 17:00:19,DB,MTP
2022-05-10 17:00:19,MTP,MWB
2022-05-10 17:00:19,DB,MGB
2022-05-10 17:00:19,MGB,MTP
2022-05-10 17:00:19,DB,MWB
2022-05-10 17:00:20,DB,MTP
2022-05-10 17:00:20,DB,MGB
2022-05-10 17:00:20,MTP,MWB
2022-05-10 17:00:20,MGB,MTP
2022-05-10 17:00:20,DB,MWB
2022-05-10 17:00:21,DB,MTP
2022-05-10 17:00:21,MTP,MWB
2022-05-10 17:00:21,DB,MGB
2022-05-10 17:00:21,DB,MWB
2022-05-10 17:00:21,MGB,MTP
2022-05-10 17:00:22,DB,MGB
2022-05-10 17:00:22,DB,MWB
2022-05-10 17:00:22,MGB,MTP
2022-05-10 17:00:22,DB,MTP
2022-05-10 17:00:22,MTP,MWB
2022-05-10 17:00:23,DB,MWB
2022-05-10 17:00:23,DB,MGB
2022-05-10 17:00:23,MGB,MTP
2022-05-10 17:00:23,DB,MTP
2022-05-10 17:00:23,MTP,MWB
2022-05-10 17:00:24,MGB,MTP
2022-05-10 17:00:24,DB,MWB
2022-05-10 17:00:24,DB,MGB
2022-05-10 17:00:24,DB,MTP
2022-05-10 17:00:24,MTP,MWB
2022-05-10 17:00:25,MTP,MWB
2022-05-10 17:00:25,DB,MTP
2022-05-10 17:00:25,MGB,MTP
2022-05-10 17:00:25,DB,MGB
2022-05-10 17:00:25,DB,MWB
2022-05-10 17:00:26,MTP,MWB
2022-05-10 17:00:26,DB,MGB
2022-05-10 17:00:26,DB,MWB
2022-05-10 17:00:26,DB,MTP
2022-05-10 17:00:26,MGB,MTP
2022-05-10 17:00:27,MGB,MTP
2022-05-10 17:00:27,DB,MWB
2022-05-10 17:00:27,MTP,MWB
2022-05-10 17:00:27,DB,MTP
2022-05-10 17:00:27,DB,MGB
2022-05-10 17:00:28,DB,MWB
2022-05-10 17:00:28,DB,MTP
2022-05-10 17:00:28,MGB,MTP
2022-05-10 17:00:28,DB,MGB
2022-05-10 17:00:28,MTP,MWB
2022-05-10 17:00:29,MTP,MWB
2022-05-10 17:00:29,DB,MTP
2022-05-10 17:00:29,DB,MGB
2022-05-10 17:00:29,MGB,MTP
2022-05-10 17:00:29,DB,MWB
2022-05-10 17:00:30,DB,MWB
2022-05-10 17:00:30,MGB,MTP
2022-05-10 17:00:30,MTP,MWB
2022-05-10 17:00:30,DB,MGB
2022-05-10 17:00:30,DB,MTP
2022-05-10 17:00:31,DB,MWB
2022-05-10 17:00:31,DB,MTP
2022-05-10 17:00:31,MTP,MWB
2022-05-10 17:00:31,MGB,MTP
2022-05-10 17:00:31,DB,MGB
2022-05-10 17:00:32,DB,MTP
2022-05-10 17:00:32,DB,MGB
2022-05-10 17:00:32,MTP,MWB
2022-05-10 17:00:32,MGB,MTP
2022-05-10 17:00:32,DB,MWB
2022-05-10 17:00:33,MGB,MTP
2022-05-10 17:00:33,DB,MGB
2022-05-10 17:00:33,DB,MWB
2022-05-10 17:00:33,DB,MTP
2022-05-10 17:00:33,MTP,MWB
2022-05-10 17:00:34,MGB,MTP
2022-05-10 17:00:34,DB,MWB
2022-05-10 17:00:34,DB,MTP
2022-05-10 17:00:34,DB,MGB
2022-05-10 17:00:34,MTP,MWB
2022-05-10 17:00:35,MGB,MTP
2022-05-10 17:00:35,MTP,MWB
2022-05-10 17:00:35,DB,MWB
2022-05-10 17:00:35,DB,MTP
2022-05-10 17:00:35,DB,MGB
2022-05-10 17:00:36,MTP,MWB
2022-05-10 17:00:36,MGB,MTP
2022-05-10 17:00:36,DB,MWB
2022-05-10 17:00:36,DB,MGB
2022-05-10 17:00:36,DB,MTP
2022-05-10 17:00:37,MTP,MWB
2022-05-10 17:00:37,DB,MWB
2022-05-10 17:00:37,DB,MGB
2022-05-10 17:00:37,MGB,MTP
2022-05-10 17:00:37,DB,MTP
2022-05-10 17:00:38,DB,MWB
2022-05-10 17:00:38,DB,MGB
2022-05-10 17:00:38,MGB,MTP
2022-05-10 17:00:38,MTP,MWB
2022-05-10 17:00:38,DB,MTP
2022-05-10 17:00:39,DB,MWB
2022-05-10 17:00:39,DB,MGB
2022-05-10 17:00:39,DB,MTP
2022-05-10 17:00:39,MGB,MTP
2022-05-10 17:00:39,MTP,MWB
2022-05-10 17:00:40,DB,MTP
2022-05-10 17:00:40,MTP,MWB
2022-05-10 17:00:40,MGB,MTP
2022-05-10 17:00:40,DB,MGB
2022-05-10 17:00:40,DB,MWB
2022-05-10 17:00:41,MGB,MTP
2022-05-10 17:00:41,MTP,MWB
2022-05-10 17:00:41,DB,MGB
2022-05-10 17:00:41,DB,MTP
2022-05-10 17:00:41,DB,MWB
2022-05-10 17:00:42,DB,MTP
2022-05-10 17:00:42,MGB,MTP
2022-05-10 17:00:42,MTP,MWB
2022-05-10 17:00:42,DB,MGB
2022-05-10 17:00:42,DB,MWB
2022-05-10 17:00:43,DB,MGB
2022-05-10 17:00:43,DB,MTP
2022-05-10 17:00:43,MGB,MTP
2022-05-10 17:00:43,MTP,MWB
2022-05-10 17:00:43,DB,MWB
2022-05-10 17:00:44,DB,MGB
2022-05-10 17:00:44,MTP,MWB
2022-05-10 17:00:44,DB,MWB
2022-05-10 17:00:44,DB,MTP
2022-05-10 17:00:44,MGB,MTP
2022-05-10 17:00:45,DB,MWB
2022-05-10 17:00:45,MGB,MTP
2022-05-10 17:00:45,DB,MTP
2022-05-10 17:00:45,DB,MGB
2022-05-10 17:00:45,MTP,MWB
2022-05-10 17:00:46,MGB,MTP
2022-05-10 17:00:46,DB,MWB
2022-05-10 17:00:46,DB,MTP
2022-05-10 17:00:46,DB,MGB
2022-05-10 17:00:46,MTP,MWB
2022-05-10 17:00:47,DB,MGB
2022-05-10 17:00:47,MTP,MWB
2022-05-10 17:00:47,DB,MWB
2022-05-10 17:00:47,MGB,MTP
2022-05-10 17:00:47,DB,MTP
2022-05-10 17:00:48,MGB,MTP
2022-05-10 17:00:48,DB,MGB
2022-05-10 17:00:48,MTP,MWB
2022-05-10 17:00:48,DB,MWB
2022-05-10 17:00:48,DB,MTP
2022-05-10 17:00:49,MGB,MTP
2022-05-10 17:00:49,DB,MGB
2022-05-10 17:00:49,MTP,MWB
2022-05-10 17:00:49,DB,MWB
2022-05-10 17:00:49,DB,MTP
2022-05-10 17:00:50,DB,MTP
2022-05-10 17:00:50,DB,MWB
2022-05-10 17:00:50,DB,MGB
2022-05-10 17:00:50,MGB,MTP
2022-05-10 17:00:50,MTP,MWB
2022-05-10 17:00:51,MTP,MWB
2022-05-10 17:00:51,MGB,MTP
2022-05-10 17:00:51,DB,MGB
2022-05-10 17:00:51,DB,MTP
2022-05-10 17:00:51,DB,MWB
2022-05-10 17:00:52,DB,MTP
2022-05-10 17:00:52,MGB,MTP
2022-05-10 17:00:52,DB,MGB
2022-05-10 17:00:52,MTP,MWB
2022-05-10 17:00:52,DB,MWB
2022-05-10 17:00:53,MGB,MTP
2022-05-10 17:00:53,DB,MTP
2022-05-10 17:00:53,MTP,MWB
2022-05-10 17:00:53,DB,MGB
2022-05-10 17:00:53,DB,MWB
2022-05-10 17:00:54,DB,MWB
2022-05-10 17:00:54,DB,MGB
2022-05-10 17:00:54,DB,MTP
2022-05-10 17:00:54,MGB,MTP
2022-05-10 17:00:54,MTP,MWB
2022-05-10 17:00:55,MGB,MTP
2022-05-10 17:00:55,MTP,MWB
2022-05-10 17:00:55,DB,MTP
2022-05-10 17:00:55,DB,MWB
2022-05-10 17:00:55,DB,MGB
2022-05-10 17:00:56,DB,MTP
2022-05-10 17:00:56,MGB,MTP
2022-05-10 17:00:56,DB,MGB
2022-05-10 17:00:56,MTP,MWB
2022-05-10 17:00:56,DB,MWB
2022-05-10 17:00:57,DB,MGB
2022-05-10 17:00:57,MTP,MWB
2022-05-10 17:00:57,DB,MTP
2022-05-10 17:00:57,DB,MWB
2022-05-10 17:00:57,MGB,MTP
2022-05-10 17:00:58,DB,MWB
2022-05-10 17:00:58,DB,MTP
2022-05-10 17:00:58,DB,MGB
2022-05-10 17:00:58,MTP,MWB
2022-05-10 17:00:58,MGB,MTP
2022-05-10 17:00:59,DB,MGB
2022-05-10 17:00:59,MGB,MTP
2022-05-10 17:00:59,DB,MWB
2022-05-10 17:00:59,MTP,MWB
2022-05-10 17:00:59,DB,MTP
2022-05-10 17:01:00,DB,MGB
2022-05-10 17:01:00,MGB,MTP
2022-05-10 17:01:00,DB,MWB
2022-05-10 17:01:00,DB,MTP
2022-05-10 17:01:00,MTP,MWB
2022-05-10 17:01:01,DB,MTP
2022-05-10 17:01:01,DB,MWB
2022-05-10 17:01:01,MGB,MTP
2022-05-10 17:01:01,MTP,MWB
2022-05-10 17:01:01,DB,MGB
2022-05-10 17:01:02,MGB,MTP
2022-05-10 17:01:02,DB,MWB
2022-05-10 17:01:02,DB,MGB
2022-05-10 17:01:02,MTP,MWB
2022-05-10 17:01:02,DB,MTP
2022-05-10 17:01:03,DB,MTP
2022-05-10 17:01:03,DB,MGB
2022-05-10 17:01:03,DB,MWB
2022-05-10 17:01:03,MTP,MWB
2022-05-10 17:01:03,MGB,MTP
2022-05-10 17:01:04,DB,MTP
2022-05-10 17:01:04,DB,MGB
2022-05-10 17:01:04,MTP,MWB
2022-05-10 17:01:04,MGB,MTP
2022-05-10 17:01:04,DB,MWB
2022-05-10 17:01:05,DB,MWB
2022-05-10 17:01:05,MTP,MWB
2022-05-10 17:01:05,MGB,MTP
2022-05-10 17:01:05,DB,MTP
2022-05-10 17:01:05,DB,MGB
2022-05-10 17:01:06,DB,MGB
2022-05-10 17:01:06,MTP,MWB
2022-05-10 17:01:06,DB,MTP
2022-05-10 17:01:06,MGB,MTP
2022-05-10 17:01:06,DB,MWB
2022-05-10 17:01:07,DB,MWB
2022-05-10 17:01:07,DB,MGB
2022-05-10 17:01:07,MTP,MWB
2022-05-10 17:01:07,DB,MTP
2022-05-10 17:01:08,DB,MGB
2022-05-10 17:01:08,MTP,MWB
2022-05-10 17:01:08,DB,MWB
2022-05-10 17:01:08,DB,MTP
2022-05-10 17:01:09,DB,MTP
2022-05-10 17:01:09,DB,MGB
2022-05-10 17:01:09,DB,MWB
2022-05-10 17:01:09,MTP,MWB
2022-05-10 17:01:10,DB,MTP
2022-05-10 17:01:10,DB,MWB
2022-05-10 17:01:10,DB,MGB
2022-05-10 17:01:10,MTP,MWB
2022-05-10 17:01:11,MTP,MWB
2022-05-10 17:01:11,DB,MWB
2022-05-10 17:01:11,DB,MGB
2022-05-10 17:01:11,DB,MTP
2022-05-10 17:01:12,DB,MTP
2022-05-10 17:01:12,MTP,MWB
2022-05-10 17:01:12,DB,MGB
2022-05-10 17:01:12,DB,MWB
2022-05-10 17:01:13,MTP,MWB
2022-05-10 17:01:13,DB,MTP
2022-05-10 17:01:13,DB,MWB
2022-05-10 17:01:13,DB,MGB
2022-05-10 17:01:14,MTP,MWB
2022-05-10 17:01:14,DB,MGB
2022-05-10 17:01:14,DB,MTP
2022-05-10 17:01:14,DB,MWB
2022-05-10 17:01:15,DB,MGB
2022-05-10 17:01:15,DB,MWB
2022-05-10 17:01:15,DB,MTP
2022-05-10 17:01:15,MTP,MWB
2022-05-10 17:01:16,DB,MGB
2022-05-10 17:01:16,MTP,MWB
2022-05-10 17:01:16,DB,MWB
2022-05-10 17:01:16,DB,MTP
2022-05-10 17:01:17,DB,MWB
2022-05-10 17:01:17,DB,MGB
2022-05-10 17:01:17,DB,MTP
2022-05-10 17:01:17,MTP,MWB
2022-05-10 17:01:18,DB,MTP
2022-05-10 17:01:18,DB,MGB
2022-05-10 17:01:18,MTP,MWB
2022-05-10 17:01:18,DB,MWB
2022-05-10 17:01:19,DB,MGB
2022-05-10 17:01:19,DB,MTP
2022-05-10 17:01:19,MTP,MWB
2022-05-10 17:01:19,DB,MWB
2022-05-10 17:01:20,MTP,MWB
2022-05-10 17:01:20,DB,MGB
2022-05-10 17:01:20,DB,MWB
2022-05-10 17:01:20,DB,MTP
2022-05-10 17:01:21,DB,MWB
2022-05-10 17:01:21,DB,MTP
2022-05-10 17:01:21,MTP,MWB
2022-05-10 17:01:21,DB,MGB
2022-05-10 17:01:22,MTP,MWB
2022-05-10 17:01:22,DB,MTP
2022-05-10 17:01:22,DB,MGB
2022-05-10 17:01:22,DB,MWB
2022-05-10 17:01:23,MTP,MWB
2022-05-10 17:01:23,DB,MGB
2022-05-10 17:01:23,DB,MTP
2022-05-10 17:01:23,DB,MWB
2022-05-10 17:01:24,MTP,MWB
2022-05-10 17:01:24,DB,MGB
2022-05-10 17:01:24,DB,MWB
2022-05-10 17:01:24,DB,MTP
2022-05-10 17:01:25,MTP,MWB
2022-05-10 17:01:25,DB,MTP
2022-05-10 17:01:25,DB,MGB
2022-05-10 17:01:25,DB,MWB
2022-05-10 17:01:26,DB,MTP
2022-05-10 17:01:26,DB,MWB
2022-05-10 17:01:26,DB,MGB
2022-05-10 17:01:26,MTP,MWB
2022-05-10 17:01:27,DB,MTP
2022-05-10 17:01:27,DB,MWB
2022-05-10 17:01:27,MTP,MWB
2022-05-10 17:01:27,DB,MGB
2022-05-10 17:01:28,DB,MGB
2022-05-10 17:01:28,DB,MTP
2022-05-10 17:01:28,DB,MWB
2022-05-10 17:01:28,MTP,MWB
2022-05-10 17:01:29,DB,MTP
2022-05-10 17:01:29,DB,MGB
2022-05-10 17:01:29,DB,MWB
2022-05-10 17:01:29,MTP,MWB
2022-05-10 17:01:30,DB,MTP
2022-05-10 17:01:30,DB,MWB
2022-05-10 17:01:30,MTP,MWB
2022-05-10 17:01:30,DB,MGB
2022-05-10 17:01:31,DB,MTP
2022-05-10 17:01:31,DB,MWB
2022-05-10 17:01:31,DB,MGB
2022-05-10 17:01:31,MTP,MWB
2022-05-10 17:01:32,DB,MWB
2022-05-10 17:01:32,MTP,MWB
2022-05-10 17:01:32,DB,MGB
2022-05-10 17:01:32,DB,MTP
2022-05-10 17:01:33,DB,MGB
2022-05-10 17:01:33,DB,MWB
2022-05-10 17:01:33,MTP,MWB
2022-05-10 17:01:33,DB,MTP
2022-05-10 17:01:34,DB,MGB
2022-05-10 17:01:34,DB,MWB
2022-05-10 17:01:34,MTP,MWB
2022-05-10 17:01:34,DB,MTP
2022-05-10 17:01:35,DB,MWB
2022-05-10 17:01:35,DB,MGB
2022-05-10 17:01:35,DB,MTP
2022-05-10 17:01:35,MTP,MWB
2022-05-10 17:01:36,DB,MGB
2022-05-10 17:01:36,MTP,MWB
2022-05-10 17:01:36,DB,MWB
2022-05-10 17:01:36,DB,MTP
2022-05-10 17:01:37,MTP,MWB
2022-05-10 17:01:37,DB,MWB
2022-05-10 17:01:37,DB,MGB
2022-05-10 17:01:37,DB,MTP
2022-05-10 17:01:38,DB,MGB
2022-05-10 17:01:38,MTP,MWB
2022-05-10 17:01:38,DB,MWB
2022-05-10 17:01:38,DB,MTP
2022-05-10 17:01:39,DB,MGB
2022-05-10 17:01:39,MTP,MWB
2022-05-10 17:01:39,DB,MWB
2022-05-10 17:01:39,DB,MTP
2022-05-10 17:01:40,MTP,MWB
2022-05-10 17:01:40,DB,MWB
2022-05-10 17:01:40,DB,MGB
2022-05-10 17:01:40,DB,MTP
2022-05-10 17:01:41,DB,MTP
2022-05-10 17:01:41,DB,MGB
2022-05-10 17:01:41,MTP,MWB
2022-05-10 17:01:41,DB,MWB
2022-05-10 17:01:42,DB,MGB
2022-05-10 17:01:42,MTP,MWB
2022-05-10 17:01:42,DB,MWB
2022-05-10 17:01:42,DB,MTP
2022-05-10 17:01:43,DB,MTP
2022-05-10 17:01:43,DB,MGB
2022-05-10 17:01:43,DB,MWB
2022-05-10 17:01:43,MTP,MWB
2022-05-10 17:01:44,DB,MGB
2022-05-10 17:01:44,MTP,MWB
2022-05-10 17:01:44,DB,MWB
2022-05-10 17:01:44,DB,MTP
2022-05-10 17:01:45,DB,MWB
2022-05-10 17:01:45,DB,MTP
2022-05-10 17:01:45,DB,MGB
2022-05-10 17:01:45,MTP,MWB
2022-05-10 17:01:46,MTP,MWB
2022-05-10 17:01:46,DB,MGB
2022-05-10 17:01:46,DB,MTP
2022-05-10 17:01:46,DB,MWB
2022-05-10 17:01:47,DB,MWB
2022-05-10 17:01:47,MTP,MWB
2022-05-10 17:01:47,DB,MGB
2022-05-10 17:01:47,DB,MTP
2022-05-10 17:01:48,DB,MWB
2022-05-10 17:01:48,MTP,MWB
2022-05-10 17:01:48,DB,MGB
2022-05-10 17:01:48,DB,MTP
2022-05-10 17:01:49,MTP,MWB
2022-05-10 17:01:49,DB,MTP
2022-05-10 17:01:49,DB,MGB
2022-05-10 17:01:49,DB,MWB
2022-05-10 17:01:50,DB,MWB
2022-05-10 17:01:50,MTP,MWB
2022-05-10 17:01:50,DB,MGB
2022-05-10 17:01:50,DB,MTP
2022-05-10 17:01:51,MTP,MWB
2022-05-10 17:01:51,DB,MTP
2022-05-10 17:01:51,DB,MGB
2022-05-10 17:01:51,DB,MWB
2022-05-10 17:01:52,DB,MTP
2022-05-10 17:01:52,DB,MWB
2022-05-10 17:01:52,DB,MGB
2022-05-10 17:01:52,MTP,MWB
2022-05-10 17:01:53,DB,MTP
2022-05-10 17:01:53,DB,MGB
2022-05-10 17:01:53,DB,MWB
2022-05-10 17:01:53,MTP,MWB
2022-05-10 17:01:54,DB,MTP
2022-05-10 17:01:54,DB,MGB
2022-05-10 17:01:54,MTP,MWB
2022-05-10 17:01:54,DB,MWB
2022-05-10 17:01:55,DB,MWB
2022-05-10 17:01:55,DB,MGB
2022-05-10 17:01:55,MTP,MWB
2022-05-10 17:01:55,DB,MTP
2022-05-10 17:01:56,DB,MTP
2022-05-10 17:01:56,DB,MGB
2022-05-10 17:01:56,MTP,MWB
2022-05-10 17:01:56,DB,MWB
2022-05-10 17:01:57,DB,MGB
2022-05-10 17:01:57,MTP,MWB
2022-05-10 17:01:57,DB,MWB
2022-05-10 17:01:57,DB,MTP
2022-05-10 17:01:58,DB,MTP
2022-05-10 17:01:58,DB,MWB
2022-05-10 17:01:58,MTP,MWB
2022-05-10 17:01:58,DB,MGB
2022-05-10 17:01:59,MTP,MWB
2022-05-10 17:01:59,DB,MTP
2022-05-10 17:01:59,DB,MWB
2022-05-10 17:01:59,DB,MGB
2022-05-10 17:02:00,MTP,MWB
2022-05-10 17:02:00,DB,MGB
2022-05-10 17:02:00,DB,MTP
2022-05-10 17:02:00,DB,MWB
2022-05-10 17:02:01,DB,MTP
2022-05-10 17:02:01,MTP,MWB
2022-05-10 17:02:01,DB,MWB
2022-05-10 17:02:01,DB,MGB
2022-05-10 17:02:02,MTP,MWB
2022-05-10 17:02:02,DB,MWB
2022-05-10 17:02:02,DB,MTP
2022-05-10 17:02:02,DB,MGB
2022-05-10 17:02:03,DB,MTP
2022-05-10 17:02:03,DB,MWB
2022-05-10 17:02:03,MTP,MWB
2022-05-10 17:02:03,DB,MGB
2022-05-10 17:02:04,DB,MWB
2022-05-10 17:02:04,DB,MGB
2022-05-10 17:02:04,DB,MTP
2022-05-10 17:02:04,MTP,MWB
2022-05-10 17:02:05,MTP,MWB
2022-05-10 17:02:05,DB,MWB
2022-05-10 17:02:05,DB,MTP
2022-05-10 17:02:05,DB,MGB
2022-05-10 17:02:06,DB,MTP
2022-05-10 17:02:06,DB,MWB
2022-05-10 17:02:06,DB,MGB
2022-05-10 17:02:06,MTP,MWB
2022-05-10 17:02:07,DB,MGB
2022-05-10 17:02:07,DB,MTP
2022-05-10 17:02:07,MTP,MWB
2022-05-10 17:02:07,DB,MWB
2022-05-10 17:02:08,MTP,MWB
2022-05-10 17:02:08,DB,MGB
2022-05-10 17:02:08,DB,MWB
2022-05-10 17:02:08,DB,MTP
2022-05-10 17:02:09,MTP,MWB
2022-05-10 17:02:09,DB,MGB
2022-05-10 17:02:09,DB,MTP
2022-05-10 17:02:09,DB,MWB
2022-05-10 17:02:10,DB,MGB
2022-05-10 17:02:10,MTP,MWB
2022-05-10 17:02:10,DB,MTP
2022-05-10 17:02:10,DB,MWB
2022-05-10 17:02:11,MTP,MWB
2022-05-10 17:02:11,DB,MWB
2022-05-10 17:02:11,DB,MTP
2022-05-10 17:02:11,DB,MGB
2022-05-10 17:02:12,DB,MGB
2022-05-10 17:02:12,DB,MWB
2022-05-10 17:02:12,MTP,MWB
2022-05-10 17:02:12,DB,MTP
2022-05-10 17:02:13,DB,MGB
2022-05-10 17:02:13,MTP,MWB
2022-05-10 17:02:13,DB,MTP
2022-05-10 17:02:13,DB,MWB
2022-05-10 17:02:14,DB,MTP
2022-05-10 17:02:14,DB,MGB
2022-05-10 17:02:14,MTP,MWB
2022-05-10 17:02:14,DB,MWB
2022-05-10 17:02:15,MTP,MWB
2022-05-10 17:02:15,DB,MTP
2022-05-10 17:02:15,DB,MGB
2022-05-10 17:02:15,DB,MWB
2022-05-10 17:02:16,DB,MGB
2022-05-10 17:02:16,DB,MTP
2022-05-10 17:02:16,MTP,MWB
2022-05-10 17:02:16,DB,MWB
2022-05-10 17:02:17,DB,MWB
2022-05-10 17:02:17,DB,MTP
2022-05-10 17:02:17,DB,MGB
2022-05-10 17:02:17,MTP,MWB
2022-05-10 17:02:18,DB,MTP
2022-05-10 17:02:18,DB,MWB
2022-05-10 17:02:18,DB,MGB
2022-05-10 17:02:18,MTP,MWB
2022-05-10 17:02:19,MTP,MWB
2022-05-10 17:02:19,DB,MGB
2022-05-10 17:02:19,DB,MTP
2022-05-10 17:02:19,DB,MWB
2022-05-10 17:02:20,MTP,MWB
2022-05-10 17:02:20,DB,MTP
2022-05-10 17:02:20,DB,MWB
2022-05-10 17:02:20,DB,MGB
2022-05-10 17:02:21,DB,MTP
2022-05-10 17:02:21,MTP,MWB
2022-05-10 17:02:21,DB,MWB
2022-05-10 17:02:21,DB,MGB
2022-05-10 17:02:22,MTP,MWB
2022-05-10 17:02:22,DB,MTP
2022-05-10 17:02:22,DB,MGB
2022-05-10 17:02:22,DB,MWB
2022-05-10 17:02:23,MTP,MWB
2022-05-10 17:02:23,DB,MTP
2022-05-10 17:02:23,DB,MGB
2022-05-10 17:02:24,DB,MTP
2022-05-10 17:02:24,MTP,MWB
2022-05-10 17:02:24,DB,MGB
2022-05-10 17:02:25,DB,MTP
2022-05-10 17:02:25,MTP,MWB
2022-05-10 17:02:25,DB,MGB
2022-05-10 17:02:26,MTP,MWB
2022-05-10 17:02:26,DB,MGB
2022-05-10 17:02:27,MTP,MWB
2022-05-10 17:02:27,DB,MGB
2022-05-10 17:02:28,MTP,MWB
2022-05-10 17:02:28,DB,MGB
2022-05-10 17:02:29,MTP,MWB
2022-05-10 17:02:29,DB,MGB
2022-05-10 17:02:30,MTP,MWB
2022-05-10 17:02:30,DB,MGB
2022-05-10 17:02:31,MTP,MWB
2022-05-10 17:02:31,DB,MGB
2022-05-10 17:02:32,MTP,MWB
2022-05-10 17:02:32,DB,MGB
2022-05-10 17:02:33,MTP,MWB
2022-05-10 17:02:33,DB,MGB
2022-05-10 17:02:34,DB,MGB
2022-05-10 17:02:34,MTP,MWB
2022-05-10 17:02:35,MTP,MWB
2022-05-10 17:02:35,DB,MGB
2022-05-10 17:02:36,MTP,MWB
2022-05-10 17:02:36,DB,MGB
2022-05-10 17:02:37,MTP,MWB
2022-05-10 17:02:37,DB,MGB
2022-05-10 17:02:38,MTP,MWB
2022-05-10 17:02:38,DB,MGB
2022-05-10 17:02:39,DB,MGB
2022-05-10 17:02:39,MTP,MWB
2022-05-10 17:02:40,DB,MGB
2022-05-10 17:02:40,MTP,MWB
2022-05-10 17:02:41,DB,MGB
2022-05-10 17:02:41,MTP,MWB
2022-05-10 17:02:42,DB,MGB
2022-05-10 17:02:42,MTP,MWB
2022-05-10 17:02:43,DB,MGB
2022-05-10 17:02:43,MTP,MWB
2022-05-10 17:02:44,MTP,MWB
2022-05-10 17:02:44,DB,MGB
2022-05-10 17:02:45,DB,MGB
2022-05-10 17:02:45,MTP,MWB
2022-05-10 17:02:46,DB,MGB
2022-05-10 17:02:46,MTP,MWB
2022-05-10 17:02:47,DB,MGB
2022-05-10 17:02:47,MTP,MWB
2022-05-10 17:02:48,MTP,MWB
2022-05-10 17:02:48,DB,MGB
2022-05-10 17:02:49,DB,MGB
2022-05-10 17:02:49,MTP,MWB
2022-05-10 17:02:50,DB,MGB
2022-05-10 17:02:50,MTP,MWB
2022-05-10 17:02:51,DB,MGB
2022-05-10 17:02:51,MTP,MWB
2022-05-10 17:02:52,DB,MGB
2022-05-10 17:02:52,MTP,MWB
2022-05-10 17:02:53,DB,MGB
2022-05-10 17:02:53,MTP,MWB
2022-05-10 17:02:54,DB,MGB
2022-05-10 17:02:54,MTP,MWB
2022-05-10 17:02:55,MTP,MWB
2022-05-10 17:02:55,DB,MGB
2022-05-10 17:02:56,DB,MGB
2022-05-10 17:02:56,MTP,MWB
2022-05-10 17:02:57,MTP,MWB
2022-05-10 17:02:57,DB,MGB
2022-05-10 17:02:58,MTP,MWB
2022-05-10 17:02:58,DB,MGB
2022-05-10 17:02:59,MTP,MWB
2022-05-10 17:02:59,DB,MGB
2022-05-10 17:03:00,DB,MGB
2022-05-10 17:03:00,MTP,MWB
2022-05-10 17:03:01,DB,MGB
2022-05-10 17:03:01,MTP,MWB
2022-05-10 17:03:02,DB,MGB
2022-05-10 17:03:02,MTP,MWB
2022-05-10 17:03:03,DB,MGB
2022-05-10 17:03:03,MTP,MWB
2022-05-10 17:03:04,MTP,MWB
2022-05-10 17:03:04,DB,MGB
2022-05-10 17:03:05,MTP,MWB
2022-05-10 17:03:05,DB,MGB
2022-05-10 17:03:06,DB,MGB
2022-05-10 17:03:06,MTP,MWB
2022-05-10 17:03:07,DB,MGB
2022-05-10 17:03:07,MTP,MWB
2022-05-10 17:03:08,MTP,MWB
2022-05-10 17:03:08,DB,MGB
2022-05-10 17:03:09,MTP,MWB
2022-05-10 17:03:09,DB,MGB
2022-05-10 17:03:10,DB,MGB
2022-05-10 17:03:10,MTP,MWB
2022-05-10 17:03:11,DB,MGB
2022-05-10 17:03:11,MTP,MWB
2022-05-10 17:03:12,DB,MGB
2022-05-10 17:03:12,MTP,MWB
2022-05-10 17:03:13,MTP,MWB
2022-05-10 17:03:13,DB,MGB
2022-05-10 17:03:14,MTP,MWB
2022-05-10 17:03:14,DB,MGB
2022-05-10 17:03:15,MTP,MWB
2022-05-10 17:03:15,DB,MGB
2022-05-10 17:03:16,MTP,MWB
2022-05-10 17:03:16,DB,MGB
2022-05-10 17:03:17,DB,MGB
2022-05-10 17:03:17,MTP,MWB
2022-05-10 17:03:18,DB,MGB
2022-05-10 17:03:18,MTP,MWB
2022-05-10 17:03:19,DB,MGB
2022-05-10 17:03:19,MTP,MWB
2022-05-10 17:03:20,DB,MGB
2022-05-10 17:03:20,MTP,MWB
2022-05-10 17:03:21,MTP,MWB
2022-05-10 17:03:21,DB,MGB
2022-05-10 17:03:22,DB,MGB
2022-05-10 17:03:22,MTP,MWB
2022-05-10 17:03:23,DB,MGB
2022-05-10 17:03:23,MTP,MWB
2022-05-10 17:03:24,DB,MGB
2022-05-10 17:03:24,MTP,MWB
2022-05-10 17:03:25,MTP,MWB
2022-05-10 17:03:25,DB,MGB
2022-05-10 17:03:26,MTP,MWB
2022-05-10 17:03:26,DB,MGB
2022-05-10 17:03:27,MTP,MWB
2022-05-10 17:03:27,DB,MGB
2022-05-10 17:03:28,MTP,MWB
2022-05-10 17:03:28,DB,MGB
2022-05-10 17:03:29,DB,MGB
2022-05-10 17:03:29,MTP,MWB
2022-05-10 17:03:30,DB,MGB
2022-05-10 17:03:30,MTP,MWB
2022-05-10 17:03:31,DB,MGB
2022-05-10 17:03:31,MTP,MWB
2022-05-10 17:03:32,DB,MGB
2022-05-10 17:03:32,MTP,MWB
2022-05-10 17:03:33,DB,MGB
2022-05-10 17:03:33,MTP,MWB
2022-05-10 17:03:34,DB,MGB
2022-05-10 17:03:34,MTP,MWB
2022-05-10 17:03:35,MTP,MWB
2022-05-10 17:03:35,DB,MGB
2022-05-10 17:03:36,MTP,MWB
2022-05-10 17:03:36,DB,MGB
2022-05-10 17:03:37,MTP,MWB
2022-05-10 17:03:37,DB,MGB
2022-05-10 17:03:38,MTP,MWB
2022-05-10 17:03:38,DB,MGB
2022-05-10 17:03:39,DB,MGB
2022-05-10 17:03:39,MTP,MWB
2022-05-10 17:03:40,DB,MGB
2022-05-10 17:03:40,MTP,MWB
2022-05-10 17:03:41,DB,MGB
2022-05-10 17:03:41,MTP,MWB
2022-05-10 17:03:42,DB,MGB
2022-05-10 17:03:42,MTP,MWB
2022-05-10 17:03:43,DB,MGB
2022-05-10 17:03:43,MTP,MWB
2022-05-10 17:03:44,MTP,MWB
2022-05-10 17:03:44,DB,MGB
2022-05-10 17:03:45,DB,MGB
2022-05-10 17:03:45,MTP,MWB
2022-05-10 17:03:46,DB,MGB
2022-05-10 17:03:46,MTP,MWB
2022-05-10 17:03:47,DB,MGB
2022-05-10 17:03:47,MTP,MWB
2022-05-10 17:03:48,MTP,MWB
2022-05-10 17:03:48,DB,MGB
2022-05-10 17:03:49,MTP,MWB
2022-05-10 17:03:49,DB,MGB
2022-05-10 17:03:50,MTP,MWB
2022-05-10 17:03:50,DB,MGB
2022-05-10 17:03:51,MTP,MWB
2022-05-10 17:03:51,DB,MGB
2022-05-10 17:03:52,MTP,MWB
2022-05-10 17:03:52,DB,MGB
2022-05-10 17:03:53,DB,MGB
2022-05-10 17:03:53,MTP,MWB
2022-05-10 17:03:54,MTP,MWB
2022-05-10 17:03:54,DB,MGB
2022-05-10 17:03:55,MTP,MWB
2022-05-10 17:03:55,DB,MGB
2022-05-10 17:03:56,MTP,MWB
2022-05-10 17:03:56,DB,MGB
2022-05-10 17:03:57,MTP,MWB
2022-05-10 17:03:57,DB,MGB
2022-05-10 17:03:58,MTP,MWB
2022-05-10 17:03:58,DB,MGB
2022-05-10 17:03:59,MTP,MWB
2022-05-10 17:03:59,DB,MGB
2022-05-10 17:04:00,MTP,MWB
2022-05-10 17:04:00,DB,MGB
2022-05-10 17:04:01,DB,MGB
2022-05-10 17:04:01,MTP,MWB
2022-05-10 17:04:02,MTP,MWB
2022-05-10 17:04:02,DB,MGB
2022-05-10 17:04:03,MTP,MWB
2022-05-10 17:04:03,DB,MGB
2022-05-10 17:04:04,MTP,MWB
2022-05-10 17:04:04,DB,MGB
2022-05-10 17:04:05,DB,MGB
2022-05-10 17:04:05,MTP,MWB
2022-05-10 17:04:06,MTP,MWB
2022-05-10 17:04:06,DB,MGB
2022-05-10 17:04:07,MTP,MWB
2022-05-10 17:04:07,DB,MGB
2022-05-10 17:04:08,MTP,MWB
2022-05-10 17:04:08,DB,MGB
2022-05-10 17:04:09,DB,MGB
2022-05-10 17:04:09,MTP,MWB
2022-05-10 17:04:10,MTP,MWB
2022-05-10 17:04:10,DB,MGB
2022-05-10 17:04:11,MTP,MWB
2022-05-10 17:04:11,DB,MGB
2022-05-10 17:04:12,MTP,MWB
2022-05-10 17:04:12,DB,MGB
2022-05-10 17:04:13,DB,MGB
2022-05-10 17:04:13,MTP,MWB
2022-05-10 17:04:14,DB,MGB
2022-05-10 17:04:14,MTP,MWB
2022-05-10 17:04:15,DB,MGB
2022-05-10 17:04:15,MTP,MWB
2022-05-10 17:04:16,DB,MGB
2022-05-10 17:04:16,MTP,MWB
2022-05-10 17:04:17,MTP,MWB
2022-05-10 17:04:17,DB,MGB
2022-05-10 17:04:18,MTP,MWB
2022-05-10 17:04:18,DB,MGB
2022-05-10 17:04:19,DB,MGB
2022-05-10 17:04:19,MTP,MWB
2022-05-10 17:04:20,MTP,MWB
2022-05-10 17:04:20,DB,MGB
2022-05-10 17:04:21,MTP,MWB
2022-05-10 17:04:21,DB,MGB
2022-05-10 17:04:22,DB,MGB
2022-05-10 17:04:22,MTP,MWB
2022-05-10 17:04:23,MTP,MWB
2022-05-10 17:04:23,DB,MGB
2022-05-10 17:04:24,MTP,MWB
2022-05-10 17:04:24,DB,MGB
2022-05-10 17:04:25,DB,MGB
2022-05-10 17:04:25,MTP,MWB
2022-05-10 17:04:26,MTP,MWB
2022-05-10 17:04:26,DB,MGB
2022-05-10 17:04:27,MTP,MWB
2022-05-10 17:04:27,DB,MGB
2022-05-10 17:04:28,MTP,MWB
2022-05-10 17:04:28,DB,MGB
2022-05-10 17:04:29,DB,MGB
2022-05-10 17:04:29,MTP,MWB
2022-05-10 17:04:30,MTP,MWB
2022-05-10 17:04:30,DB,MGB
2022-05-10 17:04:31,MTP,MWB
2022-05-10 17:04:31,DB,MGB
2022-05-10 17:04:32,DB,MGB
2022-05-10 17:04:32,MTP,MWB
2022-05-10 17:04:33,MTP,MWB
2022-05-10 17:04:33,DB,MGB
2022-05-10 17:04:34,DB,MGB
2022-05-10 17:04:34,MTP,MWB
2022-05-10 17:04:35,MTP,MWB
2022-05-10 17:04:35,DB,MGB
2022-05-10 17:04:36,DB,MGB
2022-05-10 17:04:36,MTP,MWB
2022-05-10 17:04:37,DB,MGB
2022-05-10 17:04:37,MGB,MWB
2022-05-10 17:04:37,MTP,MWB
2022-05-10 17:04:38,MGB,MWB
2022-05-10 17:04:38,MTP,MWB
2022-05-10 17:04:38,DB,MGB
2022-05-10 17:04:39,DB,MGB
2022-05-10 17:04:39,MTP,MWB
2022-05-10 17:04:39,MGB,MWB
2022-05-10 17:04:40,MTP,MWB
2022-05-10 17:04:40,MGB,MWB
2022-05-10 17:04:40,DB,MGB
2022-05-10 17:04:41,DB,MGB
2022-05-10 17:04:41,MGB,MWB
2022-05-10 17:04:41,MTP,MWB
2022-05-10 17:04:42,MGB,MWB
2022-05-10 17:04:42,DB,MGB
2022-05-10 17:04:42,MTP,MWB
2022-05-10 17:04:43,MGB,MWB
2022-05-10 17:04:43,DB,MGB
2022-05-10 17:04:43,MTP,MWB
2022-05-10 17:04:44,MGB,MWB
2022-05-10 17:04:44,DB,MGB
2022-05-10 17:04:44,MTP,MWB
2022-05-10 17:04:45,MGB,MWB
2022-05-10 17:04:45,DB,MGB
2022-05-10 17:04:45,MTP,MWB
2022-05-10 17:04:46,MTP,MWB
2022-05-10 17:04:46,DB,MGB
2022-05-10 17:04:46,MGB,MWB
2022-05-10 17:04:47,MTP,MWB
2022-05-10 17:04:47,DB,MGB
2022-05-10 17:04:47,MGB,MWB
2022-05-10 17:04:48,MTP,MWB
2022-05-10 17:04:48,DB,MGB
2022-05-10 17:04:48,MGB,MWB
2022-05-10 17:04:49,DB,MGB
2022-05-10 17:04:49,MGB,MWB
2022-05-10 17:04:49,MTP,MWB
2022-05-10 17:04:50,DB,MGB
2022-05-10 17:04:50,MGB,MWB
2022-05-10 17:04:50,MTP,MWB
2022-05-10 17:04:51,DB,MGB
2022-05-10 17:04:51,MTP,MWB
2022-05-10 17:04:52,DB,MGB
2022-05-10 17:04:52,MTP,MWB
2022-05-10 17:04:53,MTP,MWB
2022-05-10 17:04:53,DB,MGB
2022-05-10 17:04:54,MTP,MWB
2022-05-10 17:04:55,MTP,MWB
2022-05-10 17:04:56,MTP,MWB
2022-05-10 17:04:57,MTP,MWB
2022-05-10 17:04:58,MTP,MWB
2022-05-10 17:04:59,MTP,MWB
2022-05-10 17:05:00,MTP,MWB
2022-05-10 17:05:01,MTP,MWB
2022-05-10 17:05:02,MTP,MWB
2022-05-10 17:05:03,MTP,MWB
2022-05-10 17:05:04,MTP,MWB
2022-05-10 17:05:05,MTP,MWB
2022-05-10 17:05:06,MTP,MWB
2022-05-10 17:05:07,MTP,MWB
2022-05-10 17:05:08,MTP,MWB
2022-05-10 17:05:09,MTP,MWB
2022-05-10 17:05:10,MTP,MWB
2022-05-10 17:05:11,MTP,MWB
2022-05-10 17:05:12,MTP,MWB
2022-05-10 17:05:13,MTP,MWB
2022-05-10 17:05:14,MTP,MWB
2022-05-10 17:05:15,MTP,MWB
2022-05-10 17:05:16,MTP,MWB
2022-05-10 17:05:17,MTP,MWB
2022-05-10 17:05:18,MTP,MWB
2022-05-10 17:05:19,MTP,MWB
2022-05-10 17:05:20,MTP,MWB
2022-05-10 17:05:21,MTP,MWB
2022-05-10 17:05:22,MTP,MWB
2022-05-10 17:05:23,MTP,MWB
2022-05-10 17:05:24,MTP,MWB
2022-05-10 17:05:25,MTP,MWB
2022-05-10 17:05:26,MTP,MWB
2022-05-10 17:05:27,MTP,MWB
2022-05-10 17:05:28,MTP,MWB
2022-05-10 17:05:29,MTP,MWB
2022-05-10 17:05:30,MTP,MWB
2022-05-10 17:05:31,MTP,MWB
2022-05-10 17:05:32,MTP,MWB
2022-05-10 17:05:33,MTP,MWB
2022-05-10 17:05:34,MTP,MWB
2022-05-10 17:05:35,MTP,MWB
2022-05-10 17:05:36,MTP,MWB
2022-05-10 17:05:37,MTP,MWB
2022-05-10 17:05:38,MTP,MWB
2022-05-10 17:05:39,MTP,MWB
2022-05-10 17:05:40,MTP,MWB
2022-05-10 17:05:41,MTP,MWB
2022-05-10 17:05:42,MTP,MWB
2022-05-10 17:05:43,MTP,MWB
2022-05-10 17:05:44,MTP,MWB
2022-05-10 17:05:44,DB,MWB
2022-05-10 17:05:45,MTP,MWB
2022-05-10 17:05:45,DB,MWB
2022-05-10 17:05:46,DB,MWB
2022-05-10 17:05:46,MTP,MWB
2022-05-10 17:05:47,DB,MWB
2022-05-10 17:05:47,MTP,MWB
2022-05-10 17:05:48,DB,MWB
2022-05-10 17:05:48,MTP,MWB
2022-05-10 17:05:49,MTP,MWB
2022-05-10 17:05:49,DB,MWB
2022-05-10 17:05:50,MTP,MWB
2022-05-10 17:05:50,DB,MWB
2022-05-10 17:05:51,DB,MWB
2022-05-10 17:05:51,MTP,MWB
2022-05-10 17:05:52,MTP,MWB
2022-05-10 17:05:52,DB,MWB
2022-05-10 17:05:53,MTP,MWB
2022-05-10 17:05:53,DB,MWB
2022-05-10 17:05:54,MTP,MWB
2022-05-10 17:05:54,DB,MWB
2022-05-10 17:05:55,MTP,MWB
2022-05-10 17:05:55,DB,MWB
2022-05-10 17:05:56,DB,MWB
2022-05-10 17:05:56,MTP,MWB
2022-05-10 17:05:57,MTP,MWB
2022-05-10 17:05:57,DB,MWB
2022-05-10 17:05:58,DB,MWB
2022-05-10 17:05:58,MTP,MWB
2022-05-10 17:05:59,MTP,MWB
2022-05-10 17:05:59,DB,MWB
2022-05-10 17:06:00,MTP,MWB
2022-05-10 17:06:00,DB,MWB
2022-05-10 17:06:01,DB,MWB
2022-05-10 17:06:01,MTP,MWB
2022-05-10 17:06:02,DB,MWB
2022-05-10 17:06:02,MTP,MWB
2022-05-10 17:06:03,DB,MWB
2022-05-10 17:06:03,MTP,MWB
2022-05-10 17:06:04,MTP,MWB
2022-05-10 17:06:04,DB,MWB
2022-05-10 17:06:05,MTP,MWB
2022-05-10 17:06:05,DB,MWB
2022-05-10 17:06:06,DB,MWB
2022-05-10 17:06:06,MTP,MWB
2022-05-10 17:06:07,DB,MWB
2022-05-10 17:06:07,MTP,MWB
2022-05-10 17:06:08,DB,MWB
2022-05-10 17:06:08,MTP,MWB
2022-05-10 17:06:09,MTP,MWB
2022-05-10 17:06:09,DB,MWB
2022-05-10 17:06:10,DB,MTP
2022-05-10 17:06:10,DB,MWB
2022-05-10 17:06:10,MTP,MWB
2022-05-10 17:06:11,DB,MTP
2022-05-10 17:06:11,MTP,MWB
2022-05-10 17:06:11,DB,MWB
2022-05-10 17:06:12,MTP,MWB
2022-05-10 17:06:12,DB,MWB
2022-05-10 17:06:12,DB,MTP
2022-05-10 17:06:13,DB,MWB
2022-05-10 17:06:13,DB,MTP
2022-05-10 17:06:13,MTP,MWB
2022-05-10 17:06:14,MTP,MWB
2022-05-10 17:06:14,DB,MWB
2022-05-10 17:06:14,DB,MTP
2022-05-10 17:06:15,MTP,MWB
2022-05-10 17:06:15,DB,MTP
2022-05-10 17:06:15,DB,MWB
2022-05-10 17:06:16,DB,MTP
2022-05-10 17:06:16,MTP,MWB
2022-05-10 17:06:16,DB,MWB
2022-05-10 17:06:17,DB,MWB
2022-05-10 17:06:17,DB,MTP
2022-05-10 17:06:17,MTP,MWB
2022-05-10 17:06:18,DB,MTP
2022-05-10 17:06:18,MTP,MWB
2022-05-10 17:06:18,DB,MWB
2022-05-10 17:06:19,MTP,MWB
2022-05-10 17:06:19,DB,MWB
2022-05-10 17:06:19,DB,MTP
2022-05-10 17:06:20,DB,MWB
2022-05-10 17:06:20,DB,MTP
2022-05-10 17:06:20,MTP,MWB
2022-05-10 17:06:21,DB,MTP
2022-05-10 17:06:21,DB,MWB
2022-05-10 17:06:21,MTP,MWB
2022-05-10 17:06:22,MTP,MWB
2022-05-10 17:06:22,DB,MWB
2022-05-10 17:06:22,DB,MTP
2022-05-10 17:06:23,DB,MTP
2022-05-10 17:06:23,MTP,MWB
2022-05-10 17:06:23,DB,MWB
2022-05-10 17:06:24,MTP,MWB
2022-05-10 17:06:24,DB,MWB
2022-05-10 17:06:24,DB,MTP
2022-05-10 17:06:25,MTP,MWB
2022-05-10 17:06:25,DB,MWB
2022-05-10 17:06:25,DB,MTP
2022-05-10 17:06:26,MTP,MWB
2022-05-10 17:06:26,DB,MWB
2022-05-10 17:06:26,DB,MTP
2022-05-10 17:06:27,MTP,MWB
2022-05-10 17:06:27,DB,MWB
2022-05-10 17:06:27,DB,MTP
2022-05-10 17:06:28,MTP,MWB
2022-05-10 17:06:28,DB,MTP
2022-05-10 17:06:28,DB,MWB
2022-05-10 17:06:29,MTP,MWB
2022-05-10 17:06:29,DB,MTP
2022-05-10 17:06:29,DB,MWB
2022-05-10 17:06:30,MTP,MWB
2022-05-10 17:06:30,DB,MTP
2022-05-10 17:06:30,DB,MWB
2022-05-10 17:06:31,DB,MTP
2022-05-10 17:06:31,DB,MWB
2022-05-10 17:06:31,MTP,MWB
2022-05-10 17:06:32,DB,MWB
2022-05-10 17:06:32,DB,MTP
2022-05-10 17:06:32,MTP,MWB
2022-05-10 17:06:33,DB,MWB
2022-05-10 17:06:33,MTP,MWB
2022-05-10 17:06:33,DB,MTP
2022-05-10 17:06:34,DB,MTP
2022-05-10 17:06:34,DB,MWB
2022-05-10 17:06:34,MTP,MWB
2022-05-10 17:06:35,DB,MTP
2022-05-10 17:06:35,DB,MWB
2022-05-10 17:06:35,MTP,MWB
2022-05-10 17:06:36,DB,MTP
2022-05-10 17:06:36,MTP,MWB
2022-05-10 17:06:36,DB,MWB
2022-05-10 17:06:37,DB,MTP
2022-05-10 17:06:37,DB,MWB
2022-05-10 17:06:37,MTP,MWB
2022-05-10 17:06:38,DB,MTP
2022-05-10 17:06:38,DB,MWB
2022-05-10 17:06:38,MTP,MWB
2022-05-10 17:06:39,MTP,MWB
2022-05-10 17:06:39,DB,MWB
2022-05-10 17:06:39,DB,MTP
2022-05-10 17:06:40,DB,MTP
2022-05-10 17:06:40,DB,MWB
2022-05-10 17:06:40,MTP,MWB
2022-05-10 17:06:41,DB,MTP
2022-05-10 17:06:41,DB,MWB
2022-05-10 17:06:41,MTP,MWB
2022-05-10 17:06:42,DB,MWB
2022-05-10 17:06:42,MTP,MWB
2022-05-10 17:06:42,DB,MTP
2022-05-10 17:06:43,MTP,MWB
2022-05-10 17:06:43,DB,MWB
2022-05-10 17:06:43,DB,MTP
2022-05-10 17:06:44,DB,MTP
2022-05-10 17:06:44,MTP,MWB
2022-05-10 17:06:44,DB,MWB
2022-05-10 17:06:45,DB,MTP
2022-05-10 17:06:45,MTP,MWB
2022-05-10 17:06:45,DB,MWB
2022-05-10 17:06:46,DB,MTP
2022-05-10 17:06:46,MTP,MWB
2022-05-10 17:06:46,DB,MWB
2022-05-10 17:06:47,MTP,MWB
2022-05-10 17:06:47,DB,MTP
2022-05-10 17:06:47,DB,MWB
2022-05-10 17:06:48,DB,MTP
2022-05-10 17:06:48,DB,MWB
2022-05-10 17:06:48,MTP,MWB
2022-05-10 17:06:49,DB,MWB
2022-05-10 17:06:49,DB,MTP
2022-05-10 17:06:49,MTP,MWB
2022-05-10 17:06:50,DB,MWB
2022-05-10 17:06:50,DB,MTP
2022-05-10 17:06:50,MTP,MWB
2022-05-10 17:06:51,DB,MTP
2022-05-10 17:06:51,MTP,MWB
2022-05-10 17:06:51,DB,MWB
2022-05-10 17:06:52,MTP,MWB
2022-05-10 17:06:52,DB,MWB
2022-05-10 17:06:52,DB,MTP
2022-05-10 17:06:53,DB,MWB
2022-05-10 17:06:53,DB,MTP
2022-05-10 17:06:53,MTP,MWB
2022-05-10 17:06:54,MTP,MWB
2022-05-10 17:06:54,DB,MTP
2022-05-10 17:06:54,DB,MWB
2022-05-10 17:06:55,DB,MWB
2022-05-10 17:06:55,DB,MTP
2022-05-10 17:06:55,MTP,MWB
2022-05-10 17:06:56,MTP,MWB
2022-05-10 17:06:56,DB,MTP
2022-05-10 17:06:56,DB,MWB
2022-05-10 17:06:57,DB,MWB
2022-05-10 17:06:57,DB,MTP
2022-05-10 17:06:57,MTP,MWB
2022-05-10 17:06:58,DB,MWB
2022-05-10 17:06:58,DB,MTP
2022-05-10 17:06:58,MTP,MWB
2022-05-10 17:06:59,DB,MTP
2022-05-10 17:06:59,DB,MWB
2022-05-10 17:06:59,MTP,MWB
2022-05-10 17:07:00,DB,MWB
2022-05-10 17:07:00,MTP,MWB
2022-05-10 17:07:00,DB,MTP
2022-05-10 17:07:01,DB,MWB
2022-05-10 17:07:01,MTP,MWB
2022-05-10 17:07:01,DB,MTP
2022-05-10 17:07:02,DB,MWB
2022-05-10 17:07:02,MTP,MWB
2022-05-10 17:07:02,DB,MTP
2022-05-10 17:07:03,MTP,MWB
2022-05-10 17:07:03,DB,MWB
2022-05-10 17:07:03,DB,MTP
2022-05-10 17:07:04,DB,MTP
2022-05-10 17:07:04,MTP,MWB
2022-05-10 17:07:04,DB,MWB
2022-05-10 17:07:05,MTP,MWB
2022-05-10 17:07:05,DB,MTP
2022-05-10 17:07:05,DB,MWB
2022-05-10 17:07:06,DB,MTP
2022-05-10 17:07:06,DB,MWB
2022-05-10 17:07:06,MTP,MWB
2022-05-10 17:07:07,DB,MTP
2022-05-10 17:07:07,MTP,MWB
2022-05-10 17:07:07,DB,MWB
2022-05-10 17:07:08,DB,MTP
2022-05-10 17:07:08,MTP,MWB
2022-05-10 17:07:08,DB,MWB
2022-05-10 17:07:09,DB,MWB
2022-05-10 17:07:09,DB,MTP
2022-05-10 17:07:09,MTP,MWB
2022-05-10 17:07:10,MTP,MWB
2022-05-10 17:07:10,DB,MTP
2022-05-10 17:07:10,DB,MWB
2022-05-10 17:07:11,DB,MTP
2022-05-10 17:07:11,DB,MWB
2022-05-10 17:07:11,MTP,MWB
2022-05-10 17:07:12,MTP,MWB
2022-05-10 17:07:12,DB,MTP
2022-05-10 17:07:12,DB,MWB
2022-05-10 17:07:13,MTP,MWB
2022-05-10 17:07:13,DB,MWB
2022-05-10 17:07:13,DB,MTP
2022-05-10 17:07:14,DB,MWB
2022-05-10 17:07:14,DB,MTP
2022-05-10 17:07:14,MTP,MWB
2022-05-10 17:07:15,DB,MWB
2022-05-10 17:07:15,MTP,MWB
2022-05-10 17:07:15,DB,MTP
2022-05-10 17:07:16,MTP,MWB
2022-05-10 17:07:16,DB,MWB
2022-05-10 17:07:16,DB,MTP
2022-05-10 17:07:17,DB,MWB
2022-05-10 17:07:17,MTP,MWB
2022-05-10 17:07:17,DB,MTP
2022-05-10 17:07:18,DB,MWB
2022-05-10 17:07:18,MTP,MWB
2022-05-10 17:07:18,DB,MTP
2022-05-10 17:07:19,MTP,MWB
2022-05-10 17:07:19,DB,MTP
2022-05-10 17:07:19,DB,MWB
2022-05-10 17:07:20,MTP,MWB
2022-05-10 17:07:20,DB,MTP
2022-05-10 17:07:20,DB,MWB
2022-05-10 17:07:21,DB,MWB
2022-05-10 17:07:21,MTP,MWB
2022-05-10 17:07:21,DB,MTP
2022-05-10 17:07:22,DB,MTP
2022-05-10 17:07:22,MTP,MWB
2022-05-10 17:07:22,DB,MWB
2022-05-10 17:07:23,DB,MTP
2022-05-10 17:07:23,MTP,MWB
2022-05-10 17:07:23,DB,MWB
2022-05-10 17:07:24,DB,MTP
2022-05-10 17:07:24,MTP,MWB
2022-05-10 17:07:24,DB,MWB
2022-05-10 17:07:25,DB,MWB
2022-05-10 17:07:25,MTP,MWB
2022-05-10 17:07:25,DB,MTP
2022-05-10 17:07:26,DB,MTP
2022-05-10 17:07:26,MTP,MWB
2022-05-10 17:07:26,DB,MWB
2022-05-10 17:07:27,DB,MWB
2022-05-10 17:07:27,DB,MTP
2022-05-10 17:07:27,MTP,MWB
2022-05-10 17:07:28,DB,MWB
2022-05-10 17:07:28,DB,MTP
2022-05-10 17:07:28,MTP,MWB
2022-05-10 17:07:29,DB,MWB
2022-05-10 17:07:29,MTP,MWB
2022-05-10 17:07:29,DB,MTP
2022-05-10 17:07:30,MTP,MWB
2022-05-10 17:07:30,DB,MTP
2022-05-10 17:07:30,DB,MWB
2022-05-10 17:07:31,MTP,MWB
2022-05-10 17:07:31,DB,MTP
2022-05-10 17:07:31,DB,MWB
2022-05-10 17:07:32,MTP,MWB
2022-05-10 17:07:32,DB,MTP
2022-05-10 17:07:32,DB,MWB
2022-05-10 17:07:33,MTP,MWB
2022-05-10 17:07:33,DB,MTP
2022-05-10 17:07:33,DB,MWB
2022-05-10 17:07:34,MTP,MWB
2022-05-10 17:07:34,DB,MWB
2022-05-10 17:07:34,DB,MTP
2022-05-10 17:07:35,DB,MWB
2022-05-10 17:07:35,MTP,MWB
2022-05-10 17:07:35,DB,MTP
2022-05-10 17:07:36,DB,MWB
2022-05-10 17:07:36,MTP,MWB
2022-05-10 17:07:36,DB,MTP
2022-05-10 17:07:37,DB,MWB
2022-05-10 17:07:37,MTP,MWB
2022-05-10 17:07:37,DB,MTP
2022-05-10 17:07:38,DB,MWB
2022-05-10 17:07:38,MTP,MWB
2022-05-10 17:07:38,DB,MTP
2022-05-10 17:07:39,MTP,MWB
2022-05-10 17:07:39,DB,MTP
2022-05-10 17:07:39,DB,MWB
2022-05-10 17:07:40,DB,MTP
2022-05-10 17:07:40,DB,MWB
2022-05-10 17:07:40,MTP,MWB
2022-05-10 17:07:41,DB,MTP
2022-05-10 17:07:41,DB,MWB
2022-05-10 17:07:41,MTP,MWB
2022-05-10 17:07:42,DB,MTP
2022-05-10 17:07:42,DB,MWB
2022-05-10 17:07:42,MTP,MWB
2022-05-10 17:07:43,DB,MTP
2022-05-10 17:07:43,DB,MWB
2022-05-10 17:07:43,MTP,MWB
2022-05-10 17:07:44,DB,MWB
2022-05-10 17:07:44,MTP,MWB
2022-05-10 17:07:44,DB,MTP
2022-05-10 17:07:45,MTP,MWB
2022-05-10 17:07:45,DB,MWB
2022-05-10 17:07:45,DB,MTP
2022-05-10 17:07:46,MTP,MWB
2022-05-10 17:07:46,DB,MWB
2022-05-10 17:07:46,DB,MTP
2022-05-10 17:07:47,DB,MWB
2022-05-10 17:07:47,DB,MTP
2022-05-10 17:07:47,MTP,MWB
2022-05-10 17:07:48,DB,MTP
2022-05-10 17:07:48,MTP,MWB
2022-05-10 17:07:48,DB,MWB
2022-05-10 17:07:49,DB,MTP
2022-05-10 17:07:49,MTP,MWB
2022-05-10 17:07:49,DB,MWB
2022-05-10 17:07:50,DB,MTP
2022-05-10 17:07:50,DB,MWB
2022-05-10 17:07:50,MTP,MWB
2022-05-10 17:07:51,DB,MWB
2022-05-10 17:07:51,MTP,MWB
2022-05-10 17:07:51,DB,MTP
2022-05-10 17:07:52,DB,MWB
2022-05-10 17:07:52,MTP,MWB
2022-05-10 17:07:52,DB,MTP
2022-05-10 17:07:53,DB,MWB
2022-05-10 17:07:53,MTP,MWB
2022-05-10 17:07:53,DB,MTP
2022-05-10 17:07:54,DB,MWB
2022-05-10 17:07:54,MTP,MWB
2022-05-10 17:07:54,DB,MTP
2022-05-10 17:07:55,DB,MWB
2022-05-10 17:07:55,DB,MTP
2022-05-10 17:07:55,MTP,MWB
2022-05-10 17:07:56,MTP,MWB
2022-05-10 17:07:56,DB,MWB
2022-05-10 17:07:56,DB,MTP
2022-05-10 17:07:57,DB,MTP
2022-05-10 17:07:57,MTP,MWB
2022-05-10 17:07:57,DB,MWB
2022-05-10 17:07:58,DB,MWB
2022-05-10 17:07:58,DB,MTP
2022-05-10 17:07:58,MTP,MWB
2022-05-10 17:07:59,MTP,MWB
2022-05-10 17:07:59,DB,MTP
2022-05-10 17:07:59,DB,MWB
2022-05-10 17:08:00,DB,MWB
2022-05-10 17:08:00,DB,MTP
2022-05-10 17:08:00,MTP,MWB
2022-05-10 17:08:01,DB,MWB
2022-05-10 17:08:01,DB,MTP
2022-05-10 17:08:01,MTP,MWB
2022-05-10 17:08:02,MTP,MWB
2022-05-10 17:08:02,DB,MTP
2022-05-10 17:08:02,DB,MWB
2022-05-10 17:08:03,MTP,MWB
2022-05-10 17:08:03,DB,MTP
2022-05-10 17:08:03,DB,MWB
2022-05-10 17:08:04,MTP,MWB
2022-05-10 17:08:04,DB,MWB
2022-05-10 17:08:04,DB,MTP
2022-05-10 17:08:05,MTP,MWB
2022-05-10 17:08:05,DB,MWB
2022-05-10 17:08:05,DB,MTP
2022-05-10 17:08:06,DB,MWB
2022-05-10 17:08:06,DB,MTP
2022-05-10 17:08:06,MTP,MWB
2022-05-10 17:08:07,MTP,MWB
2022-05-10 17:08:07,DB,MWB
2022-05-10 17:08:07,DB,MTP
2022-05-10 17:08:08,DB,MTP
2022-05-10 17:08:08,DB,MWB
2022-05-10 17:08:08,MTP,MWB
2022-05-10 17:08:09,DB,MWB
2022-05-10 17:08:09,DB,MTP
2022-05-10 17:08:09,MTP,MWB
2022-05-10 17:08:10,DB,MWB
2022-05-10 17:08:10,MTP,MWB
2022-05-10 17:08:10,DB,MTP
2022-05-10 17:08:11,MTP,MWB
2022-05-10 17:08:11,DB,MTP
2022-05-10 17:08:11,DB,MWB
2022-05-10 17:08:12,DB,MWB
2022-05-10 17:08:12,MTP,MWB
2022-05-10 17:08:12,DB,MTP
2022-05-10 17:08:13,DB,MWB
2022-05-10 17:08:13,MTP,MWB
2022-05-10 17:08:13,DB,MTP
2022-05-10 17:08:14,DB,MTP
2022-05-10 17:08:14,DB,MWB
2022-05-10 17:08:14,MTP,MWB
2022-05-10 17:08:15,DB,MWB
2022-05-10 17:08:15,MTP,MWB
2022-05-10 17:08:15,DB,MTP
2022-05-10 17:08:16,DB,MTP
2022-05-10 17:08:16,DB,MWB
2022-05-10 17:08:16,MTP,MWB
2022-05-10 17:08:17,DB,MTP
2022-05-10 17:08:17,DB,MWB
2022-05-10 17:08:17,MTP,MWB
2022-05-10 17:08:18,DB,MTP
2022-05-10 17:08:18,DB,MWB
2022-05-10 17:08:18,MTP,MWB
2022-05-10 17:08:19,DB,MWB
2022-05-10 17:08:19,DB,MTP
2022-05-10 17:08:19,MTP,MWB
2022-05-10 17:08:20,MTP,MWB
2022-05-10 17:08:20,DB,MTP
2022-05-10 17:08:20,DB,MWB
2022-05-10 17:08:21,MTP,MWB
2022-05-10 17:08:21,DB,MTP
2022-05-10 17:08:21,DB,MWB
2022-05-10 17:08:22,MTP,MWB
2022-05-10 17:08:22,DB,MTP
2022-05-10 17:08:22,DB,MWB
2022-05-10 17:08:23,MTP,MWB
2022-05-10 17:08:23,DB,MTP
2022-05-10 17:08:23,DB,MWB
2022-05-10 17:08:24,MTP,MWB
2022-05-10 17:08:24,DB,MTP
2022-05-10 17:08:24,DB,MWB
2022-05-10 17:08:25,MTP,MWB
2022-05-10 17:08:25,DB,MTP
2022-05-10 17:08:25,DB,MWB
2022-05-10 17:08:26,DB,MWB
2022-05-10 17:08:26,DB,MTP
2022-05-10 17:08:26,MTP,MWB
2022-05-10 17:08:27,MTP,MWB
2022-05-10 17:08:27,DB,MTP
2022-05-10 17:08:27,DB,MWB
2022-05-10 17:08:28,DB,MTP
2022-05-10 17:08:28,DB,MWB
2022-05-10 17:08:28,MTP,MWB
2022-05-10 17:08:29,DB,MWB
2022-05-10 17:08:29,MTP,MWB
2022-05-10 17:08:29,DB,MTP
2022-05-10 17:08:30,MTP,MWB
2022-05-10 17:08:30,DB,MTP
2022-05-10 17:08:30,DB,MWB
2022-05-10 17:08:31,MTP,MWB
2022-05-10 17:08:31,DB,MTP
2022-05-10 17:08:31,DB,MWB
2022-05-10 17:08:32,MTP,MWB
2022-05-10 17:08:32,DB,MTP
2022-05-10 17:08:32,DB,MWB
2022-05-10 17:08:33,DB,MTP
2022-05-10 17:08:33,DB,MWB
2022-05-10 17:08:33,MTP,MWB
2022-05-10 17:08:34,DB,MTP
2022-05-10 17:08:34,DB,MWB
2022-05-10 17:08:34,MTP,MWB
2022-05-10 17:08:35,DB,MTP
2022-05-10 17:08:35,MTP,MWB
2022-05-10 17:08:35,DB,MWB
2022-05-10 17:08:36,DB,MWB
2022-05-10 17:08:36,DB,MTP
2022-05-10 17:08:36,MTP,MWB
2022-05-10 17:08:37,DB,MWB
2022-05-10 17:08:37,DB,MTP
2022-05-10 17:08:37,MTP,MWB
2022-05-10 17:08:38,DB,MTP
2022-05-10 17:08:38,MTP,MWB
2022-05-10 17:08:38,DB,MWB
2022-05-10 17:08:39,DB,MWB
2022-05-10 17:08:39,DB,MTP
2022-05-10 17:08:39,MTP,MWB
2022-05-10 17:08:40,MTP,MWB
2022-05-10 17:08:40,DB,MWB
2022-05-10 17:08:40,DB,MTP
2022-05-10 17:08:41,MTP,MWB
2022-05-10 17:08:41,DB,MTP
2022-05-10 17:08:41,DB,MWB
2022-05-10 17:08:42,DB,MTP
2022-05-10 17:08:42,DB,MWB
2022-05-10 17:08:42,MTP,MWB
2022-05-10 17:08:43,DB,MTP
2022-05-10 17:08:43,DB,MWB
2022-05-10 17:08:43,MTP,MWB
2022-05-10 17:08:44,DB,MTP
2022-05-10 17:08:44,DB,MWB
2022-05-10 17:08:44,MTP,MWB
2022-05-10 17:08:45,MTP,MWB
2022-05-10 17:08:45,DB,MWB
2022-05-10 17:08:45,DB,MTP
2022-05-10 17:08:46,MTP,MWB
2022-05-10 17:08:46,DB,MWB
2022-05-10 17:08:46,DB,MTP
2022-05-10 17:08:47,DB,MTP
2022-05-10 17:08:47,MTP,MWB
2022-05-10 17:08:47,DB,MWB
2022-05-10 17:08:48,MTP,MWB
2022-05-10 17:08:48,DB,MWB
2022-05-10 17:08:48,DB,MTP
2022-05-10 17:08:49,MTP,MWB
2022-05-10 17:08:49,DB,MWB
2022-05-10 17:08:49,DB,MTP
2022-05-10 17:08:50,DB,MWB
2022-05-10 17:08:50,MTP,MWB
2022-05-10 17:08:50,DB,MTP
2022-05-10 17:08:51,MTP,MWB
2022-05-10 17:08:51,DB,MTP
2022-05-10 17:08:51,DB,MWB
2022-05-10 17:08:52,DB,MTP
2022-05-10 17:08:52,DB,MWB
2022-05-10 17:08:52,MTP,MWB
2022-05-10 17:08:53,DB,MTP
2022-05-10 17:08:53,DB,MWB
2022-05-10 17:08:53,MTP,MWB
2022-05-10 17:08:54,MTP,MWB
2022-05-10 17:08:54,DB,MTP
2022-05-10 17:08:54,DB,MWB
2022-05-10 17:08:55,DB,MTP
2022-05-10 17:08:55,DB,MWB
2022-05-10 17:08:55,MTP,MWB
2022-05-10 17:08:56,MTP,MWB
2022-05-10 17:08:56,DB,MWB
2022-05-10 17:08:56,DB,MTP
2022-05-10 17:08:57,MTP,MWB
2022-05-10 17:08:57,DB,MWB
2022-05-10 17:08:57,DB,MTP
2022-05-10 17:08:58,MTP,MWB
2022-05-10 17:08:58,DB,MWB
2022-05-10 17:08:58,DB,MTP
2022-05-10 17:08:59,MTP,MWB
2022-05-10 17:08:59,DB,MWB
2022-05-10 17:08:59,DB,MTP
2022-05-10 17:09:00,DB,MWB
2022-05-10 17:09:00,DB,MTP
2022-05-10 17:09:00,MTP,MWB
2022-05-10 17:09:01,DB,MWB
2022-05-10 17:09:01,MTP,MWB
2022-05-10 17:09:01,DB,MTP
2022-05-10 17:09:02,MTP,MWB
2022-05-10 17:09:02,DB,MWB
2022-05-10 17:09:02,DB,MTP
2022-05-10 17:09:03,DB,MWB
2022-05-10 17:09:03,DB,MTP
2022-05-10 17:09:03,MTP,MWB
2022-05-10 17:09:04,DB,MWB
2022-05-10 17:09:04,DB,MTP
2022-05-10 17:09:04,MTP,MWB
2022-05-10 17:09:05,DB,MTP
2022-05-10 17:09:05,DB,MWB
2022-05-10 17:09:05,MTP,MWB
2022-05-10 17:09:06,DB,MTP
2022-05-10 17:09:06,DB,MWB
2022-05-10 17:09:06,MTP,MWB
2022-05-10 17:09:07,DB,MTP
2022-05-10 17:09:07,DB,MWB
2022-05-10 17:09:07,MTP,MWB
2022-05-10 17:09:08,MTP,MWB
2022-05-10 17:09:08,DB,MTP
2022-05-10 17:09:08,DB,MWB
2022-05-10 17:09:09,DB,MTP
2022-05-10 17:09:09,MTP,MWB
2022-05-10 17:09:09,DB,MWB
2022-05-10 17:09:10,DB,MWB
2022-05-10 17:09:10,DB,MTP
2022-05-10 17:09:10,MTP,MWB
2022-05-10 17:09:11,DB,MTP
2022-05-10 17:09:11,DB,MWB
2022-05-10 17:09:11,MTP,MWB
2022-05-10 17:09:12,DB,MWB
2022-05-10 17:09:12,DB,MTP
2022-05-10 17:09:12,MTP,MWB
2022-05-10 17:09:13,DB,MWB
2022-05-10 17:09:13,MTP,MWB
2022-05-10 17:09:13,DB,MTP
2022-05-10 17:09:14,DB,MTP
2022-05-10 17:09:14,MTP,MWB
2022-05-10 17:09:14,DB,MWB
2022-05-10 17:09:15,MTP,MWB
2022-05-10 17:09:15,DB,MTP
2022-05-10 17:09:15,DB,MWB
2022-05-10 17:09:16,DB,MTP
2022-05-10 17:09:16,DB,MWB
2022-05-10 17:09:16,MTP,MWB
2022-05-10 17:09:17,DB,MTP
2022-05-10 17:09:17,DB,MWB
2022-05-10 17:09:17,MTP,MWB
2022-05-10 17:09:18,DB,MWB
2022-05-10 17:09:18,DB,MTP
2022-05-10 17:09:18,MTP,MWB
2022-05-10 17:09:19,DB,MWB
2022-05-10 17:09:19,DB,MTP
2022-05-10 17:09:19,MTP,MWB
2022-05-10 17:09:20,MTP,MWB
2022-05-10 17:09:20,DB,MTP
2022-05-10 17:09:20,DB,MWB
2022-05-10 17:09:21,DB,MTP
2022-05-10 17:09:21,MTP,MWB
2022-05-10 17:09:21,DB,MWB
2022-05-10 17:09:22,DB,MTP
2022-05-10 17:09:22,MTP,MWB
2022-05-10 17:09:22,DB,MWB
2022-05-10 17:09:23,DB,MTP
2022-05-10 17:09:23,MTP,MWB
2022-05-10 17:09:23,DB,MWB
2022-05-10 17:09:24,MTP,MWB
2022-05-10 17:09:24,DB,MTP
2022-05-10 17:09:24,DB,MWB
2022-05-10 17:09:25,MTP,MWB
2022-05-10 17:09:25,DB,MWB
2022-05-10 17:09:25,DB,MTP
2022-05-10 17:09:26,DB,MWB
2022-05-10 17:09:26,MTP,MWB
2022-05-10 17:09:26,DB,MTP
2022-05-10 17:09:27,DB,MTP
2022-05-10 17:09:27,DB,MWB
2022-05-10 17:09:27,MTP,MWB
2022-05-10 17:09:28,MTP,MWB
2022-05-10 17:09:28,DB,MTP
2022-05-10 17:09:28,DB,MWB
2022-05-10 17:09:29,MTP,MWB
2022-05-10 17:09:29,DB,MTP
2022-05-10 17:09:29,DB,MWB
2022-05-10 17:09:30,DB,MTP
2022-05-10 17:09:30,DB,MWB
2022-05-10 17:09:30,MTP,MWB
2022-05-10 17:09:31,MTP,MWB
2022-05-10 17:09:31,DB,MTP
2022-05-10 17:09:31,DB,MWB
2022-05-10 17:09:32,MTP,MWB
2022-05-10 17:09:32,DB,MTP
2022-05-10 17:09:32,DB,MWB
2022-05-10 17:09:33,MTP,MWB
2022-05-10 17:09:33,DB,MTP
2022-05-10 17:09:33,DB,MWB
2022-05-10 17:09:34,MTP,MWB
2022-05-10 17:09:34,DB,MTP
2022-05-10 17:09:34,DB,MWB
2022-05-10 17:09:35,DB,MWB
2022-05-10 17:09:35,DB,MTP
2022-05-10 17:09:35,MTP,MWB
2022-05-10 17:09:36,MTP,MWB
2022-05-10 17:09:36,DB,MTP
2022-05-10 17:09:36,DB,MWB
2022-05-10 17:09:37,DB,MWB
2022-05-10 17:09:37,DB,MTP
2022-05-10 17:09:37,MTP,MWB
2022-05-10 17:09:38,DB,MTP
2022-05-10 17:09:38,DB,MWB
2022-05-10 17:09:38,MTP,MWB
2022-05-10 17:09:39,MTP,MWB
2022-05-10 17:09:39,DB,MWB
2022-05-10 17:09:39,DB,MTP
2022-05-10 17:09:40,MTP,MWB
2022-05-10 17:09:40,DB,MWB
2022-05-10 17:09:40,DB,MTP
2022-05-10 17:09:41,DB,MWB
2022-05-10 17:09:41,DB,MTP
2022-05-10 17:09:41,MTP,MWB
2022-05-10 17:09:42,MTP,MWB
2022-05-10 17:09:42,DB,MWB
2022-05-10 17:09:42,DB,MTP
2022-05-10 17:09:43,DB,MWB
2022-05-10 17:09:43,MTP,MWB
2022-05-10 17:09:43,DB,MTP
2022-05-10 17:09:44,DB,MWB
2022-05-10 17:09:44,MTP,MWB
2022-05-10 17:09:44,DB,MTP
2022-05-10 17:09:45,MTP,MWB
2022-05-10 17:09:45,DB,MWB
2022-05-10 17:09:45,DB,MTP
2022-05-10 17:09:46,MTP,MWB
2022-05-10 17:09:46,DB,MTP
2022-05-10 17:09:46,DB,MWB
2022-05-10 17:09:47,MTP,MWB
2022-05-10 17:09:47,DB,MWB
2022-05-10 17:09:47,DB,MTP
2022-05-10 17:09:48,DB,MWB
2022-05-10 17:09:48,DB,MTP
2022-05-10 17:09:48,MTP,MWB
2022-05-10 17:09:49,DB,MWB
2022-05-10 17:09:49,DB,MTP
2022-05-10 17:09:49,MTP,MWB
2022-05-10 17:09:50,DB,MTP
2022-05-10 17:09:50,DB,MWB
2022-05-10 17:09:50,MTP,MWB
2022-05-10 17:09:51,DB,MWB
2022-05-10 17:09:51,DB,MTP
2022-05-10 17:09:51,MTP,MWB
2022-05-10 17:09:52,DB,MWB
2022-05-10 17:09:52,DB,MTP
2022-05-10 17:09:52,MTP,MWB
2022-05-10 17:09:53,DB,MTP
2022-05-10 17:09:53,MTP,MWB
2022-05-10 17:09:53,DB,MWB
2022-05-10 17:09:54,DB,MWB
2022-05-10 17:09:54,MTP,MWB
2022-05-10 17:09:54,DB,MTP
2022-05-10 17:09:55,MTP,MWB
2022-05-10 17:09:55,DB,MWB
2022-05-10 17:09:55,DB,MTP
2022-05-10 17:09:56,DB,MTP
2022-05-10 17:09:56,DB,MWB
2022-05-10 17:09:56,MTP,MWB
2022-05-10 17:09:57,DB,MWB
2022-05-10 17:09:57,MTP,MWB
2022-05-10 17:09:57,DB,MTP
2022-05-10 17:09:58,DB,MTP
2022-05-10 17:09:58,MTP,MWB
2022-05-10 17:09:58,DB,MWB
2022-05-10 17:09:59,DB,MWB
